0.00000 982.4
0.00001 982.4
0.00002 982.4
0.00003 982.4
0.00004 982.4
0.00005 982.4
0.00006 982.4
0.00007 982.4
0.00008 982.4
0.00009 982.4
0.00010 982.4
0.00011 982.4
0.00012 982.4
0.00013 982.4
0.00014 982.4
0.00015 982.4
0.00016 982.4
0.00017 982.4
0.00018 982.4
0.00019 982.4
0.00020 982.4
0.00021 982.4
0.00022 982.4
0.00023 982.4
0.00024 982.4
0.00025 982.4
0.00026 982.4
0.00027 982.4
0.00028 982.4
0.00029 982.4
0.00030 982.4
0.00031 982.4
0.00032 982.4
0.00033 982.4
0.00034 982.4
0.00035 982.4
0.00036 982.4
0.00037 982.4
0.00038 982.4
0.00039 982.4
0.00040 982.4
0.00041 982.4
0.00042 982.4
0.00043 982.4
0.00044 982.4
0.00045 982.4
0.00046 982.4
0.00047 982.4
0.00048 982.4
0.00049 982.4
0.00050 982.4
0.00051 982.4
0.00052 982.4
0.00053 982.4
0.00054 982.4
0.00055 982.4
0.00056 982.4
0.00057 982.4
0.00058 982.4
0.00059 982.4
0.00060 982.4
0.00061 982.4
0.00062 982.4
0.00063 982.4
0.00064 982.4
0.00065 982.4
0.00066 982.4
0.00067 982.4
0.00068 982.4
0.00069 982.4
0.00070 982.4
0.00071 982.4
0.00072 982.4
0.00073 982.4
0.00074 982.4
0.00075 982.4
0.00076 982.4
0.00077 982.4
0.00078 982.4
0.00079 982.4
0.00080 982.4
0.00081 982.4
0.00082 982.4
0.00083 982.4
0.00084 982.4
0.00085 982.4
0.00086 982.4
0.00087 982.4
0.00088 982.4
0.00089 982.4
0.00090 982.4
0.00091 982.4
0.00092 982.4
0.00093 982.4
0.00094 982.4
0.00095 982.4
0.00096 982.4
0.00097 982.4
0.00098 982.4
0.00099 982.4
0.00100 982.4
0.00101 1006.0
0.00102 1030.0
0.00103 1054.6
0.00104 1079.7
0.00105 1105.3
0.00106 1131.5
0.00107 1158.1
0.00108 1185.4
0.00109 1213.1
0.00110 1241.5
0.00111 1270.4
0.00112 1300.0
0.00113 1330.1
0.00114 1360.9
0.00115 1392.3
0.00116 1424.3
0.00117 1457.0
0.00118 1490.4
0.00119 1524.5
0.00120 1559.3
0.00121 1594.9
0.00122 1631.3
0.00123 1668.5
0.00124 1706.5
0.00125 1745.4
0.00126 1785.3
0.00127 1826.2
0.00128 1868.1
0.00129 1911.2
0.00130 1955.5
0.00131 2001.1
0.00132 2048.2
0.00133 2096.9
0.00134 2147.3
0.00135 2199.6
0.00136 2254.1
0.00137 2311.1
0.00138 2370.8
0.00139 2433.6
0.00140 2500.0
0.00141 2570.5
0.00142 2645.6
0.00143 2726.2
0.00144 2813.2
0.00145 2907.5
0.00146 3010.6
0.00147 3124.0
0.00148 3249.7
0.00149 3389.9
0.00150 3547.8
0.00151 3640.0
0.00152 3751.4
0.00153 3885.0
0.00154 4044.4
0.00155 4234.0
0.00156 4459.0
0.00157 4725.7
0.00158 5041.8
0.00159 5415.9
0.00160 5857.7
0.00161 6377.3
0.00162 6983.6
0.00163 7682.2
0.00164 8472.4
0.00165 9343.1
0.00166 10270.4
0.00167 11218.8
0.00168 12147.1
0.00169 13017.2
0.00170 13801.5
0.00171 14486.2
0.00172 15068.9
0.00173 15554.5
0.00174 15952.0
0.00175 16271.0
0.00176 16521.1
0.00177 16710.7
0.00178 16846.9
0.00179 16935.9
0.00180 16982.9
0.00181 16992.0
0.00182 16967.0
0.00183 16910.7
0.00184 16825.8
0.00185 16714.4
0.00186 16578.4
0.00187 16419.5
0.00188 16239.2
0.00189 16039.0
0.00190 15820.1
0.00191 15583.8
0.00192 15331.3
0.00193 15063.8
0.00194 14782.6
0.00195 14488.8
0.00196 14183.7
0.00197 13868.5
0.00198 13544.6
0.00199 13213.0
0.00200 12875.2
0.00201 12532.4
0.00202 12185.7
0.00203 11836.6
0.00204 11486.2
0.00205 11135.6
0.00206 10786.0
0.00207 10438.4
0.00208 10094.0
0.00209 9753.7
0.00210 9418.3
0.00211 9088.6
0.00212 8765.5
0.00213 8449.5
0.00214 8141.3
0.00215 7841.2
0.00216 7549.8
0.00217 7267.4
0.00218 6994.2
0.00219 6730.4
0.00220 6476.1
0.00221 6231.4
0.00222 5996.3
0.00223 5770.8
0.00224 5554.6
0.00225 5347.8
0.00226 5150.0
0.00227 4961.1
0.00228 4780.9
0.00229 4609.0
0.00230 4445.3
0.00231 4289.3
0.00232 4140.9
0.00233 3999.7
0.00234 3865.3
0.00235 3737.6
0.00236 3616.1
0.00237 3500.6
0.00238 3390.8
0.00239 3286.4
0.00240 3187.2
0.00241 3092.7
0.00242 3002.9
0.00243 2917.4
0.00244 2836.0
0.00245 2758.5
0.00246 2684.7
0.00247 2614.3
0.00248 2547.2
0.00249 2483.1
0.00250 2422.0
0.00251 2363.6
0.00252 2307.8
0.00253 2254.5
0.00254 2203.5
0.00255 2154.7
0.00256 2107.9
0.00257 2063.2
0.00258 2020.2
0.00259 1979.1
0.00260 1939.6
0.00261 1901.7
0.00262 1865.4
0.00263 1830.4
0.00264 1796.9
0.00265 1764.6
0.00266 1733.6
0.00267 1703.8
0.00268 1675.1
0.00269 1647.6
0.00270 1621.0
0.00271 1595.5
0.00272 1571.0
0.00273 1547.3
0.00274 1524.6
0.00275 1502.7
0.00276 1481.6
0.00277 1461.4
0.00278 1441.8
0.00279 1423.1
0.00280 1405.0
0.00281 1387.6
0.00282 1370.8
0.00283 1354.7
0.00284 1339.2
0.00285 1324.3
0.00286 1309.9
0.00287 1296.1
0.00288 1282.8
0.00289 1270.0
0.00290 1257.7
0.00291 1245.9
0.00292 1234.5
0.00293 1223.5
0.00294 1213.0
0.00295 1202.8
0.00296 1193.0
0.00297 1183.6
0.00298 1174.6
0.00299 1165.8
0.00300 1157.4
0.00301 1149.4
0.00302 1141.6
0.00303 1134.1
0.00304 1126.8
0.00305 1119.9
0.00306 1113.2
0.00307 1106.7
0.00308 1100.5
0.00309 1094.5
0.00310 1088.7
0.00311 1083.1
0.00312 1077.7
0.00313 1072.5
0.00314 1067.5
0.00315 1062.6
0.00316 1058.0
0.00317 1053.4
0.00318 1049.1
0.00319 1044.9
0.00320 1040.8
0.00321 1036.9
0.00322 1033.1
0.00323 1029.4
0.00324 1025.9
0.00325 1022.5
0.00326 1019.1
0.00327 1015.9
0.00328 1012.8
0.00329 1009.8
0.00330 1006.9
0.00331 1004.1
0.00332 1001.4
0.00333 998.8
0.00334 996.2
0.00335 993.7
0.00336 991.4
0.00337 989.0
0.00338 986.8
0.00339 984.6
0.00340 982.5
0.00341 980.5
0.00342 978.5
0.00343 976.6
0.00344 974.7
0.00345 972.9
0.00346 971.1
0.00347 969.4
0.00348 967.8
0.00349 966.2
0.00350 964.6
0.00351 963.1
0.00352 961.7
0.00353 960.3
0.00354 958.9
0.00355 957.5
0.00356 956.2
0.00357 955.0
0.00358 953.7
0.00359 952.6
0.00360 951.4
0.00361 950.3
0.00362 949.2
0.00363 948.1
0.00364 947.1
0.00365 946.1
0.00366 945.1
0.00367 944.2
0.00368 943.2
0.00369 942.3
0.00370 941.5
0.00371 940.6
0.00372 939.8
0.00373 939.0
0.00374 938.2
0.00375 937.4
0.00376 936.7
0.00377 936.0
0.00378 935.3
0.00379 934.6
0.00380 933.9
0.00381 933.3
0.00382 932.7
0.00383 932.1
0.00384 931.5
0.00385 930.9
0.00386 930.3
0.00387 929.8
0.00388 929.2
0.00389 928.7
0.00390 928.2
0.00391 927.7
0.00392 927.2
0.00393 926.8
0.00394 926.3
0.00395 925.9
0.00396 925.4
0.00397 925.0
0.00398 924.6
0.00399 924.2
0.00400 923.8
0.00401 923.4
0.00402 923.1
0.00403 922.7
0.00404 922.4
0.00405 922.0
0.00406 921.7
0.00407 921.4
0.00408 921.1
0.00409 920.7
0.00410 920.4
0.00411 920.2
0.00412 919.9
0.00413 919.6
0.00414 919.3
0.00415 919.1
0.00416 918.8
0.00417 918.6
0.00418 918.3
0.00419 918.1
0.00420 917.8
0.00421 917.6
0.00422 917.4
0.00423 917.2
0.00424 917.0
0.00425 916.8
0.00426 916.6
0.00427 916.4
0.00428 916.2
0.00429 916.0
0.00430 915.9
0.00431 915.7
0.00432 915.5
0.00433 915.4
0.00434 915.2
0.00435 915.0
0.00436 914.9
0.00437 914.7
0.00438 914.6
0.00439 914.5
0.00440 914.3
0.00441 914.2
0.00442 914.1
0.00443 914.0
0.00444 913.8
0.00445 913.7
0.00446 913.6
0.00447 913.5
0.00448 913.4
0.00449 913.3
0.00450 913.2
0.00451 913.1
0.00452 913.0
0.00453 912.9
0.00454 912.8
0.00455 912.7
0.00456 912.7
0.00457 912.6
0.00458 912.5
0.00459 912.4
0.00460 912.4
0.00461 912.3
0.00462 912.2
0.00463 912.1
0.00464 912.1
0.00465 912.0
0.00466 912.0
0.00467 911.9
0.00468 911.9
0.00469 911.8
0.00470 911.8
0.00471 911.7
0.00472 911.7
0.00473 911.6
0.00474 911.6
0.00475 911.5
0.00476 911.5
0.00477 911.5
0.00478 911.4
0.00479 911.4
0.00480 911.3
0.00481 911.3
0.00482 911.3
0.00483 911.3
0.00484 911.2
0.00485 911.2
0.00486 911.2
0.00487 911.2
0.00488 911.1
0.00489 911.1
0.00490 911.1
0.00491 911.1
0.00492 911.1
0.00493 911.1
0.00494 911.0
0.00495 911.0
0.00496 911.0
0.00497 911.0
0.00498 911.0
0.00499 911.0
0.00500 911.0
0.00501 911.0
0.00502 911.0
0.00503 911.0
0.00504 911.0
0.00505 911.0
0.00506 911.0
0.00507 911.0
0.00508 911.0
0.00509 911.0
0.00510 911.0
0.00511 911.0
0.00512 911.0
0.00513 911.0
0.00514 911.0
0.00515 911.0
0.00516 911.1
0.00517 911.1
0.00518 911.1
0.00519 911.1
0.00520 911.1
0.00521 911.1
0.00522 911.1
0.00523 911.2
0.00524 911.2
0.00525 911.2
0.00526 911.2
0.00527 911.2
0.00528 911.2
0.00529 911.3
0.00530 911.3
0.00531 911.3
0.00532 911.3
0.00533 911.4
0.00534 911.4
0.00535 911.4
0.00536 911.4
0.00537 911.5
0.00538 911.5
0.00539 911.5
0.00540 911.5
0.00541 911.6
0.00542 911.6
0.00543 911.6
0.00544 911.6
0.00545 911.7
0.00546 911.7
0.00547 911.7
0.00548 911.8
0.00549 911.8
0.00550 911.8
0.00551 911.9
0.00552 911.9
0.00553 911.9
0.00554 912.0
0.00555 912.0
0.00556 912.0
0.00557 912.1
0.00558 912.1
0.00559 912.2
0.00560 912.2
0.00561 912.2
0.00562 912.3
0.00563 912.3
0.00564 912.4
0.00565 912.4
0.00566 912.4
0.00567 912.5
0.00568 912.5
0.00569 912.6
0.00570 912.6
0.00571 912.6
0.00572 912.7
0.00573 912.7
0.00574 912.8
0.00575 912.8
0.00576 912.9
0.00577 912.9
0.00578 912.9
0.00579 913.0
0.00580 913.0
0.00581 913.1
0.00582 913.1
0.00583 913.2
0.00584 913.2
0.00585 913.3
0.00586 913.3
0.00587 913.4
0.00588 913.4
0.00589 913.5
0.00590 913.5
0.00591 913.6
0.00592 913.6
0.00593 913.7
0.00594 913.7
0.00595 913.8
0.00596 913.8
0.00597 913.9
0.00598 913.9
0.00599 914.0
0.00600 914.0
0.00601 914.1
0.00602 914.1
0.00603 914.2
0.00604 914.2
0.00605 914.3
0.00606 914.3
0.00607 914.4
0.00608 914.4
0.00609 914.5
0.00610 914.5
0.00611 914.6
0.00612 914.6
0.00613 914.7
0.00614 914.8
0.00615 914.8
0.00616 914.9
0.00617 914.9
0.00618 915.0
0.00619 915.0
0.00620 915.1
0.00621 915.1
0.00622 915.2
0.00623 915.3
0.00624 915.3
0.00625 915.4
0.00626 915.4
0.00627 915.5
0.00628 915.5
0.00629 915.6
0.00630 915.7
0.00631 915.7
0.00632 915.8
0.00633 915.8
0.00634 915.9
0.00635 916.0
0.00636 916.0
0.00637 916.1
0.00638 916.1
0.00639 916.2
0.00640 916.3
0.00641 916.3
0.00642 916.4
0.00643 916.4
0.00644 916.5
0.00645 916.6
0.00646 916.6
0.00647 916.7
0.00648 916.7
0.00649 916.8
0.00650 916.9
0.00651 916.9
0.00652 917.0
0.00653 917.0
0.00654 917.1
0.00655 917.2
0.00656 917.2
0.00657 917.3
0.00658 917.4
0.00659 917.4
0.00660 917.5
0.00661 917.6
0.00662 917.6
0.00663 917.7
0.00664 917.7
0.00665 917.8
0.00666 917.9
0.00667 917.9
0.00668 918.0
0.00669 918.1
0.00670 918.1
0.00671 918.2
0.00672 918.3
0.00673 918.3
0.00674 918.4
0.00675 918.4
0.00676 918.5
0.00677 918.6
0.00678 918.6
0.00679 918.7
0.00680 918.8
0.00681 918.8
0.00682 918.9
0.00683 919.0
0.00684 919.0
0.00685 919.1
0.00686 919.2
0.00687 919.2
0.00688 919.3
0.00689 919.4
0.00690 919.4
0.00691 919.5
0.00692 919.6
0.00693 919.6
0.00694 919.7
0.00695 919.8
0.00696 919.8
0.00697 919.9
0.00698 920.0
0.00699 920.0
0.00700 920.1
0.00701 920.2
0.00702 920.2
0.00703 920.3
0.00704 920.4
0.00705 920.4
0.00706 920.5
0.00707 920.6
0.00708 920.6
0.00709 920.7
0.00710 920.8
0.00711 920.8
0.00712 920.9
0.00713 921.0
0.00714 921.0
0.00715 921.1
0.00716 921.2
0.00717 921.3
0.00718 921.3
0.00719 921.4
0.00720 921.5
0.00721 921.5
0.00722 921.6
0.00723 921.7
0.00724 921.7
0.00725 921.8
0.00726 921.9
0.00727 921.9
0.00728 922.0
0.00729 922.1
0.00730 922.1
0.00731 922.2
0.00732 922.3
0.00733 922.4
0.00734 922.4
0.00735 922.5
0.00736 922.6
0.00737 922.6
0.00738 922.7
0.00739 922.8
0.00740 922.8
0.00741 922.9
0.00742 923.0
0.00743 923.0
0.00744 923.1
0.00745 923.2
0.00746 923.3
0.00747 923.3
0.00748 923.4
0.00749 923.5
0.00750 923.5
0.00751 923.6
0.00752 923.7
0.00753 923.7
0.00754 923.8
0.00755 923.9
0.00756 924.0
0.00757 924.0
0.00758 924.1
0.00759 924.2
0.00760 924.2
0.00761 924.3
0.00762 924.4
0.00763 924.5
0.00764 924.5
0.00765 924.6
0.00766 924.7
0.00767 924.7
0.00768 924.8
0.00769 924.9
0.00770 924.9
0.00771 925.0
0.00772 925.1
0.00773 925.2
0.00774 925.2
0.00775 925.3
0.00776 925.4
0.00777 925.4
0.00778 925.5
0.00779 925.6
0.00780 925.7
0.00781 925.7
0.00782 925.8
0.00783 925.9
0.00784 925.9
0.00785 926.0
0.00786 926.1
0.00787 926.2
0.00788 926.2
0.00789 926.3
0.00790 926.4
0.00791 926.4
0.00792 926.5
0.00793 926.6
0.00794 926.7
0.00795 926.7
0.00796 926.8
0.00797 926.9
0.00798 926.9
0.00799 927.0
0.00800 927.1
0.00801 927.2
0.00802 927.2
0.00803 927.3
0.00804 927.4
0.00805 927.4
0.00806 927.5
0.00807 927.6
0.00808 927.7
0.00809 927.7
0.00810 927.8
0.00811 927.9
0.00812 927.9
0.00813 928.0
0.00814 928.1
0.00815 928.1
0.00816 928.2
0.00817 928.3
0.00818 928.4
0.00819 928.4
0.00820 928.5
0.00821 928.6
0.00822 928.6
0.00823 928.7
0.00824 928.8
0.00825 928.9
0.00826 928.9
0.00827 929.0
0.00828 929.1
0.00829 929.1
0.00830 929.2
0.00831 929.3
0.00832 929.4
0.00833 929.4
0.00834 929.5
0.00835 929.6
0.00836 929.6
0.00837 929.7
0.00838 929.8
0.00839 929.9
0.00840 929.9
0.00841 930.0
0.00842 930.1
0.00843 930.1
0.00844 930.2
0.00845 930.3
0.00846 930.4
0.00847 930.4
0.00848 930.5
0.00849 930.6
0.00850 930.6
0.00851 930.7
0.00852 930.8
0.00853 930.9
0.00854 930.9
0.00855 931.0
0.00856 931.1
0.00857 931.1
0.00858 931.2
0.00859 931.3
0.00860 931.3
0.00861 931.4
0.00862 931.5
0.00863 931.6
0.00864 931.6
0.00865 931.7
0.00866 931.8
0.00867 931.8
0.00868 931.9
0.00869 932.0
0.00870 932.1
0.00871 932.1
0.00872 932.2
0.00873 932.3
0.00874 932.3
0.00875 932.4
0.00876 932.5
0.00877 932.5
0.00878 932.6
0.00879 932.7
0.00880 932.8
0.00881 932.8
0.00882 932.9
0.00883 933.0
0.00884 933.0
0.00885 933.1
0.00886 933.2
0.00887 933.3
0.00888 933.3
0.00889 933.4
0.00890 933.5
0.00891 933.5
0.00892 933.6
0.00893 933.7
0.00894 933.7
0.00895 933.8
0.00896 933.9
0.00897 934.0
0.00898 934.0
0.00899 934.1
0.00900 934.2
0.00901 934.2
0.00902 934.3
0.00903 934.4
0.00904 934.4
0.00905 934.5
0.00906 934.6
0.00907 934.6
0.00908 934.7
0.00909 934.8
0.00910 934.9
0.00911 934.9
0.00912 935.0
0.00913 935.1
0.00914 935.1
0.00915 935.2
0.00916 935.3
0.00917 935.3
0.00918 935.4
0.00919 935.5
0.00920 935.5
0.00921 935.6
0.00922 935.7
0.00923 935.8
0.00924 935.8
0.00925 935.9
0.00926 936.0
0.00927 936.0
0.00928 936.1
0.00929 936.2
0.00930 936.2
0.00931 936.3
0.00932 936.4
0.00933 936.4
0.00934 936.5
0.00935 936.6
0.00936 936.6
0.00937 936.7
0.00938 936.8
0.00939 936.8
0.00940 936.9
0.00941 937.0
0.00942 937.0
0.00943 937.1
0.00944 937.2
0.00945 937.3
0.00946 937.3
0.00947 937.4
0.00948 937.5
0.00949 937.5
0.00950 937.6
0.00951 937.7
0.00952 937.7
0.00953 937.8
0.00954 937.9
0.00955 937.9
0.00956 938.0
0.00957 938.1
0.00958 938.1
0.00959 938.2
0.00960 938.3
0.00961 938.3
0.00962 938.4
0.00963 938.5
0.00964 938.5
0.00965 938.6
0.00966 938.7
0.00967 938.7
0.00968 938.8
0.00969 938.9
0.00970 938.9
0.00971 939.0
0.00972 939.1
0.00973 939.1
0.00974 939.2
0.00975 939.3
0.00976 939.3
0.00977 939.4
0.00978 939.5
0.00979 939.5
0.00980 939.6
0.00981 939.7
0.00982 939.7
0.00983 939.8
0.00984 939.9
0.00985 939.9
0.00986 940.0
0.00987 940.1
0.00988 940.1
0.00989 940.2
0.00990 940.3
0.00991 940.3
0.00992 940.4
0.00993 940.4
0.00994 940.5
0.00995 940.6
0.00996 940.6
0.00997 940.7
0.00998 940.8
0.00999 940.8
0.01000 940.9
0.01001 941.0
0.01002 941.0
0.01003 941.1
0.01004 941.2
0.01005 941.2
0.01006 941.3
0.01007 941.4
0.01008 941.4
0.01009 941.5
0.01010 941.5
0.01011 941.6
0.01012 941.7
0.01013 941.7
0.01014 941.8
0.01015 941.9
0.01016 941.9
0.01017 942.0
0.01018 942.1
0.01019 942.1
0.01020 942.2
0.01021 942.2
0.01022 942.3
0.01023 942.4
0.01024 942.4
0.01025 942.5
0.01026 942.6
0.01027 942.6
0.01028 942.7
0.01029 942.8
0.01030 942.8
0.01031 942.9
0.01032 942.9
0.01033 943.0
0.01034 943.1
0.01035 943.1
0.01036 943.2
0.01037 943.3
0.01038 943.3
0.01039 943.4
0.01040 943.4
0.01041 943.5
0.01042 943.6
0.01043 943.6
0.01044 943.7
0.01045 943.8
0.01046 943.8
0.01047 943.9
0.01048 943.9
0.01049 944.0
0.01050 944.1
0.01051 944.1
0.01052 944.2
0.01053 944.2
0.01054 944.3
0.01055 944.4
0.01056 944.4
0.01057 944.5
0.01058 944.6
0.01059 944.6
0.01060 944.7
0.01061 944.7
0.01062 944.8
0.01063 944.9
0.01064 944.9
0.01065 945.0
0.01066 945.0
0.01067 945.1
0.01068 945.2
0.01069 945.2
0.01070 945.3
0.01071 945.3
0.01072 945.4
0.01073 945.5
0.01074 945.5
0.01075 945.6
0.01076 945.6
0.01077 945.7
0.01078 945.8
0.01079 945.8
0.01080 945.9
0.01081 945.9
0.01082 946.0
0.01083 946.1
0.01084 946.1
0.01085 946.2
0.01086 946.2
0.01087 946.3
0.01088 946.4
0.01089 946.4
0.01090 946.5
0.01091 946.5
0.01092 946.6
0.01093 946.7
0.01094 946.7
0.01095 946.8
0.01096 946.8
0.01097 946.9
0.01098 946.9
0.01099 947.0
0.01100 947.1
0.01101 947.1
0.01102 947.2
0.01103 947.2
0.01104 947.3
0.01105 947.4
0.01106 947.4
0.01107 947.5
0.01108 947.5
0.01109 947.6
0.01110 947.6
0.01111 947.7
0.01112 947.8
0.01113 947.8
0.01114 947.9
0.01115 947.9
0.01116 948.0
0.01117 948.0
0.01118 948.1
0.01119 948.2
0.01120 948.2
0.01121 948.3
0.01122 948.3
0.01123 948.4
0.01124 948.4
0.01125 948.5
0.01126 948.6
0.01127 948.6
0.01128 948.7
0.01129 948.7
0.01130 948.8
0.01131 948.8
0.01132 948.9
0.01133 948.9
0.01134 949.0
0.01135 949.1
0.01136 949.1
0.01137 949.2
0.01138 949.2
0.01139 949.3
0.01140 949.3
0.01141 949.4
0.01142 949.4
0.01143 949.5
0.01144 949.6
0.01145 949.6
0.01146 949.7
0.01147 949.7
0.01148 949.8
0.01149 949.8
0.01150 949.9
0.01151 949.9
0.01152 950.0
0.01153 950.0
0.01154 950.1
0.01155 950.2
0.01156 950.2
0.01157 950.3
0.01158 950.3
0.01159 950.4
0.01160 950.4
0.01161 950.5
0.01162 950.5
0.01163 950.6
0.01164 950.6
0.01165 950.7
0.01166 950.7
0.01167 950.8
0.01168 950.9
0.01169 950.9
0.01170 951.0
0.01171 951.0
0.01172 951.1
0.01173 951.1
0.01174 951.2
0.01175 951.2
0.01176 951.3
0.01177 951.3
0.01178 951.4
0.01179 951.4
0.01180 951.5
0.01181 951.5
0.01182 951.6
0.01183 951.6
0.01184 951.7
0.01185 951.8
0.01186 951.8
0.01187 951.9
0.01188 951.9
0.01189 952.0
0.01190 952.0
0.01191 952.1
0.01192 952.1
0.01193 952.2
0.01194 952.2
0.01195 952.3
0.01196 952.3
0.01197 952.4
0.01198 952.4
0.01199 952.5
0.01200 952.5
0.01201 952.6
0.01202 952.6
0.01203 952.7
0.01204 952.7
0.01205 952.8
0.01206 952.8
0.01207 952.9
0.01208 952.9
0.01209 953.0
0.01210 953.0
0.01211 953.1
0.01212 953.1
0.01213 953.2
0.01214 953.2
0.01215 953.3
0.01216 953.3
0.01217 953.4
0.01218 953.4
0.01219 953.5
0.01220 953.5
0.01221 953.6
0.01222 953.6
0.01223 953.7
0.01224 953.7
0.01225 953.8
0.01226 953.8
0.01227 953.9
0.01228 953.9
0.01229 954.0
0.01230 954.0
0.01231 954.1
0.01232 954.1
0.01233 954.2
0.01234 954.2
0.01235 954.3
0.01236 954.3
0.01237 954.4
0.01238 954.4
0.01239 954.5
0.01240 954.5
0.01241 954.6
0.01242 954.6
0.01243 954.7
0.01244 954.7
0.01245 954.7
0.01246 954.8
0.01247 954.8
0.01248 954.9
0.01249 954.9
0.01250 955.0
0.01251 955.0
0.01252 955.1
0.01253 955.1
0.01254 955.2
0.01255 955.2
0.01256 955.3
0.01257 955.3
0.01258 955.4
0.01259 955.4
0.01260 955.5
0.01261 955.5
0.01262 955.6
0.01263 955.6
0.01264 955.6
0.01265 955.7
0.01266 955.7
0.01267 955.8
0.01268 955.8
0.01269 955.9
0.01270 955.9
0.01271 956.0
0.01272 956.0
0.01273 956.1
0.01274 956.1
0.01275 956.2
0.01276 956.2
0.01277 956.2
0.01278 956.3
0.01279 956.3
0.01280 956.4
0.01281 956.4
0.01282 956.5
0.01283 956.5
0.01284 956.6
0.01285 956.6
0.01286 956.6
0.01287 956.7
0.01288 956.7
0.01289 956.8
0.01290 956.8
0.01291 956.9
0.01292 956.9
0.01293 957.0
0.01294 957.0
0.01295 957.1
0.01296 957.1
0.01297 957.1
0.01298 957.2
0.01299 957.2
0.01300 957.3
0.01301 957.3
0.01302 957.4
0.01303 957.4
0.01304 957.4
0.01305 957.5
0.01306 957.5
0.01307 957.6
0.01308 957.6
0.01309 957.7
0.01310 957.7
0.01311 957.7
0.01312 957.8
0.01313 957.8
0.01314 957.9
0.01315 957.9
0.01316 958.0
0.01317 958.0
0.01318 958.0
0.01319 958.1
0.01320 958.1
0.01321 958.2
0.01322 958.2
0.01323 958.3
0.01324 958.3
0.01325 958.3
0.01326 958.4
0.01327 958.4
0.01328 958.5
0.01329 958.5
0.01330 958.6
0.01331 958.6
0.01332 958.6
0.01333 958.7
0.01334 958.7
0.01335 958.8
0.01336 958.8
0.01337 958.8
0.01338 958.9
0.01339 958.9
0.01340 959.0
0.01341 959.0
0.01342 959.1
0.01343 959.1
0.01344 959.1
0.01345 959.2
0.01346 959.2
0.01347 959.3
0.01348 959.3
0.01349 959.3
0.01350 959.4
0.01351 959.4
0.01352 959.5
0.01353 959.5
0.01354 959.5
0.01355 959.6
0.01356 959.6
0.01357 959.7
0.01358 959.7
0.01359 959.7
0.01360 959.8
0.01361 959.8
0.01362 959.9
0.01363 959.9
0.01364 959.9
0.01365 960.0
0.01366 960.0
0.01367 960.1
0.01368 960.1
0.01369 960.1
0.01370 960.2
0.01371 960.2
0.01372 960.3
0.01373 960.3
0.01374 960.3
0.01375 960.4
0.01376 960.4
0.01377 960.4
0.01378 960.5
0.01379 960.5
0.01380 960.6
0.01381 960.6
0.01382 960.6
0.01383 960.7
0.01384 960.7
0.01385 960.8
0.01386 960.8
0.01387 960.8
0.01388 960.9
0.01389 960.9
0.01390 960.9
0.01391 961.0
0.01392 961.0
0.01393 961.1
0.01394 961.1
0.01395 961.1
0.01396 961.2
0.01397 961.2
0.01398 961.2
0.01399 961.3
0.01400 961.3
0.01401 961.4
0.01402 961.4
0.01403 961.4
0.01404 961.5
0.01405 961.5
0.01406 961.5
0.01407 961.6
0.01408 961.6
0.01409 961.7
0.01410 961.7
0.01411 961.7
0.01412 961.8
0.01413 961.8
0.01414 961.8
0.01415 961.9
0.01416 961.9
0.01417 961.9
0.01418 962.0
0.01419 962.0
0.01420 962.1
0.01421 962.1
0.01422 962.1
0.01423 962.2
0.01424 962.2
0.01425 962.2
0.01426 962.3
0.01427 962.3
0.01428 962.3
0.01429 962.4
0.01430 962.4
0.01431 962.4
0.01432 962.5
0.01433 962.5
0.01434 962.6
0.01435 962.6
0.01436 962.6
0.01437 962.7
0.01438 962.7
0.01439 962.7
0.01440 962.8
0.01441 962.8
0.01442 962.8
0.01443 962.9
0.01444 962.9
0.01445 962.9
0.01446 963.0
0.01447 963.0
0.01448 963.0
0.01449 963.1
0.01450 963.1
0.01451 963.1
0.01452 963.2
0.01453 963.2
0.01454 963.2
0.01455 963.3
0.01456 963.3
0.01457 963.3
0.01458 963.4
0.01459 963.4
0.01460 963.4
0.01461 963.5
0.01462 963.5
0.01463 963.5
0.01464 963.6
0.01465 963.6
0.01466 963.6
0.01467 963.7
0.01468 963.7
0.01469 963.7
0.01470 963.8
0.01471 963.8
0.01472 963.8
0.01473 963.9
0.01474 963.9
0.01475 963.9
0.01476 964.0
0.01477 964.0
0.01478 964.0
0.01479 964.1
0.01480 964.1
0.01481 964.1
0.01482 964.2
0.01483 964.2
0.01484 964.2
0.01485 964.3
0.01486 964.3
0.01487 964.3
0.01488 964.4
0.01489 964.4
0.01490 964.4
0.01491 964.5
0.01492 964.5
0.01493 964.5
0.01494 964.6
0.01495 964.6
0.01496 964.6
0.01497 964.7
0.01498 964.7
0.01499 964.7
0.01500 964.7
0.01501 964.8
0.01502 964.8
0.01503 964.8
0.01504 964.9
0.01505 964.9
0.01506 964.9
0.01507 965.0
0.01508 965.0
0.01509 965.0
0.01510 965.1
0.01511 965.1
0.01512 965.1
0.01513 965.1
0.01514 965.2
0.01515 965.2
0.01516 965.2
0.01517 965.3
0.01518 965.3
0.01519 965.3
0.01520 965.4
0.01521 965.4
0.01522 965.4
0.01523 965.4
0.01524 965.5
0.01525 965.5
0.01526 965.5
0.01527 965.6
0.01528 965.6
0.01529 965.6
0.01530 965.7
0.01531 965.7
0.01532 965.7
0.01533 965.7
0.01534 965.8
0.01535 965.8
0.01536 965.8
0.01537 965.9
0.01538 965.9
0.01539 965.9
0.01540 966.0
0.01541 966.0
0.01542 966.0
0.01543 966.0
0.01544 966.1
0.01545 966.1
0.01546 966.1
0.01547 966.2
0.01548 966.2
0.01549 966.2
0.01550 966.2
0.01551 966.3
0.01552 966.3
0.01553 966.3
0.01554 966.4
0.01555 966.4
0.01556 966.4
0.01557 966.4
0.01558 966.5
0.01559 966.5
0.01560 966.5
0.01561 966.6
0.01562 966.6
0.01563 966.6
0.01564 966.6
0.01565 966.7
0.01566 966.7
0.01567 966.7
0.01568 966.7
0.01569 966.8
0.01570 966.8
0.01571 966.8
0.01572 966.9
0.01573 966.9
0.01574 966.9
0.01575 966.9
0.01576 967.0
0.01577 967.0
0.01578 967.0
0.01579 967.1
0.01580 967.1
0.01581 967.1
0.01582 967.1
0.01583 967.2
0.01584 967.2
0.01585 967.2
0.01586 967.2
0.01587 967.3
0.01588 967.3
0.01589 967.3
0.01590 967.3
0.01591 967.4
0.01592 967.4
0.01593 967.4
0.01594 967.5
0.01595 967.5
0.01596 967.5
0.01597 967.5
0.01598 967.6
0.01599 967.6
0.01600 967.6
0.01601 967.6
0.01602 967.7
0.01603 967.7
0.01604 967.7
0.01605 967.7
0.01606 967.8
0.01607 967.8
0.01608 967.8
0.01609 967.8
0.01610 967.9
0.01611 967.9
0.01612 967.9
0.01613 967.9
0.01614 968.0
0.01615 968.0
0.01616 968.0
0.01617 968.0
0.01618 968.1
0.01619 968.1
0.01620 968.1
0.01621 968.1
0.01622 968.2
0.01623 968.2
0.01624 968.2
0.01625 968.2
0.01626 968.3
0.01627 968.3
0.01628 968.3
0.01629 968.3
0.01630 968.4
0.01631 968.4
0.01632 968.4
0.01633 968.4
0.01634 968.5
0.01635 968.5
0.01636 968.5
0.01637 968.5
0.01638 968.6
0.01639 968.6
0.01640 968.6
0.01641 968.6
0.01642 968.7
0.01643 968.7
0.01644 968.7
0.01645 968.7
0.01646 968.8
0.01647 968.8
0.01648 968.8
0.01649 968.8
0.01650 968.9
0.01651 968.9
0.01652 968.9
0.01653 968.9
0.01654 969.0
0.01655 969.0
0.01656 969.0
0.01657 969.0
0.01658 969.0
0.01659 969.1
0.01660 969.1
0.01661 969.1
0.01662 969.1
0.01663 969.2
0.01664 969.2
0.01665 969.2
0.01666 969.2
0.01667 969.3
0.01668 969.3
0.01669 969.3
0.01670 969.3
0.01671 969.3
0.01672 969.4
0.01673 969.4
0.01674 969.4
0.01675 969.4
0.01676 969.5
0.01677 969.5
0.01678 969.5
0.01679 969.5
0.01680 969.6
0.01681 969.6
0.01682 969.6
0.01683 969.6
0.01684 969.6
0.01685 969.7
0.01686 969.7
0.01687 969.7
0.01688 969.7
0.01689 969.8
0.01690 969.8
0.01691 969.8
0.01692 969.8
0.01693 969.8
0.01694 969.9
0.01695 969.9
0.01696 969.9
0.01697 969.9
0.01698 970.0
0.01699 970.0
0.01700 970.0
0.01701 970.0
0.01702 970.0
0.01703 970.1
0.01704 970.1
0.01705 970.1
0.01706 970.1
0.01707 970.1
0.01708 970.2
0.01709 970.2
0.01710 970.2
0.01711 970.2
0.01712 970.3
0.01713 970.3
0.01714 970.3
0.01715 970.3
0.01716 970.3
0.01717 970.4
0.01718 970.4
0.01719 970.4
0.01720 970.4
0.01721 970.4
0.01722 970.5
0.01723 970.5
0.01724 970.5
0.01725 970.5
0.01726 970.5
0.01727 970.6
0.01728 970.6
0.01729 970.6
0.01730 970.6
0.01731 970.7
0.01732 970.7
0.01733 970.7
0.01734 970.7
0.01735 970.7
0.01736 970.8
0.01737 970.8
0.01738 970.8
0.01739 970.8
0.01740 970.8
0.01741 970.9
0.01742 970.9
0.01743 970.9
0.01744 970.9
0.01745 970.9
0.01746 971.0
0.01747 971.0
0.01748 971.0
0.01749 971.0
0.01750 971.0
0.01751 971.1
0.01752 971.1
0.01753 971.1
0.01754 971.1
0.01755 971.1
0.01756 971.2
0.01757 971.2
0.01758 971.2
0.01759 971.2
0.01760 971.2
0.01761 971.2
0.01762 971.3
0.01763 971.3
0.01764 971.3
0.01765 971.3
0.01766 971.3
0.01767 971.4
0.01768 971.4
0.01769 971.4
0.01770 971.4
0.01771 971.4
0.01772 971.5
0.01773 971.5
0.01774 971.5
0.01775 971.5
0.01776 971.5
0.01777 971.6
0.01778 971.6
0.01779 971.6
0.01780 971.6
0.01781 971.6
0.01782 971.6
0.01783 971.7
0.01784 971.7
0.01785 971.7
0.01786 971.7
0.01787 971.7
0.01788 971.8
0.01789 971.8
0.01790 971.8
0.01791 971.8
0.01792 971.8
0.01793 971.8
0.01794 971.9
0.01795 971.9
0.01796 971.9
0.01797 971.9
0.01798 971.9
0.01799 972.0
0.01800 972.0
0.01801 972.0
0.01802 972.0
0.01803 972.0
0.01804 972.0
0.01805 972.1
0.01806 972.1
0.01807 972.1
0.01808 972.1
0.01809 972.1
0.01810 972.2
0.01811 972.2
0.01812 972.2
0.01813 972.2
0.01814 972.2
0.01815 972.2
0.01816 972.3
0.01817 972.3
0.01818 972.3
0.01819 972.3
0.01820 972.3
0.01821 972.3
0.01822 972.4
0.01823 972.4
0.01824 972.4
0.01825 972.4
0.01826 972.4
0.01827 972.5
0.01828 972.5
0.01829 972.5
0.01830 972.5
0.01831 972.5
0.01832 972.5
0.01833 972.6
0.01834 972.6
0.01835 972.6
0.01836 972.6
0.01837 972.6
0.01838 972.6
0.01839 972.7
0.01840 972.7
0.01841 972.7
0.01842 972.7
0.01843 972.7
0.01844 972.7
0.01845 972.8
0.01846 972.8
0.01847 972.8
0.01848 972.8
0.01849 972.8
0.01850 972.8
0.01851 972.9
0.01852 972.9
0.01853 972.9
0.01854 972.9
0.01855 972.9
0.01856 972.9
0.01857 972.9
0.01858 973.0
0.01859 973.0
0.01860 973.0
0.01861 973.0
0.01862 973.0
0.01863 973.0
0.01864 973.1
0.01865 973.1
0.01866 973.1
0.01867 973.1
0.01868 973.1
0.01869 973.1
0.01870 973.2
0.01871 973.2
0.01872 973.2
0.01873 973.2
0.01874 973.2
0.01875 973.2
0.01876 973.3
0.01877 973.3
0.01878 973.3
0.01879 973.3
0.01880 973.3
0.01881 973.3
0.01882 973.3
0.01883 973.4
0.01884 973.4
0.01885 973.4
0.01886 973.4
0.01887 973.4
0.01888 973.4
0.01889 973.5
0.01890 973.5
0.01891 973.5
0.01892 973.5
0.01893 973.5
0.01894 973.5
0.01895 973.5
0.01896 973.6
0.01897 973.6
0.01898 973.6
0.01899 973.6
0.01900 973.6
0.01901 973.6
0.01902 973.6
0.01903 973.7
0.01904 973.7
0.01905 973.7
0.01906 973.7
0.01907 973.7
0.01908 973.7
0.01909 973.7
0.01910 973.8
0.01911 973.8
0.01912 973.8
0.01913 973.8
0.01914 973.8
0.01915 973.8
0.01916 973.9
0.01917 973.9
0.01918 973.9
0.01919 973.9
0.01920 973.9
0.01921 973.9
0.01922 973.9
0.01923 974.0
0.01924 974.0
0.01925 974.0
0.01926 974.0
0.01927 974.0
0.01928 974.0
0.01929 974.0
0.01930 974.1
0.01931 974.1
0.01932 974.1
0.01933 974.1
0.01934 974.1
0.01935 974.1
0.01936 974.1
0.01937 974.1
0.01938 974.2
0.01939 974.2
0.01940 974.2
0.01941 974.2
0.01942 974.2
0.01943 974.2
0.01944 974.2
0.01945 974.3
0.01946 974.3
0.01947 974.3
0.01948 974.3
0.01949 974.3
0.01950 974.3
0.01951 974.3
0.01952 974.4
0.01953 974.4
0.01954 974.4
0.01955 974.4
0.01956 974.4
0.01957 974.4
0.01958 974.4
0.01959 974.4
0.01960 974.5
0.01961 974.5
0.01962 974.5
0.01963 974.5
0.01964 974.5
0.01965 974.5
0.01966 974.5
0.01967 974.6
0.01968 974.6
0.01969 974.6
0.01970 974.6
0.01971 974.6
0.01972 974.6
0.01973 974.6
0.01974 974.6
0.01975 974.7
0.01976 974.7
0.01977 974.7
0.01978 974.7
0.01979 974.7
0.01980 974.7
0.01981 974.7
0.01982 974.7
0.01983 974.8
0.01984 974.8
0.01985 974.8
0.01986 974.8
0.01987 974.8
0.01988 974.8
0.01989 974.8
0.01990 974.8
0.01991 974.9
0.01992 974.9
0.01993 974.9
0.01994 974.9
0.01995 974.9
0.01996 974.9
0.01997 974.9
0.01998 974.9
0.01999 975.0
0.02000 982.4
0.02001 982.4
0.02002 982.4
0.02003 982.4
0.02004 982.4
0.02005 982.4
0.02006 982.4
0.02007 982.4
0.02008 982.4
0.02009 982.4
0.02010 982.4
0.02011 982.4
0.02012 982.4
0.02013 982.4
0.02014 982.4
0.02015 982.4
0.02016 982.4
0.02017 982.4
0.02018 982.4
0.02019 982.4
0.02020 982.4
0.02021 982.4
0.02022 982.4
0.02023 982.4
0.02024 982.4
0.02025 982.4
0.02026 982.4
0.02027 982.4
0.02028 982.4
0.02029 982.4
0.02030 982.4
0.02031 982.4
0.02032 982.4
0.02033 982.4
0.02034 982.4
0.02035 982.4
0.02036 982.4
0.02037 982.4
0.02038 982.4
0.02039 982.4
0.02040 982.4
0.02041 982.4
0.02042 982.4
0.02043 982.4
0.02044 982.4
0.02045 982.4
0.02046 982.4
0.02047 982.4
0.02048 982.4
0.02049 982.4
0.02050 982.4
0.02051 982.4
0.02052 982.4
0.02053 982.4
0.02054 982.4
0.02055 982.4
0.02056 982.4
0.02057 982.4
0.02058 982.4
0.02059 982.4
0.02060 982.4
0.02061 982.4
0.02062 982.4
0.02063 982.4
0.02064 982.4
0.02065 982.4
0.02066 982.4
0.02067 982.4
0.02068 982.4
0.02069 982.4
0.02070 982.4
0.02071 982.4
0.02072 982.4
0.02073 982.4
0.02074 982.4
0.02075 982.4
0.02076 982.4
0.02077 982.4
0.02078 982.4
0.02079 982.4
0.02080 982.4
0.02081 982.4
0.02082 982.4
0.02083 982.4
0.02084 982.4
0.02085 982.4
0.02086 982.4
0.02087 982.4
0.02088 982.4
0.02089 982.4
0.02090 982.4
0.02091 982.4
0.02092 982.4
0.02093 982.4
0.02094 982.4
0.02095 982.4
0.02096 982.4
0.02097 982.4
0.02098 982.4
0.02099 982.4
0.02100 982.4
0.02101 982.4
0.02102 982.4
0.02103 982.4
0.02104 982.4
0.02105 982.4
0.02106 982.4
0.02107 982.4
0.02108 982.4
0.02109 982.4
0.02110 982.4
0.02111 982.4
0.02112 982.4
0.02113 982.4
0.02114 982.4
0.02115 982.4
0.02116 982.4
0.02117 982.4
0.02118 982.4
0.02119 982.4
0.02120 982.4
0.02121 982.4
0.02122 982.4
0.02123 982.4
0.02124 982.4
0.02125 982.4
0.02126 982.4
0.02127 982.4
0.02128 982.4
0.02129 982.4
0.02130 982.4
0.02131 982.4
0.02132 982.4
0.02133 982.4
0.02134 982.4
0.02135 982.4
0.02136 982.4
0.02137 982.4
0.02138 982.4
0.02139 982.4
0.02140 982.4
0.02141 982.4
0.02142 982.4
0.02143 982.4
0.02144 982.4
0.02145 982.4
0.02146 982.4
0.02147 982.4
0.02148 982.4
0.02149 982.4
0.02150 982.4
0.02151 982.4
0.02152 982.4
0.02153 982.4
0.02154 982.4
0.02155 982.4
0.02156 982.4
0.02157 982.4
0.02158 982.4
0.02159 982.4
0.02160 982.4
0.02161 982.4
0.02162 982.4
0.02163 982.4
0.02164 982.4
0.02165 982.4
0.02166 982.4
0.02167 982.4
0.02168 982.4
0.02169 982.4
0.02170 982.4
0.02171 982.4
0.02172 982.4
0.02173 982.4
0.02174 982.4
0.02175 982.4
0.02176 982.4
0.02177 982.4
0.02178 982.4
0.02179 982.4
0.02180 982.4
0.02181 982.4
0.02182 982.4
0.02183 982.4
0.02184 982.4
0.02185 982.4
0.02186 982.4
0.02187 982.4
0.02188 982.4
0.02189 982.4
0.02190 982.4
0.02191 982.4
0.02192 982.4
0.02193 982.4
0.02194 982.4
0.02195 982.4
0.02196 982.4
0.02197 982.4
0.02198 982.4
0.02199 982.4
0.02200 982.4
0.02201 982.4
0.02202 982.4
0.02203 982.4
0.02204 982.4
0.02205 982.4
0.02206 982.4
0.02207 982.4
0.02208 982.4
0.02209 982.4
0.02210 982.4
0.02211 982.4
0.02212 982.4
0.02213 982.4
0.02214 982.4
0.02215 982.4
0.02216 982.4
0.02217 982.4
0.02218 982.4
0.02219 982.4
0.02220 982.4
0.02221 982.4
0.02222 982.4
0.02223 982.4
0.02224 982.4
0.02225 982.4
0.02226 982.4
0.02227 982.4
0.02228 982.4
0.02229 982.4
0.02230 982.4
0.02231 982.4
0.02232 982.4
0.02233 982.4
0.02234 982.4
0.02235 982.4
0.02236 982.4
0.02237 982.4
0.02238 982.4
0.02239 982.4
0.02240 982.4
0.02241 982.4
0.02242 982.4
0.02243 982.4
0.02244 982.4
0.02245 982.4
0.02246 982.4
0.02247 982.4
0.02248 982.4
0.02249 982.4
0.02250 982.4
0.02251 982.4
0.02252 982.4
0.02253 982.4
0.02254 982.4
0.02255 982.4
0.02256 982.4
0.02257 982.4
0.02258 982.4
0.02259 982.4
0.02260 982.4
0.02261 982.4
0.02262 982.4
0.02263 982.4
0.02264 982.4
0.02265 982.4
0.02266 982.4
0.02267 982.4
0.02268 982.4
0.02269 982.4
0.02270 982.4
0.02271 982.4
0.02272 982.4
0.02273 982.4
0.02274 982.4
0.02275 982.4
0.02276 982.4
0.02277 982.4
0.02278 982.4
0.02279 982.4
0.02280 982.4
0.02281 982.4
0.02282 982.4
0.02283 982.4
0.02284 982.4
0.02285 982.4
0.02286 982.4
0.02287 982.4
0.02288 982.4
0.02289 982.4
0.02290 982.4
0.02291 982.4
0.02292 982.4
0.02293 982.4
0.02294 982.4
0.02295 982.4
0.02296 982.4
0.02297 982.4
0.02298 982.4
0.02299 982.4
0.02300 982.4
0.02301 982.4
0.02302 982.4
0.02303 982.4
0.02304 982.4
0.02305 982.4
0.02306 982.4
0.02307 982.4
0.02308 982.4
0.02309 982.4
0.02310 982.4
0.02311 982.4
0.02312 982.4
0.02313 982.4
0.02314 982.4
0.02315 982.4
0.02316 982.4
0.02317 982.4
0.02318 982.4
0.02319 982.4
0.02320 982.4
0.02321 982.4
0.02322 982.4
0.02323 982.4
0.02324 982.4
0.02325 982.4
0.02326 982.4
0.02327 982.4
0.02328 982.4
0.02329 982.4
0.02330 982.4
0.02331 982.4
0.02332 982.4
0.02333 982.4
0.02334 982.4
0.02335 982.4
0.02336 982.4
0.02337 982.4
0.02338 982.4
0.02339 982.4
0.02340 982.4
0.02341 982.4
0.02342 982.4
0.02343 982.4
0.02344 982.4
0.02345 982.4
0.02346 982.4
0.02347 982.4
0.02348 982.4
0.02349 982.4
0.02350 982.4
0.02351 982.4
0.02352 982.4
0.02353 982.4
0.02354 982.4
0.02355 982.4
0.02356 982.4
0.02357 982.4
0.02358 982.4
0.02359 982.4
0.02360 982.4
0.02361 982.4
0.02362 982.4
0.02363 982.4
0.02364 982.4
0.02365 982.4
0.02366 982.4
0.02367 982.4
0.02368 982.4
0.02369 982.4
0.02370 982.4
0.02371 982.4
0.02372 982.4
0.02373 982.4
0.02374 982.4
0.02375 982.4
0.02376 982.4
0.02377 982.4
0.02378 982.4
0.02379 982.4
0.02380 982.4
0.02381 982.4
0.02382 982.4
0.02383 982.4
0.02384 982.4
0.02385 982.4
0.02386 982.4
0.02387 982.4
0.02388 982.4
0.02389 982.4
0.02390 982.4
0.02391 982.4
0.02392 982.4
0.02393 982.4
0.02394 982.4
0.02395 982.4
0.02396 982.4
0.02397 982.4
0.02398 982.4
0.02399 982.4
0.02400 982.4
0.02401 982.4
0.02402 982.4
0.02403 982.4
0.02404 982.4
0.02405 982.4
0.02406 982.4
0.02407 982.4
0.02408 982.4
0.02409 982.4
0.02410 982.4
0.02411 982.4
0.02412 982.4
0.02413 982.4
0.02414 982.4
0.02415 982.4
0.02416 982.4
0.02417 982.4
0.02418 982.4
0.02419 982.4
0.02420 982.4
0.02421 982.4
0.02422 982.4
0.02423 982.4
0.02424 982.4
0.02425 982.4
0.02426 982.4
0.02427 982.4
0.02428 982.4
0.02429 982.4
0.02430 982.4
0.02431 982.4
0.02432 982.4
0.02433 982.4
0.02434 982.4
0.02435 982.4
0.02436 982.4
0.02437 982.4
0.02438 982.4
0.02439 982.4
0.02440 982.4
0.02441 982.4
0.02442 982.4
0.02443 982.4
0.02444 982.4
0.02445 982.4
0.02446 982.4
0.02447 982.4
0.02448 982.4
0.02449 982.4
0.02450 982.4
0.02451 982.4
0.02452 982.4
0.02453 982.4
0.02454 982.4
0.02455 982.4
0.02456 982.4
0.02457 982.4
0.02458 982.4
0.02459 982.4
0.02460 982.4
0.02461 982.4
0.02462 982.4
0.02463 982.4
0.02464 982.4
0.02465 982.4
0.02466 982.4
0.02467 982.4
0.02468 982.4
0.02469 982.4
0.02470 982.4
0.02471 982.4
0.02472 982.4
0.02473 982.4
0.02474 982.4
0.02475 982.4
0.02476 982.4
0.02477 982.4
0.02478 982.4
0.02479 982.4
0.02480 982.4
0.02481 982.4
0.02482 982.4
0.02483 982.4
0.02484 982.4
0.02485 982.4
0.02486 982.4
0.02487 982.4
0.02488 982.4
0.02489 982.4
0.02490 982.4
0.02491 982.4
0.02492 982.4
0.02493 982.4
0.02494 982.4
0.02495 982.4
0.02496 982.4
0.02497 982.4
0.02498 982.4
0.02499 982.4
0.02500 982.4
0.02501 982.4
0.02502 982.4
0.02503 982.4
0.02504 982.4
0.02505 982.4
0.02506 982.4
0.02507 982.4
0.02508 982.4
0.02509 982.4
0.02510 982.4
0.02511 982.4
0.02512 982.4
0.02513 982.4
0.02514 982.4
0.02515 982.4
0.02516 982.4
0.02517 982.4
0.02518 982.4
0.02519 982.4
0.02520 982.4
0.02521 982.4
0.02522 982.4
0.02523 982.4
0.02524 982.4
0.02525 982.4
0.02526 982.4
0.02527 982.4
0.02528 982.4
0.02529 982.4
0.02530 982.4
0.02531 982.4
0.02532 982.4
0.02533 982.4
0.02534 982.4
0.02535 982.4
0.02536 982.4
0.02537 982.4
0.02538 982.4
0.02539 982.4
0.02540 982.4
0.02541 982.4
0.02542 982.4
0.02543 982.4
0.02544 982.4
0.02545 982.4
0.02546 982.4
0.02547 982.4
0.02548 982.4
0.02549 982.4
0.02550 982.4
0.02551 982.4
0.02552 982.4
0.02553 982.4
0.02554 982.4
0.02555 982.4
0.02556 982.4
0.02557 982.4
0.02558 982.4
0.02559 982.4
0.02560 982.4
0.02561 982.4
0.02562 982.4
0.02563 982.4
0.02564 982.4
0.02565 982.4
0.02566 982.4
0.02567 982.4
0.02568 982.4
0.02569 982.4
0.02570 982.4
0.02571 982.4
0.02572 982.4
0.02573 982.4
0.02574 982.4
0.02575 982.4
0.02576 982.4
0.02577 982.4
0.02578 982.4
0.02579 982.4
0.02580 982.4
0.02581 982.4
0.02582 982.4
0.02583 982.4
0.02584 982.4
0.02585 982.4
0.02586 982.4
0.02587 982.4
0.02588 982.4
0.02589 982.4
0.02590 982.4
0.02591 982.4
0.02592 982.4
0.02593 982.4
0.02594 982.4
0.02595 982.4
0.02596 982.4
0.02597 982.4
0.02598 982.4
0.02599 982.4
0.02600 982.4
0.02601 982.4
0.02602 982.4
0.02603 982.4
0.02604 982.4
0.02605 982.4
0.02606 982.4
0.02607 982.4
0.02608 982.4
0.02609 982.4
0.02610 982.4
0.02611 982.4
0.02612 982.4
0.02613 982.4
0.02614 982.4
0.02615 982.4
0.02616 982.4
0.02617 982.4
0.02618 982.4
0.02619 982.4
0.02620 982.4
0.02621 982.4
0.02622 982.4
0.02623 982.4
0.02624 982.4
0.02625 982.4
0.02626 982.4
0.02627 982.4
0.02628 982.4
0.02629 982.4
0.02630 982.4
0.02631 982.4
0.02632 982.4
0.02633 982.4
0.02634 982.4
0.02635 982.4
0.02636 982.4
0.02637 982.4
0.02638 982.4
0.02639 982.4
0.02640 982.4
0.02641 982.4
0.02642 982.4
0.02643 982.4
0.02644 982.4
0.02645 982.4
0.02646 982.4
0.02647 982.4
0.02648 982.4
0.02649 982.4
0.02650 982.4
0.02651 982.4
0.02652 982.4
0.02653 982.4
0.02654 982.4
0.02655 982.4
0.02656 982.4
0.02657 982.4
0.02658 982.4
0.02659 982.4
0.02660 982.4
0.02661 982.4
0.02662 982.4
0.02663 982.4
0.02664 982.4
0.02665 982.4
0.02666 982.4
0.02667 982.4
0.02668 982.4
0.02669 982.4
0.02670 982.4
0.02671 982.4
0.02672 982.4
0.02673 982.4
0.02674 982.4
0.02675 982.4
0.02676 982.4
0.02677 982.4
0.02678 982.4
0.02679 982.4
0.02680 982.4
0.02681 982.4
0.02682 982.4
0.02683 982.4
0.02684 982.4
0.02685 982.4
0.02686 982.4
0.02687 982.4
0.02688 982.4
0.02689 982.4
0.02690 982.4
0.02691 982.4
0.02692 982.4
0.02693 982.4
0.02694 982.4
0.02695 982.4
0.02696 982.4
0.02697 982.4
0.02698 982.4
0.02699 982.4
0.02700 982.4
0.02701 982.4
0.02702 982.4
0.02703 982.4
0.02704 982.4
0.02705 982.4
0.02706 982.4
0.02707 982.4
0.02708 982.4
0.02709 982.4
0.02710 982.4
0.02711 982.4
0.02712 982.4
0.02713 982.4
0.02714 982.4
0.02715 982.4
0.02716 982.4
0.02717 982.4
0.02718 982.4
0.02719 982.4
0.02720 982.4
0.02721 982.4
0.02722 982.4
0.02723 982.4
0.02724 982.4
0.02725 982.4
0.02726 982.4
0.02727 982.4
0.02728 982.4
0.02729 982.4
0.02730 982.4
0.02731 982.4
0.02732 982.4
0.02733 982.4
0.02734 982.4
0.02735 982.4
0.02736 982.4
0.02737 982.4
0.02738 982.4
0.02739 982.4
0.02740 982.4
0.02741 982.4
0.02742 982.4
0.02743 982.4
0.02744 982.4
0.02745 982.4
0.02746 982.4
0.02747 982.4
0.02748 982.4
0.02749 982.4
0.02750 982.4
0.02751 982.4
0.02752 982.4
0.02753 982.4
0.02754 982.4
0.02755 982.4
0.02756 982.4
0.02757 982.4
0.02758 982.4
0.02759 982.4
0.02760 982.4
0.02761 982.4
0.02762 982.4
0.02763 982.4
0.02764 982.4
0.02765 982.4
0.02766 982.4
0.02767 982.4
0.02768 982.4
0.02769 982.4
0.02770 982.4
0.02771 982.4
0.02772 982.4
0.02773 982.4
0.02774 982.4
0.02775 982.4
0.02776 982.4
0.02777 982.4
0.02778 982.4
0.02779 982.4
0.02780 982.4
0.02781 982.4
0.02782 982.4
0.02783 982.4
0.02784 982.4
0.02785 982.4
0.02786 982.4
0.02787 982.4
0.02788 982.4
0.02789 982.4
0.02790 982.4
0.02791 982.4
0.02792 982.4
0.02793 982.4
0.02794 982.4
0.02795 982.4
0.02796 982.4
0.02797 982.4
0.02798 982.4
0.02799 982.4
0.02800 982.4
0.02801 982.4
0.02802 982.4
0.02803 982.4
0.02804 982.4
0.02805 982.4
0.02806 982.4
0.02807 982.4
0.02808 982.4
0.02809 982.4
0.02810 982.4
0.02811 982.4
0.02812 982.4
0.02813 982.4
0.02814 982.4
0.02815 982.4
0.02816 982.4
0.02817 982.4
0.02818 982.4
0.02819 982.4
0.02820 982.4
0.02821 982.4
0.02822 982.4
0.02823 982.4
0.02824 982.4
0.02825 982.4
0.02826 982.4
0.02827 982.4
0.02828 982.4
0.02829 982.4
0.02830 982.4
0.02831 982.4
0.02832 982.4
0.02833 982.4
0.02834 982.4
0.02835 982.4
0.02836 982.4
0.02837 982.4
0.02838 982.4
0.02839 982.4
0.02840 982.4
0.02841 982.4
0.02842 982.4
0.02843 982.4
0.02844 982.4
0.02845 982.4
0.02846 982.4
0.02847 982.4
0.02848 982.4
0.02849 982.4
0.02850 982.4
0.02851 982.4
0.02852 982.4
0.02853 982.4
0.02854 982.4
0.02855 982.4
0.02856 982.4
0.02857 982.4
0.02858 982.4
0.02859 982.4
0.02860 982.4
0.02861 982.4
0.02862 982.4
0.02863 982.4
0.02864 982.4
0.02865 982.4
0.02866 982.4
0.02867 982.4
0.02868 982.4
0.02869 982.4
0.02870 982.4
0.02871 982.4
0.02872 982.4
0.02873 982.4
0.02874 982.4
0.02875 982.4
0.02876 982.4
0.02877 982.4
0.02878 982.4
0.02879 982.4
0.02880 982.4
0.02881 982.4
0.02882 982.4
0.02883 982.4
0.02884 982.4
0.02885 982.4
0.02886 982.4
0.02887 982.4
0.02888 982.4
0.02889 982.4
0.02890 982.4
0.02891 982.4
0.02892 982.4
0.02893 982.4
0.02894 982.4
0.02895 982.4
0.02896 982.4
0.02897 982.4
0.02898 982.4
0.02899 982.4
0.02900 982.4
0.02901 982.4
0.02902 982.4
0.02903 982.4
0.02904 982.4
0.02905 982.4
0.02906 982.4
0.02907 982.4
0.02908 982.4
0.02909 982.4
0.02910 982.4
0.02911 982.4
0.02912 982.4
0.02913 982.4
0.02914 982.4
0.02915 982.4
0.02916 982.4
0.02917 982.4
0.02918 982.4
0.02919 982.4
0.02920 982.4
0.02921 982.4
0.02922 982.4
0.02923 982.4
0.02924 982.4
0.02925 982.4
0.02926 982.4
0.02927 982.4
0.02928 982.4
0.02929 982.4
0.02930 982.4
0.02931 982.4
0.02932 982.4
0.02933 982.4
0.02934 982.4
0.02935 982.4
0.02936 982.4
0.02937 982.4
0.02938 982.4
0.02939 982.4
0.02940 982.4
0.02941 982.4
0.02942 982.4
0.02943 982.4
0.02944 982.4
0.02945 982.4
0.02946 982.4
0.02947 982.4
0.02948 982.4
0.02949 982.4
0.02950 982.4
0.02951 982.4
0.02952 982.4
0.02953 982.4
0.02954 982.4
0.02955 982.4
0.02956 982.4
0.02957 982.4
0.02958 982.4
0.02959 982.4
0.02960 982.4
0.02961 982.4
0.02962 982.4
0.02963 982.4
0.02964 982.4
0.02965 982.4
0.02966 982.4
0.02967 982.4
0.02968 982.4
0.02969 982.4
0.02970 982.4
0.02971 982.4
0.02972 982.4
0.02973 982.4
0.02974 982.4
0.02975 982.4
0.02976 982.4
0.02977 982.4
0.02978 982.4
0.02979 982.4
0.02980 982.4
0.02981 982.4
0.02982 982.4
0.02983 982.4
0.02984 982.4
0.02985 982.4
0.02986 982.4
0.02987 982.4
0.02988 982.4
0.02989 982.4
0.02990 982.4
0.02991 982.4
0.02992 982.4
0.02993 982.4
0.02994 982.4
0.02995 982.4
0.02996 982.4
0.02997 982.4
0.02998 982.4
0.02999 982.4
0.03000 982.4
0.03001 982.4
0.03002 982.4
0.03003 982.4
0.03004 982.4
0.03005 982.4
0.03006 982.4
0.03007 982.4
0.03008 982.4
0.03009 982.4
0.03010 982.4
0.03011 982.4
0.03012 982.4
0.03013 982.4
0.03014 982.4
0.03015 982.4
0.03016 982.4
0.03017 982.4
0.03018 982.4
0.03019 982.4
0.03020 982.4
0.03021 982.4
0.03022 982.4
0.03023 982.4
0.03024 982.4
0.03025 982.4
0.03026 982.4
0.03027 982.4
0.03028 982.4
0.03029 982.4
0.03030 982.4
0.03031 982.4
0.03032 982.4
0.03033 982.4
0.03034 982.4
0.03035 982.4
0.03036 982.4
0.03037 982.4
0.03038 982.4
0.03039 982.4
0.03040 982.4
0.03041 982.4
0.03042 982.4
0.03043 982.4
0.03044 982.4
0.03045 982.4
0.03046 982.4
0.03047 982.4
0.03048 982.4
0.03049 982.4
0.03050 982.4
0.03051 982.4
0.03052 982.4
0.03053 982.4
0.03054 982.4
0.03055 982.4
0.03056 982.4
0.03057 982.4
0.03058 982.4
0.03059 982.4
0.03060 982.4
0.03061 982.4
0.03062 982.4
0.03063 982.4
0.03064 982.4
0.03065 982.4
0.03066 982.4
0.03067 982.4
0.03068 982.4
0.03069 982.4
0.03070 982.4
0.03071 982.4
0.03072 982.4
0.03073 982.4
0.03074 982.4
0.03075 982.4
0.03076 982.4
0.03077 982.4
0.03078 982.4
0.03079 982.4
0.03080 982.4
0.03081 982.4
0.03082 982.4
0.03083 982.4
0.03084 982.4
0.03085 982.4
0.03086 982.4
0.03087 982.4
0.03088 982.4
0.03089 982.4
0.03090 982.4
0.03091 982.4
0.03092 982.4
0.03093 982.4
0.03094 982.4
0.03095 982.4
0.03096 982.4
0.03097 982.4
0.03098 982.4
0.03099 982.4
0.03100 982.4
0.03101 1006.0
0.03102 1030.0
0.03103 1054.6
0.03104 1079.7
0.03105 1105.3
0.03106 1131.5
0.03107 1158.1
0.03108 1185.4
0.03109 1213.1
0.03110 1241.5
0.03111 1270.4
0.03112 1300.0
0.03113 1330.1
0.03114 1360.9
0.03115 1392.3
0.03116 1424.3
0.03117 1457.0
0.03118 1490.4
0.03119 1524.5
0.03120 1559.3
0.03121 1594.9
0.03122 1631.3
0.03123 1668.5
0.03124 1706.5
0.03125 1745.4
0.03126 1785.3
0.03127 1826.2
0.03128 1868.1
0.03129 1911.2
0.03130 1955.5
0.03131 2001.1
0.03132 2048.2
0.03133 2096.9
0.03134 2147.3
0.03135 2199.6
0.03136 2254.1
0.03137 2311.1
0.03138 2370.8
0.03139 2433.6
0.03140 2500.0
0.03141 2570.5
0.03142 2645.6
0.03143 2726.2
0.03144 2813.2
0.03145 2907.5
0.03146 3010.6
0.03147 3124.0
0.03148 3249.7
0.03149 3389.9
0.03150 3547.8
0.03151 3640.0
0.03152 3751.4
0.03153 3885.0
0.03154 4044.4
0.03155 4234.0
0.03156 4459.0
0.03157 4725.7
0.03158 5041.8
0.03159 5415.9
0.03160 5857.7
0.03161 6377.3
0.03162 6983.6
0.03163 7682.2
0.03164 8472.4
0.03165 9343.1
0.03166 10270.4
0.03167 11218.8
0.03168 12147.1
0.03169 13017.2
0.03170 13801.5
0.03171 14486.2
0.03172 15068.9
0.03173 15554.5
0.03174 15952.0
0.03175 16271.0
0.03176 16521.1
0.03177 16710.7
0.03178 16846.9
0.03179 16935.9
0.03180 16982.9
0.03181 16992.0
0.03182 16967.0
0.03183 16910.7
0.03184 16825.8
0.03185 16714.4
0.03186 16578.4
0.03187 16419.5
0.03188 16239.2
0.03189 16039.0
0.03190 15820.1
0.03191 15583.8
0.03192 15331.3
0.03193 15063.8
0.03194 14782.6
0.03195 14488.8
0.03196 14183.7
0.03197 13868.5
0.03198 13544.6
0.03199 13213.0
0.03200 12875.2
0.03201 12532.4
0.03202 12185.7
0.03203 11836.6
0.03204 11486.2
0.03205 11135.6
0.03206 10786.0
0.03207 10438.4
0.03208 10094.0
0.03209 9753.7
0.03210 9418.3
0.03211 9088.6
0.03212 8765.5
0.03213 8449.5
0.03214 8141.3
0.03215 7841.2
0.03216 7549.8
0.03217 7267.4
0.03218 6994.2
0.03219 6730.4
0.03220 6476.1
0.03221 6231.4
0.03222 5996.3
0.03223 5770.8
0.03224 5554.6
0.03225 5347.8
0.03226 5150.0
0.03227 4961.1
0.03228 4780.9
0.03229 4609.0
0.03230 4445.3
0.03231 4289.3
0.03232 4140.9
0.03233 3999.7
0.03234 3865.3
0.03235 3737.6
0.03236 3616.1
0.03237 3500.6
0.03238 3390.8
0.03239 3286.4
0.03240 3187.2
0.03241 3092.7
0.03242 3002.9
0.03243 2917.4
0.03244 2836.0
0.03245 2758.5
0.03246 2684.7
0.03247 2614.3
0.03248 2547.2
0.03249 2483.1
0.03250 2422.0
0.03251 2363.6
0.03252 2307.8
0.03253 2254.5
0.03254 2203.5
0.03255 2154.7
0.03256 2107.9
0.03257 2063.2
0.03258 2020.2
0.03259 1979.1
0.03260 1939.6
0.03261 1901.7
0.03262 1865.4
0.03263 1830.4
0.03264 1796.9
0.03265 1764.6
0.03266 1733.6
0.03267 1703.8
0.03268 1675.1
0.03269 1647.6
0.03270 1621.0
0.03271 1595.5
0.03272 1571.0
0.03273 1547.3
0.03274 1524.6
0.03275 1502.7
0.03276 1481.6
0.03277 1461.4
0.03278 1441.8
0.03279 1423.1
0.03280 1405.0
0.03281 1387.6
0.03282 1370.8
0.03283 1354.7
0.03284 1339.2
0.03285 1324.3
0.03286 1309.9
0.03287 1296.1
0.03288 1282.8
0.03289 1270.0
0.03290 1257.7
0.03291 1245.9
0.03292 1234.5
0.03293 1223.5
0.03294 1213.0
0.03295 1202.8
0.03296 1193.0
0.03297 1183.6
0.03298 1174.6
0.03299 1165.8
0.03300 1157.4
0.03301 1149.4
0.03302 1141.6
0.03303 1134.1
0.03304 1126.8
0.03305 1119.9
0.03306 1113.2
0.03307 1106.7
0.03308 1100.5
0.03309 1094.5
0.03310 1088.7
0.03311 1083.1
0.03312 1077.7
0.03313 1072.5
0.03314 1067.5
0.03315 1062.6
0.03316 1058.0
0.03317 1053.4
0.03318 1049.1
0.03319 1044.9
0.03320 1040.8
0.03321 1036.9
0.03322 1033.1
0.03323 1029.4
0.03324 1025.9
0.03325 1022.5
0.03326 1019.1
0.03327 1015.9
0.03328 1012.8
0.03329 1009.8
0.03330 1006.9
0.03331 1004.1
0.03332 1001.4
0.03333 998.8
0.03334 996.2
0.03335 993.7
0.03336 991.4
0.03337 989.0
0.03338 986.8
0.03339 984.6
0.03340 982.5
0.03341 980.5
0.03342 978.5
0.03343 976.6
0.03344 974.7
0.03345 972.9
0.03346 971.1
0.03347 969.4
0.03348 967.8
0.03349 966.2
0.03350 964.6
0.03351 963.1
0.03352 961.7
0.03353 960.3
0.03354 958.9
0.03355 957.5
0.03356 956.2
0.03357 955.0
0.03358 953.7
0.03359 952.6
0.03360 951.4
0.03361 950.3
0.03362 949.2
0.03363 948.1
0.03364 947.1
0.03365 946.1
0.03366 945.1
0.03367 944.2
0.03368 943.2
0.03369 942.3
0.03370 941.5
0.03371 940.6
0.03372 939.8
0.03373 939.0
0.03374 938.2
0.03375 937.4
0.03376 936.7
0.03377 936.0
0.03378 935.3
0.03379 934.6
0.03380 933.9
0.03381 933.3
0.03382 932.7
0.03383 932.1
0.03384 931.5
0.03385 930.9
0.03386 930.3
0.03387 929.8
0.03388 929.2
0.03389 928.7
0.03390 928.2
0.03391 927.7
0.03392 927.2
0.03393 926.8
0.03394 926.3
0.03395 925.9
0.03396 925.4
0.03397 925.0
0.03398 924.6
0.03399 924.2
0.03400 923.8
0.03401 923.4
0.03402 923.1
0.03403 922.7
0.03404 922.4
0.03405 922.0
0.03406 921.7
0.03407 921.4
0.03408 921.1
0.03409 920.7
0.03410 920.4
0.03411 920.2
0.03412 919.9
0.03413 919.6
0.03414 919.3
0.03415 919.1
0.03416 918.8
0.03417 918.6
0.03418 918.3
0.03419 918.1
0.03420 917.8
0.03421 917.6
0.03422 917.4
0.03423 917.2
0.03424 917.0
0.03425 916.8
0.03426 916.6
0.03427 916.4
0.03428 916.2
0.03429 916.0
0.03430 915.9
0.03431 915.7
0.03432 915.5
0.03433 915.4
0.03434 915.2
0.03435 915.0
0.03436 914.9
0.03437 914.7
0.03438 914.6
0.03439 914.5
0.03440 914.3
0.03441 914.2
0.03442 914.1
0.03443 914.0
0.03444 913.8
0.03445 913.7
0.03446 913.6
0.03447 913.5
0.03448 913.4
0.03449 913.3
0.03450 913.2
0.03451 913.1
0.03452 913.0
0.03453 912.9
0.03454 912.8
0.03455 912.7
0.03456 912.7
0.03457 912.6
0.03458 912.5
0.03459 912.4
0.03460 912.4
0.03461 912.3
0.03462 912.2
0.03463 912.1
0.03464 912.1
0.03465 912.0
0.03466 912.0
0.03467 911.9
0.03468 911.9
0.03469 911.8
0.03470 911.8
0.03471 911.7
0.03472 911.7
0.03473 911.6
0.03474 911.6
0.03475 911.5
0.03476 911.5
0.03477 911.5
0.03478 911.4
0.03479 911.4
0.03480 911.3
0.03481 911.3
0.03482 911.3
0.03483 911.3
0.03484 911.2
0.03485 911.2
0.03486 911.2
0.03487 911.2
0.03488 911.1
0.03489 911.1
0.03490 911.1
0.03491 911.1
0.03492 911.1
0.03493 911.1
0.03494 911.0
0.03495 911.0
0.03496 911.0
0.03497 911.0
0.03498 911.0
0.03499 911.0
0.03500 911.0
0.03501 911.0
0.03502 911.0
0.03503 911.0
0.03504 911.0
0.03505 911.0
0.03506 911.0
0.03507 911.0
0.03508 911.0
0.03509 911.0
0.03510 911.0
0.03511 911.0
0.03512 911.0
0.03513 911.0
0.03514 911.0
0.03515 911.0
0.03516 911.1
0.03517 911.1
0.03518 911.1
0.03519 911.1
0.03520 911.1
0.03521 911.1
0.03522 911.1
0.03523 911.2
0.03524 911.2
0.03525 911.2
0.03526 911.2
0.03527 911.2
0.03528 911.2
0.03529 911.3
0.03530 911.3
0.03531 911.3
0.03532 911.3
0.03533 911.4
0.03534 911.4
0.03535 911.4
0.03536 911.4
0.03537 911.5
0.03538 911.5
0.03539 911.5
0.03540 911.5
0.03541 911.6
0.03542 911.6
0.03543 911.6
0.03544 911.6
0.03545 911.7
0.03546 911.7
0.03547 911.7
0.03548 911.8
0.03549 911.8
0.03550 911.8
0.03551 911.9
0.03552 911.9
0.03553 911.9
0.03554 912.0
0.03555 912.0
0.03556 912.0
0.03557 912.1
0.03558 912.1
0.03559 912.2
0.03560 912.2
0.03561 912.2
0.03562 912.3
0.03563 912.3
0.03564 912.4
0.03565 912.4
0.03566 912.4
0.03567 912.5
0.03568 912.5
0.03569 912.6
0.03570 912.6
0.03571 912.6
0.03572 912.7
0.03573 912.7
0.03574 912.8
0.03575 912.8
0.03576 912.9
0.03577 912.9
0.03578 912.9
0.03579 913.0
0.03580 913.0
0.03581 913.1
0.03582 913.1
0.03583 913.2
0.03584 913.2
0.03585 913.3
0.03586 913.3
0.03587 913.4
0.03588 913.4
0.03589 913.5
0.03590 913.5
0.03591 913.6
0.03592 913.6
0.03593 913.7
0.03594 913.7
0.03595 913.8
0.03596 913.8
0.03597 913.9
0.03598 913.9
0.03599 914.0
0.03600 914.0
0.03601 914.1
0.03602 914.1
0.03603 914.2
0.03604 914.2
0.03605 914.3
0.03606 914.3
0.03607 914.4
0.03608 914.4
0.03609 914.5
0.03610 914.5
0.03611 914.6
0.03612 914.6
0.03613 914.7
0.03614 914.8
0.03615 914.8
0.03616 914.9
0.03617 914.9
0.03618 915.0
0.03619 915.0
0.03620 915.1
0.03621 915.1
0.03622 915.2
0.03623 915.3
0.03624 915.3
0.03625 915.4
0.03626 915.4
0.03627 915.5
0.03628 915.5
0.03629 915.6
0.03630 915.7
0.03631 915.7
0.03632 915.8
0.03633 915.8
0.03634 915.9
0.03635 916.0
0.03636 916.0
0.03637 916.1
0.03638 916.1
0.03639 916.2
0.03640 916.3
0.03641 916.3
0.03642 916.4
0.03643 916.4
0.03644 916.5
0.03645 916.6
0.03646 916.6
0.03647 916.7
0.03648 916.7
0.03649 916.8
0.03650 916.9
0.03651 916.9
0.03652 917.0
0.03653 917.0
0.03654 917.1
0.03655 917.2
0.03656 917.2
0.03657 917.3
0.03658 917.4
0.03659 917.4
0.03660 917.5
0.03661 917.6
0.03662 917.6
0.03663 917.7
0.03664 917.7
0.03665 917.8
0.03666 917.9
0.03667 917.9
0.03668 918.0
0.03669 918.1
0.03670 918.1
0.03671 918.2
0.03672 918.3
0.03673 918.3
0.03674 918.4
0.03675 918.4
0.03676 918.5
0.03677 918.6
0.03678 918.6
0.03679 918.7
0.03680 918.8
0.03681 918.8
0.03682 918.9
0.03683 919.0
0.03684 919.0
0.03685 919.1
0.03686 919.2
0.03687 919.2
0.03688 919.3
0.03689 919.4
0.03690 919.4
0.03691 919.5
0.03692 919.6
0.03693 919.6
0.03694 919.7
0.03695 919.8
0.03696 919.8
0.03697 919.9
0.03698 920.0
0.03699 920.0
0.03700 920.1
0.03701 920.2
0.03702 920.2
0.03703 920.3
0.03704 920.4
0.03705 920.4
0.03706 920.5
0.03707 920.6
0.03708 920.6
0.03709 920.7
0.03710 920.8
0.03711 920.8
0.03712 920.9
0.03713 921.0
0.03714 921.0
0.03715 921.1
0.03716 921.2
0.03717 921.3
0.03718 921.3
0.03719 921.4
0.03720 921.5
0.03721 921.5
0.03722 921.6
0.03723 921.7
0.03724 921.7
0.03725 921.8
0.03726 921.9
0.03727 921.9
0.03728 922.0
0.03729 922.1
0.03730 922.1
0.03731 922.2
0.03732 922.3
0.03733 922.4
0.03734 922.4
0.03735 922.5
0.03736 922.6
0.03737 922.6
0.03738 922.7
0.03739 922.8
0.03740 922.8
0.03741 922.9
0.03742 923.0
0.03743 923.0
0.03744 923.1
0.03745 923.2
0.03746 923.3
0.03747 923.3
0.03748 923.4
0.03749 923.5
0.03750 923.5
0.03751 923.6
0.03752 923.7
0.03753 923.7
0.03754 923.8
0.03755 923.9
0.03756 924.0
0.03757 924.0
0.03758 924.1
0.03759 924.2
0.03760 924.2
0.03761 924.3
0.03762 924.4
0.03763 924.5
0.03764 924.5
0.03765 924.6
0.03766 924.7
0.03767 924.7
0.03768 924.8
0.03769 924.9
0.03770 924.9
0.03771 925.0
0.03772 925.1
0.03773 925.2
0.03774 925.2
0.03775 925.3
0.03776 925.4
0.03777 925.4
0.03778 925.5
0.03779 925.6
0.03780 925.7
0.03781 925.7
0.03782 925.8
0.03783 925.9
0.03784 925.9
0.03785 926.0
0.03786 926.1
0.03787 926.2
0.03788 926.2
0.03789 926.3
0.03790 926.4
0.03791 926.4
0.03792 926.5
0.03793 926.6
0.03794 926.7
0.03795 926.7
0.03796 926.8
0.03797 926.9
0.03798 926.9
0.03799 927.0
0.03800 927.1
0.03801 927.2
0.03802 927.2
0.03803 927.3
0.03804 927.4
0.03805 927.4
0.03806 927.5
0.03807 927.6
0.03808 927.7
0.03809 927.7
0.03810 927.8
0.03811 927.9
0.03812 927.9
0.03813 928.0
0.03814 928.1
0.03815 928.1
0.03816 928.2
0.03817 928.3
0.03818 928.4
0.03819 928.4
0.03820 928.5
0.03821 928.6
0.03822 928.6
0.03823 928.7
0.03824 928.8
0.03825 928.9
0.03826 928.9
0.03827 929.0
0.03828 929.1
0.03829 929.1
0.03830 929.2
0.03831 929.3
0.03832 929.4
0.03833 929.4
0.03834 929.5
0.03835 929.6
0.03836 929.6
0.03837 929.7
0.03838 929.8
0.03839 929.9
0.03840 929.9
0.03841 930.0
0.03842 930.1
0.03843 930.1
0.03844 930.2
0.03845 930.3
0.03846 930.4
0.03847 930.4
0.03848 930.5
0.03849 930.6
0.03850 930.6
0.03851 930.7
0.03852 930.8
0.03853 930.9
0.03854 930.9
0.03855 931.0
0.03856 931.1
0.03857 931.1
0.03858 931.2
0.03859 931.3
0.03860 931.3
0.03861 931.4
0.03862 931.5
0.03863 931.6
0.03864 931.6
0.03865 931.7
0.03866 931.8
0.03867 931.8
0.03868 931.9
0.03869 932.0
0.03870 932.1
0.03871 932.1
0.03872 932.2
0.03873 932.3
0.03874 932.3
0.03875 932.4
0.03876 932.5
0.03877 932.5
0.03878 932.6
0.03879 932.7
0.03880 932.8
0.03881 932.8
0.03882 932.9
0.03883 933.0
0.03884 933.0
0.03885 933.1
0.03886 933.2
0.03887 933.3
0.03888 933.3
0.03889 933.4
0.03890 933.5
0.03891 933.5
0.03892 933.6
0.03893 933.7
0.03894 933.7
0.03895 933.8
0.03896 933.9
0.03897 934.0
0.03898 934.0
0.03899 934.1
0.03900 934.2
0.03901 934.2
0.03902 934.3
0.03903 934.4
0.03904 934.4
0.03905 934.5
0.03906 934.6
0.03907 934.6
0.03908 934.7
0.03909 934.8
0.03910 934.9
0.03911 934.9
0.03912 935.0
0.03913 935.1
0.03914 935.1
0.03915 935.2
0.03916 935.3
0.03917 935.3
0.03918 935.4
0.03919 935.5
0.03920 935.5
0.03921 935.6
0.03922 935.7
0.03923 935.8
0.03924 935.8
0.03925 935.9
0.03926 936.0
0.03927 936.0
0.03928 936.1
0.03929 936.2
0.03930 936.2
0.03931 936.3
0.03932 936.4
0.03933 936.4
0.03934 936.5
0.03935 936.6
0.03936 936.6
0.03937 936.7
0.03938 936.8
0.03939 936.8
0.03940 936.9
0.03941 937.0
0.03942 937.0
0.03943 937.1
0.03944 937.2
0.03945 937.3
0.03946 937.3
0.03947 937.4
0.03948 937.5
0.03949 937.5
0.03950 937.6
0.03951 937.7
0.03952 937.7
0.03953 937.8
0.03954 937.9
0.03955 937.9
0.03956 938.0
0.03957 938.1
0.03958 938.1
0.03959 938.2
0.03960 938.3
0.03961 938.3
0.03962 938.4
0.03963 938.5
0.03964 938.5
0.03965 938.6
0.03966 938.7
0.03967 938.7
0.03968 938.8
0.03969 938.9
0.03970 938.9
0.03971 939.0
0.03972 939.1
0.03973 939.1
0.03974 939.2
0.03975 939.3
0.03976 939.3
0.03977 939.4
0.03978 939.5
0.03979 939.5
0.03980 939.6
0.03981 939.7
0.03982 939.7
0.03983 939.8
0.03984 939.9
0.03985 939.9
0.03986 940.0
0.03987 940.1
0.03988 940.1
0.03989 940.2
0.03990 940.3
0.03991 940.3
0.03992 940.4
0.03993 940.4
0.03994 940.5
0.03995 940.6
0.03996 940.6
0.03997 940.7
0.03998 940.8
0.03999 940.8
0.04000 940.9
0.04001 941.0
0.04002 941.0
0.04003 941.1
0.04004 941.2
0.04005 941.2
0.04006 941.3
0.04007 941.4
0.04008 941.4
0.04009 941.5
0.04010 941.5
0.04011 941.6
0.04012 941.7
0.04013 941.7
0.04014 941.8
0.04015 941.9
0.04016 941.9
0.04017 942.0
0.04018 942.1
0.04019 942.1
0.04020 942.2
0.04021 942.2
0.04022 942.3
0.04023 942.4
0.04024 942.4
0.04025 942.5
0.04026 942.6
0.04027 942.6
0.04028 942.7
0.04029 942.8
0.04030 942.8
0.04031 942.9
0.04032 942.9
0.04033 943.0
0.04034 943.1
0.04035 943.1
0.04036 943.2
0.04037 943.3
0.04038 943.3
0.04039 943.4
0.04040 943.4
0.04041 943.5
0.04042 943.6
0.04043 943.6
0.04044 943.7
0.04045 943.8
0.04046 943.8
0.04047 943.9
0.04048 943.9
0.04049 944.0
0.04050 944.1
0.04051 944.1
0.04052 944.2
0.04053 944.2
0.04054 944.3
0.04055 944.4
0.04056 944.4
0.04057 944.5
0.04058 944.6
0.04059 944.6
0.04060 944.7
0.04061 944.7
0.04062 944.8
0.04063 944.9
0.04064 944.9
0.04065 945.0
0.04066 945.0
0.04067 945.1
0.04068 945.2
0.04069 945.2
0.04070 945.3
0.04071 945.3
0.04072 945.4
0.04073 945.5
0.04074 945.5
0.04075 945.6
0.04076 945.6
0.04077 945.7
0.04078 945.8
0.04079 945.8
0.04080 945.9
0.04081 945.9
0.04082 946.0
0.04083 946.1
0.04084 946.1
0.04085 946.2
0.04086 946.2
0.04087 946.3
0.04088 946.4
0.04089 946.4
0.04090 946.5
0.04091 946.5
0.04092 946.6
0.04093 946.7
0.04094 946.7
0.04095 946.8
0.04096 946.8
0.04097 946.9
0.04098 946.9
0.04099 947.0
0.04100 947.1
0.04101 947.1
0.04102 947.2
0.04103 947.2
0.04104 947.3
0.04105 947.4
0.04106 947.4
0.04107 947.5
0.04108 947.5
0.04109 947.6
0.04110 947.6
0.04111 947.7
0.04112 947.8
0.04113 947.8
0.04114 947.9
0.04115 947.9
0.04116 948.0
0.04117 948.0
0.04118 948.1
0.04119 948.2
0.04120 948.2
0.04121 948.3
0.04122 948.3
0.04123 948.4
0.04124 948.4
0.04125 948.5
0.04126 948.6
0.04127 948.6
0.04128 948.7
0.04129 948.7
0.04130 948.8
0.04131 948.8
0.04132 948.9
0.04133 948.9
0.04134 949.0
0.04135 949.1
0.04136 949.1
0.04137 949.2
0.04138 949.2
0.04139 949.3
0.04140 949.3
0.04141 949.4
0.04142 949.4
0.04143 949.5
0.04144 949.6
0.04145 949.6
0.04146 949.7
0.04147 949.7
0.04148 949.8
0.04149 949.8
0.04150 949.9
0.04151 949.9
0.04152 950.0
0.04153 950.0
0.04154 950.1
0.04155 950.2
0.04156 950.2
0.04157 950.3
0.04158 950.3
0.04159 950.4
0.04160 950.4
0.04161 950.5
0.04162 950.5
0.04163 950.6
0.04164 950.6
0.04165 950.7
0.04166 950.7
0.04167 950.8
0.04168 950.9
0.04169 950.9
0.04170 951.0
0.04171 951.0
0.04172 951.1
0.04173 951.1
0.04174 951.2
0.04175 951.2
0.04176 951.3
0.04177 951.3
0.04178 951.4
0.04179 951.4
0.04180 951.5
0.04181 951.5
0.04182 951.6
0.04183 951.6
0.04184 951.7
0.04185 951.8
0.04186 951.8
0.04187 951.9
0.04188 951.9
0.04189 952.0
0.04190 952.0
0.04191 952.1
0.04192 952.1
0.04193 952.2
0.04194 952.2
0.04195 952.3
0.04196 952.3
0.04197 952.4
0.04198 952.4
0.04199 952.5
0.04200 952.5
0.04201 952.6
0.04202 952.6
0.04203 952.7
0.04204 952.7
0.04205 952.8
0.04206 952.8
0.04207 952.9
0.04208 952.9
0.04209 953.0
0.04210 953.0
0.04211 953.1
0.04212 953.1
0.04213 953.2
0.04214 953.2
0.04215 953.3
0.04216 953.3
0.04217 953.4
0.04218 953.4
0.04219 953.5
0.04220 953.5
0.04221 953.6
0.04222 953.6
0.04223 953.7
0.04224 953.7
0.04225 953.8
0.04226 953.8
0.04227 953.9
0.04228 953.9
0.04229 954.0
0.04230 954.0
0.04231 954.1
0.04232 954.1
0.04233 954.2
0.04234 954.2
0.04235 954.3
0.04236 954.3
0.04237 954.4
0.04238 954.4
0.04239 954.5
0.04240 954.5
0.04241 954.6
0.04242 954.6
0.04243 954.7
0.04244 954.7
0.04245 954.7
0.04246 954.8
0.04247 954.8
0.04248 954.9
0.04249 954.9
0.04250 955.0
0.04251 955.0
0.04252 955.1
0.04253 955.1
0.04254 955.2
0.04255 955.2
0.04256 955.3
0.04257 955.3
0.04258 955.4
0.04259 955.4
0.04260 955.5
0.04261 955.5
0.04262 955.6
0.04263 955.6
0.04264 955.6
0.04265 955.7
0.04266 955.7
0.04267 955.8
0.04268 955.8
0.04269 955.9
0.04270 955.9
0.04271 956.0
0.04272 956.0
0.04273 956.1
0.04274 956.1
0.04275 956.2
0.04276 956.2
0.04277 956.2
0.04278 956.3
0.04279 956.3
0.04280 956.4
0.04281 956.4
0.04282 956.5
0.04283 956.5
0.04284 956.6
0.04285 956.6
0.04286 956.6
0.04287 956.7
0.04288 956.7
0.04289 956.8
0.04290 956.8
0.04291 956.9
0.04292 956.9
0.04293 957.0
0.04294 957.0
0.04295 957.1
0.04296 957.1
0.04297 957.1
0.04298 957.2
0.04299 957.2
0.04300 957.3
0.04301 957.3
0.04302 957.4
0.04303 957.4
0.04304 957.4
0.04305 957.5
0.04306 957.5
0.04307 957.6
0.04308 957.6
0.04309 957.7
0.04310 957.7
0.04311 957.7
0.04312 957.8
0.04313 957.8
0.04314 957.9
0.04315 957.9
0.04316 958.0
0.04317 958.0
0.04318 958.0
0.04319 958.1
0.04320 958.1
0.04321 958.2
0.04322 958.2
0.04323 958.3
0.04324 958.3
0.04325 958.3
0.04326 958.4
0.04327 958.4
0.04328 958.5
0.04329 958.5
0.04330 958.6
0.04331 958.6
0.04332 958.6
0.04333 958.7
0.04334 958.7
0.04335 958.8
0.04336 958.8
0.04337 958.8
0.04338 958.9
0.04339 958.9
0.04340 959.0
0.04341 959.0
0.04342 959.1
0.04343 959.1
0.04344 959.1
0.04345 959.2
0.04346 959.2
0.04347 959.3
0.04348 959.3
0.04349 959.3
0.04350 959.4
0.04351 959.4
0.04352 959.5
0.04353 959.5
0.04354 959.5
0.04355 959.6
0.04356 959.6
0.04357 959.7
0.04358 959.7
0.04359 959.7
0.04360 959.8
0.04361 959.8
0.04362 959.9
0.04363 959.9
0.04364 959.9
0.04365 960.0
0.04366 960.0
0.04367 960.1
0.04368 960.1
0.04369 960.1
0.04370 960.2
0.04371 960.2
0.04372 960.3
0.04373 960.3
0.04374 960.3
0.04375 960.4
0.04376 960.4
0.04377 960.4
0.04378 960.5
0.04379 960.5
0.04380 960.6
0.04381 960.6
0.04382 960.6
0.04383 960.7
0.04384 960.7
0.04385 960.8
0.04386 960.8
0.04387 960.8
0.04388 960.9
0.04389 960.9
0.04390 960.9
0.04391 961.0
0.04392 961.0
0.04393 961.1
0.04394 961.1
0.04395 961.1
0.04396 961.2
0.04397 961.2
0.04398 961.2
0.04399 961.3
0.04400 961.3
0.04401 961.4
0.04402 961.4
0.04403 961.4
0.04404 961.5
0.04405 961.5
0.04406 961.5
0.04407 961.6
0.04408 961.6
0.04409 961.7
0.04410 961.7
0.04411 961.7
0.04412 961.8
0.04413 961.8
0.04414 961.8
0.04415 961.9
0.04416 961.9
0.04417 961.9
0.04418 962.0
0.04419 962.0
0.04420 962.1
0.04421 962.1
0.04422 962.1
0.04423 962.2
0.04424 962.2
0.04425 962.2
0.04426 962.3
0.04427 962.3
0.04428 962.3
0.04429 962.4
0.04430 962.4
0.04431 962.4
0.04432 962.5
0.04433 962.5
0.04434 962.6
0.04435 962.6
0.04436 962.6
0.04437 962.7
0.04438 962.7
0.04439 962.7
0.04440 962.8
0.04441 962.8
0.04442 962.8
0.04443 962.9
0.04444 962.9
0.04445 962.9
0.04446 963.0
0.04447 963.0
0.04448 963.0
0.04449 963.1
0.04450 963.1
0.04451 963.1
0.04452 963.2
0.04453 963.2
0.04454 963.2
0.04455 963.3
0.04456 963.3
0.04457 963.3
0.04458 963.4
0.04459 963.4
0.04460 963.4
0.04461 963.5
0.04462 963.5
0.04463 963.5
0.04464 963.6
0.04465 963.6
0.04466 963.6
0.04467 963.7
0.04468 963.7
0.04469 963.7
0.04470 963.8
0.04471 963.8
0.04472 963.8
0.04473 963.9
0.04474 963.9
0.04475 963.9
0.04476 964.0
0.04477 964.0
0.04478 964.0
0.04479 964.1
0.04480 964.1
0.04481 964.1
0.04482 964.2
0.04483 964.2
0.04484 964.2
0.04485 964.3
0.04486 964.3
0.04487 964.3
0.04488 964.4
0.04489 964.4
0.04490 964.4
0.04491 964.5
0.04492 964.5
0.04493 964.5
0.04494 964.6
0.04495 964.6
0.04496 964.6
0.04497 964.7
0.04498 964.7
0.04499 964.7
0.04500 964.7
0.04501 964.8
0.04502 964.8
0.04503 964.8
0.04504 964.9
0.04505 964.9
0.04506 964.9
0.04507 965.0
0.04508 965.0
0.04509 965.0
0.04510 965.1
0.04511 965.1
0.04512 965.1
0.04513 965.1
0.04514 965.2
0.04515 965.2
0.04516 965.2
0.04517 965.3
0.04518 965.3
0.04519 965.3
0.04520 965.4
0.04521 965.4
0.04522 965.4
0.04523 965.4
0.04524 965.5
0.04525 965.5
0.04526 965.5
0.04527 965.6
0.04528 965.6
0.04529 965.6
0.04530 965.7
0.04531 965.7
0.04532 965.7
0.04533 965.7
0.04534 965.8
0.04535 965.8
0.04536 965.8
0.04537 965.9
0.04538 965.9
0.04539 965.9
0.04540 966.0
0.04541 966.0
0.04542 966.0
0.04543 966.0
0.04544 966.1
0.04545 966.1
0.04546 966.1
0.04547 966.2
0.04548 966.2
0.04549 966.2
0.04550 966.2
0.04551 966.3
0.04552 966.3
0.04553 966.3
0.04554 966.4
0.04555 966.4
0.04556 966.4
0.04557 966.4
0.04558 966.5
0.04559 966.5
0.04560 966.5
0.04561 966.6
0.04562 966.6
0.04563 966.6
0.04564 966.6
0.04565 966.7
0.04566 966.7
0.04567 966.7
0.04568 966.7
0.04569 966.8
0.04570 966.8
0.04571 966.8
0.04572 966.9
0.04573 966.9
0.04574 966.9
0.04575 966.9
0.04576 967.0
0.04577 967.0
0.04578 967.0
0.04579 967.1
0.04580 967.1
0.04581 967.1
0.04582 967.1
0.04583 967.2
0.04584 967.2
0.04585 967.2
0.04586 967.2
0.04587 967.3
0.04588 967.3
0.04589 967.3
0.04590 967.3
0.04591 967.4
0.04592 967.4
0.04593 967.4
0.04594 967.5
0.04595 967.5
0.04596 967.5
0.04597 967.5
0.04598 967.6
0.04599 967.6
0.04600 967.6
0.04601 967.6
0.04602 967.7
0.04603 967.7
0.04604 967.7
0.04605 967.7
0.04606 967.8
0.04607 967.8
0.04608 967.8
0.04609 967.8
0.04610 967.9
0.04611 967.9
0.04612 967.9
0.04613 967.9
0.04614 968.0
0.04615 968.0
0.04616 968.0
0.04617 968.0
0.04618 968.1
0.04619 968.1
0.04620 968.1
0.04621 968.1
0.04622 968.2
0.04623 968.2
0.04624 968.2
0.04625 968.2
0.04626 968.3
0.04627 968.3
0.04628 968.3
0.04629 968.3
0.04630 968.4
0.04631 968.4
0.04632 968.4
0.04633 968.4
0.04634 968.5
0.04635 968.5
0.04636 968.5
0.04637 968.5
0.04638 968.6
0.04639 968.6
0.04640 968.6
0.04641 968.6
0.04642 968.7
0.04643 968.7
0.04644 968.7
0.04645 968.7
0.04646 968.8
0.04647 968.8
0.04648 968.8
0.04649 968.8
0.04650 968.9
0.04651 968.9
0.04652 968.9
0.04653 968.9
0.04654 969.0
0.04655 969.0
0.04656 969.0
0.04657 969.0
0.04658 969.0
0.04659 969.1
0.04660 969.1
0.04661 969.1
0.04662 969.1
0.04663 969.2
0.04664 969.2
0.04665 969.2
0.04666 969.2
0.04667 969.3
0.04668 969.3
0.04669 969.3
0.04670 969.3
0.04671 969.3
0.04672 969.4
0.04673 969.4
0.04674 969.4
0.04675 969.4
0.04676 969.5
0.04677 969.5
0.04678 969.5
0.04679 969.5
0.04680 969.6
0.04681 969.6
0.04682 969.6
0.04683 969.6
0.04684 969.6
0.04685 969.7
0.04686 969.7
0.04687 969.7
0.04688 969.7
0.04689 969.8
0.04690 969.8
0.04691 969.8
0.04692 969.8
0.04693 969.8
0.04694 969.9
0.04695 969.9
0.04696 969.9
0.04697 969.9
0.04698 970.0
0.04699 970.0
0.04700 970.0
0.04701 970.0
0.04702 970.0
0.04703 970.1
0.04704 970.1
0.04705 970.1
0.04706 970.1
0.04707 970.1
0.04708 970.2
0.04709 970.2
0.04710 970.2
0.04711 970.2
0.04712 970.3
0.04713 970.3
0.04714 970.3
0.04715 970.3
0.04716 970.3
0.04717 970.4
0.04718 970.4
0.04719 970.4
0.04720 970.4
0.04721 970.4
0.04722 970.5
0.04723 970.5
0.04724 970.5
0.04725 970.5
0.04726 970.5
0.04727 970.6
0.04728 970.6
0.04729 970.6
0.04730 970.6
0.04731 970.7
0.04732 970.7
0.04733 970.7
0.04734 970.7
0.04735 970.7
0.04736 970.8
0.04737 970.8
0.04738 970.8
0.04739 970.8
0.04740 970.8
0.04741 970.9
0.04742 970.9
0.04743 970.9
0.04744 970.9
0.04745 970.9
0.04746 971.0
0.04747 971.0
0.04748 971.0
0.04749 971.0
0.04750 971.0
0.04751 971.1
0.04752 971.1
0.04753 971.1
0.04754 971.1
0.04755 971.1
0.04756 971.2
0.04757 971.2
0.04758 971.2
0.04759 971.2
0.04760 971.2
0.04761 971.2
0.04762 971.3
0.04763 971.3
0.04764 971.3
0.04765 971.3
0.04766 971.3
0.04767 971.4
0.04768 971.4
0.04769 971.4
0.04770 971.4
0.04771 971.4
0.04772 971.5
0.04773 971.5
0.04774 971.5
0.04775 971.5
0.04776 971.5
0.04777 971.6
0.04778 971.6
0.04779 971.6
0.04780 971.6
0.04781 971.6
0.04782 971.6
0.04783 971.7
0.04784 971.7
0.04785 971.7
0.04786 971.7
0.04787 971.7
0.04788 971.8
0.04789 971.8
0.04790 971.8
0.04791 971.8
0.04792 971.8
0.04793 971.8
0.04794 971.9
0.04795 971.9
0.04796 971.9
0.04797 971.9
0.04798 971.9
0.04799 972.0
0.04800 972.0
0.04801 972.0
0.04802 972.0
0.04803 972.0
0.04804 972.0
0.04805 972.1
0.04806 972.1
0.04807 972.1
0.04808 972.1
0.04809 972.1
0.04810 972.2
0.04811 972.2
0.04812 972.2
0.04813 972.2
0.04814 972.2
0.04815 972.2
0.04816 972.3
0.04817 972.3
0.04818 972.3
0.04819 972.3
0.04820 972.3
0.04821 972.3
0.04822 972.4
0.04823 972.4
0.04824 972.4
0.04825 972.4
0.04826 972.4
0.04827 972.5
0.04828 972.5
0.04829 972.5
0.04830 972.5
0.04831 972.5
0.04832 972.5
0.04833 972.6
0.04834 972.6
0.04835 972.6
0.04836 972.6
0.04837 972.6
0.04838 972.6
0.04839 972.7
0.04840 972.7
0.04841 972.7
0.04842 972.7
0.04843 972.7
0.04844 972.7
0.04845 972.8
0.04846 972.8
0.04847 972.8
0.04848 972.8
0.04849 972.8
0.04850 972.8
0.04851 972.9
0.04852 972.9
0.04853 972.9
0.04854 972.9
0.04855 972.9
0.04856 972.9
0.04857 972.9
0.04858 973.0
0.04859 973.0
0.04860 973.0
0.04861 973.0
0.04862 973.0
0.04863 973.0
0.04864 973.1
0.04865 973.1
0.04866 973.1
0.04867 973.1
0.04868 973.1
0.04869 973.1
0.04870 973.2
0.04871 973.2
0.04872 973.2
0.04873 973.2
0.04874 973.2
0.04875 973.2
0.04876 973.3
0.04877 973.3
0.04878 973.3
0.04879 973.3
0.04880 973.3
0.04881 973.3
0.04882 973.3
0.04883 973.4
0.04884 973.4
0.04885 973.4
0.04886 973.4
0.04887 973.4
0.04888 973.4
0.04889 973.5
0.04890 973.5
0.04891 973.5
0.04892 973.5
0.04893 973.5
0.04894 973.5
0.04895 973.5
0.04896 973.6
0.04897 973.6
0.04898 973.6
0.04899 973.6
0.04900 973.6
0.04901 973.6
0.04902 973.6
0.04903 973.7
0.04904 973.7
0.04905 973.7
0.04906 973.7
0.04907 973.7
0.04908 973.7
0.04909 973.7
0.04910 973.8
0.04911 973.8
0.04912 973.8
0.04913 973.8
0.04914 973.8
0.04915 973.8
0.04916 973.9
0.04917 973.9
0.04918 973.9
0.04919 973.9
0.04920 973.9
0.04921 973.9
0.04922 973.9
0.04923 974.0
0.04924 974.0
0.04925 974.0
0.04926 974.0
0.04927 974.0
0.04928 974.0
0.04929 974.0
0.04930 974.1
0.04931 974.1
0.04932 974.1
0.04933 974.1
0.04934 974.1
0.04935 974.1
0.04936 974.1
0.04937 974.1
0.04938 974.2
0.04939 974.2
0.04940 974.2
0.04941 974.2
0.04942 974.2
0.04943 974.2
0.04944 974.2
0.04945 974.3
0.04946 974.3
0.04947 974.3
0.04948 974.3
0.04949 974.3
0.04950 974.3
0.04951 974.3
0.04952 974.4
0.04953 974.4
0.04954 974.4
0.04955 974.4
0.04956 974.4
0.04957 974.4
0.04958 974.4
0.04959 974.4
0.04960 974.5
0.04961 974.5
0.04962 974.5
0.04963 974.5
0.04964 974.5
0.04965 974.5
0.04966 974.5
0.04967 974.6
0.04968 974.6
0.04969 974.6
0.04970 974.6
0.04971 974.6
0.04972 974.6
0.04973 974.6
0.04974 974.6
0.04975 974.7
0.04976 974.7
0.04977 974.7
0.04978 974.7
0.04979 974.7
0.04980 974.7
0.04981 974.7
0.04982 974.7
0.04983 974.8
0.04984 974.8
0.04985 974.8
0.04986 974.8
0.04987 974.8
0.04988 974.8
0.04989 974.8
0.04990 974.8
0.04991 974.9
0.04992 974.9
0.04993 974.9
0.04994 974.9
0.04995 974.9
0.04996 974.9
0.04997 974.9
0.04998 974.9
0.04999 975.0
0.05000 982.4
0.05001 982.4
0.05002 982.4
0.05003 982.4
0.05004 982.4
0.05005 982.4
0.05006 982.4
0.05007 982.4
0.05008 982.4
0.05009 982.4
0.05010 982.4
0.05011 982.4
0.05012 982.4
0.05013 982.4
0.05014 982.4
0.05015 982.4
0.05016 982.4
0.05017 982.4
0.05018 982.4
0.05019 982.4
0.05020 982.4
0.05021 982.4
0.05022 982.4
0.05023 982.4
0.05024 982.4
0.05025 982.4
0.05026 982.4
0.05027 982.4
0.05028 982.4
0.05029 982.4
0.05030 982.4
0.05031 982.4
0.05032 982.4
0.05033 982.4
0.05034 982.4
0.05035 982.4
0.05036 982.4
0.05037 982.4
0.05038 982.4
0.05039 982.4
0.05040 982.4
0.05041 982.4
0.05042 982.4
0.05043 982.4
0.05044 982.4
0.05045 982.4
0.05046 982.4
0.05047 982.4
0.05048 982.4
0.05049 982.4
0.05050 982.4
0.05051 982.4
0.05052 982.4
0.05053 982.4
0.05054 982.4
0.05055 982.4
0.05056 982.4
0.05057 982.4
0.05058 982.4
0.05059 982.4
0.05060 982.4
0.05061 982.4
0.05062 982.4
0.05063 982.4
0.05064 982.4
0.05065 982.4
0.05066 982.4
0.05067 982.4
0.05068 982.4
0.05069 982.4
0.05070 982.4
0.05071 982.4
0.05072 982.4
0.05073 982.4
0.05074 982.4
0.05075 982.4
0.05076 982.4
0.05077 982.4
0.05078 982.4
0.05079 982.4
0.05080 982.4
0.05081 982.4
0.05082 982.4
0.05083 982.4
0.05084 982.4
0.05085 982.4
0.05086 982.4
0.05087 982.4
0.05088 982.4
0.05089 982.4
0.05090 982.4
0.05091 982.4
0.05092 982.4
0.05093 982.4
0.05094 982.4
0.05095 982.4
0.05096 982.4
0.05097 982.4
0.05098 982.4
0.05099 982.4
0.05100 982.4
0.05101 982.4
0.05102 982.4
0.05103 982.4
0.05104 982.4
0.05105 982.4
0.05106 982.4
0.05107 982.4
0.05108 982.4
0.05109 982.4
0.05110 982.4
0.05111 982.4
0.05112 982.4
0.05113 982.4
0.05114 982.4
0.05115 982.4
0.05116 982.4
0.05117 982.4
0.05118 982.4
0.05119 982.4
0.05120 982.4
0.05121 982.4
0.05122 982.4
0.05123 982.4
0.05124 982.4
0.05125 982.4
0.05126 982.4
0.05127 982.4
0.05128 982.4
0.05129 982.4
0.05130 982.4
0.05131 982.4
0.05132 982.4
0.05133 982.4
0.05134 982.4
0.05135 982.4
0.05136 982.4
0.05137 982.4
0.05138 982.4
0.05139 982.4
0.05140 982.4
0.05141 982.4
0.05142 982.4
0.05143 982.4
0.05144 982.4
0.05145 982.4
0.05146 982.4
0.05147 982.4
0.05148 982.4
0.05149 982.4
0.05150 982.4
0.05151 982.4
0.05152 982.4
0.05153 982.4
0.05154 982.4
0.05155 982.4
0.05156 982.4
0.05157 982.4
0.05158 982.4
0.05159 982.4
0.05160 982.4
0.05161 982.4
0.05162 982.4
0.05163 982.4
0.05164 982.4
0.05165 982.4
0.05166 982.4
0.05167 982.4
0.05168 982.4
0.05169 982.4
0.05170 982.4
0.05171 982.4
0.05172 982.4
0.05173 982.4
0.05174 982.4
0.05175 982.4
0.05176 982.4
0.05177 982.4
0.05178 982.4
0.05179 982.4
0.05180 982.4
0.05181 982.4
0.05182 982.4
0.05183 982.4
0.05184 982.4
0.05185 982.4
0.05186 982.4
0.05187 982.4
0.05188 982.4
0.05189 982.4
0.05190 982.4
0.05191 982.4
0.05192 982.4
0.05193 982.4
0.05194 982.4
0.05195 982.4
0.05196 982.4
0.05197 982.4
0.05198 982.4
0.05199 982.4
0.05200 982.4
0.05201 982.4
0.05202 982.4
0.05203 982.4
0.05204 982.4
0.05205 982.4
0.05206 982.4
0.05207 982.4
0.05208 982.4
0.05209 982.4
0.05210 982.4
0.05211 982.4
0.05212 982.4
0.05213 982.4
0.05214 982.4
0.05215 982.4
0.05216 982.4
0.05217 982.4
0.05218 982.4
0.05219 982.4
0.05220 982.4
0.05221 982.4
0.05222 982.4
0.05223 982.4
0.05224 982.4
0.05225 982.4
0.05226 982.4
0.05227 982.4
0.05228 982.4
0.05229 982.4
0.05230 982.4
0.05231 982.4
0.05232 982.4
0.05233 982.4
0.05234 982.4
0.05235 982.4
0.05236 982.4
0.05237 982.4
0.05238 982.4
0.05239 982.4
0.05240 982.4
0.05241 982.4
0.05242 982.4
0.05243 982.4
0.05244 982.4
0.05245 982.4
0.05246 982.4
0.05247 982.4
0.05248 982.4
0.05249 982.4
0.05250 982.4
0.05251 982.4
0.05252 982.4
0.05253 982.4
0.05254 982.4
0.05255 982.4
0.05256 982.4
0.05257 982.4
0.05258 982.4
0.05259 982.4
0.05260 982.4
0.05261 982.4
0.05262 982.4
0.05263 982.4
0.05264 982.4
0.05265 982.4
0.05266 982.4
0.05267 982.4
0.05268 982.4
0.05269 982.4
0.05270 982.4
0.05271 982.4
0.05272 982.4
0.05273 982.4
0.05274 982.4
0.05275 982.4
0.05276 982.4
0.05277 982.4
0.05278 982.4
0.05279 982.4
0.05280 982.4
0.05281 982.4
0.05282 982.4
0.05283 982.4
0.05284 982.4
0.05285 982.4
0.05286 982.4
0.05287 982.4
0.05288 982.4
0.05289 982.4
0.05290 982.4
0.05291 982.4
0.05292 982.4
0.05293 982.4
0.05294 982.4
0.05295 982.4
0.05296 982.4
0.05297 982.4
0.05298 982.4
0.05299 982.4
0.05300 982.4
0.05301 982.4
0.05302 982.4
0.05303 982.4
0.05304 982.4
0.05305 982.4
0.05306 982.4
0.05307 982.4
0.05308 982.4
0.05309 982.4
0.05310 982.4
0.05311 982.4
0.05312 982.4
0.05313 982.4
0.05314 982.4
0.05315 982.4
0.05316 982.4
0.05317 982.4
0.05318 982.4
0.05319 982.4
0.05320 982.4
0.05321 982.4
0.05322 982.4
0.05323 982.4
0.05324 982.4
0.05325 982.4
0.05326 982.4
0.05327 982.4
0.05328 982.4
0.05329 982.4
0.05330 982.4
0.05331 982.4
0.05332 982.4
0.05333 982.4
0.05334 982.4
0.05335 982.4
0.05336 982.4
0.05337 982.4
0.05338 982.4
0.05339 982.4
0.05340 982.4
0.05341 982.4
0.05342 982.4
0.05343 982.4
0.05344 982.4
0.05345 982.4
0.05346 982.4
0.05347 982.4
0.05348 982.4
0.05349 982.4
0.05350 982.4
0.05351 982.4
0.05352 982.4
0.05353 982.4
0.05354 982.4
0.05355 982.4
0.05356 982.4
0.05357 982.4
0.05358 982.4
0.05359 982.4
0.05360 982.4
0.05361 982.4
0.05362 982.4
0.05363 982.4
0.05364 982.4
0.05365 982.4
0.05366 982.4
0.05367 982.4
0.05368 982.4
0.05369 982.4
0.05370 982.4
0.05371 982.4
0.05372 982.4
0.05373 982.4
0.05374 982.4
0.05375 982.4
0.05376 982.4
0.05377 982.4
0.05378 982.4
0.05379 982.4
0.05380 982.4
0.05381 982.4
0.05382 982.4
0.05383 982.4
0.05384 982.4
0.05385 982.4
0.05386 982.4
0.05387 982.4
0.05388 982.4
0.05389 982.4
0.05390 982.4
0.05391 982.4
0.05392 982.4
0.05393 982.4
0.05394 982.4
0.05395 982.4
0.05396 982.4
0.05397 982.4
0.05398 982.4
0.05399 982.4
0.05400 982.4
0.05401 982.4
0.05402 982.4
0.05403 982.4
0.05404 982.4
0.05405 982.4
0.05406 982.4
0.05407 982.4
0.05408 982.4
0.05409 982.4
0.05410 982.4
0.05411 982.4
0.05412 982.4
0.05413 982.4
0.05414 982.4
0.05415 982.4
0.05416 982.4
0.05417 982.4
0.05418 982.4
0.05419 982.4
0.05420 982.4
0.05421 982.4
0.05422 982.4
0.05423 982.4
0.05424 982.4
0.05425 982.4
0.05426 982.4
0.05427 982.4
0.05428 982.4
0.05429 982.4
0.05430 982.4
0.05431 982.4
0.05432 982.4
0.05433 982.4
0.05434 982.4
0.05435 982.4
0.05436 982.4
0.05437 982.4
0.05438 982.4
0.05439 982.4
0.05440 982.4
0.05441 982.4
0.05442 982.4
0.05443 982.4
0.05444 982.4
0.05445 982.4
0.05446 982.4
0.05447 982.4
0.05448 982.4
0.05449 982.4
0.05450 982.4
0.05451 982.4
0.05452 982.4
0.05453 982.4
0.05454 982.4
0.05455 982.4
0.05456 982.4
0.05457 982.4
0.05458 982.4
0.05459 982.4
0.05460 982.4
0.05461 982.4
0.05462 982.4
0.05463 982.4
0.05464 982.4
0.05465 982.4
0.05466 982.4
0.05467 982.4
0.05468 982.4
0.05469 982.4
0.05470 982.4
0.05471 982.4
0.05472 982.4
0.05473 982.4
0.05474 982.4
0.05475 982.4
0.05476 982.4
0.05477 982.4
0.05478 982.4
0.05479 982.4
0.05480 982.4
0.05481 982.4
0.05482 982.4
0.05483 982.4
0.05484 982.4
0.05485 982.4
0.05486 982.4
0.05487 982.4
0.05488 982.4
0.05489 982.4
0.05490 982.4
0.05491 982.4
0.05492 982.4
0.05493 982.4
0.05494 982.4
0.05495 982.4
0.05496 982.4
0.05497 982.4
0.05498 982.4
0.05499 982.4
0.05500 982.4
0.05501 982.4
0.05502 982.4
0.05503 982.4
0.05504 982.4
0.05505 982.4
0.05506 982.4
0.05507 982.4
0.05508 982.4
0.05509 982.4
0.05510 982.4
0.05511 982.4
0.05512 982.4
0.05513 982.4
0.05514 982.4
0.05515 982.4
0.05516 982.4
0.05517 982.4
0.05518 982.4
0.05519 982.4
0.05520 982.4
0.05521 982.4
0.05522 982.4
0.05523 982.4
0.05524 982.4
0.05525 982.4
0.05526 982.4
0.05527 982.4
0.05528 982.4
0.05529 982.4
0.05530 982.4
0.05531 982.4
0.05532 982.4
0.05533 982.4
0.05534 982.4
0.05535 982.4
0.05536 982.4
0.05537 982.4
0.05538 982.4
0.05539 982.4
0.05540 982.4
0.05541 982.4
0.05542 982.4
0.05543 982.4
0.05544 982.4
0.05545 982.4
0.05546 982.4
0.05547 982.4
0.05548 982.4
0.05549 982.4
0.05550 982.4
0.05551 982.4
0.05552 982.4
0.05553 982.4
0.05554 982.4
0.05555 982.4
0.05556 982.4
0.05557 982.4
0.05558 982.4
0.05559 982.4
0.05560 982.4
0.05561 982.4
0.05562 982.4
0.05563 982.4
0.05564 982.4
0.05565 982.4
0.05566 982.4
0.05567 982.4
0.05568 982.4
0.05569 982.4
0.05570 982.4
0.05571 982.4
0.05572 982.4
0.05573 982.4
0.05574 982.4
0.05575 982.4
0.05576 982.4
0.05577 982.4
0.05578 982.4
0.05579 982.4
0.05580 982.4
0.05581 982.4
0.05582 982.4
0.05583 982.4
0.05584 982.4
0.05585 982.4
0.05586 982.4
0.05587 982.4
0.05588 982.4
0.05589 982.4
0.05590 982.4
0.05591 982.4
0.05592 982.4
0.05593 982.4
0.05594 982.4
0.05595 982.4
0.05596 982.4
0.05597 982.4
0.05598 982.4
0.05599 982.4
0.05600 982.4
0.05601 982.4
0.05602 982.4
0.05603 982.4
0.05604 982.4
0.05605 982.4
0.05606 982.4
0.05607 982.4
0.05608 982.4
0.05609 982.4
0.05610 982.4
0.05611 982.4
0.05612 982.4
0.05613 982.4
0.05614 982.4
0.05615 982.4
0.05616 982.4
0.05617 982.4
0.05618 982.4
0.05619 982.4
0.05620 982.4
0.05621 982.4
0.05622 982.4
0.05623 982.4
0.05624 982.4
0.05625 982.4
0.05626 982.4
0.05627 982.4
0.05628 982.4
0.05629 982.4
0.05630 982.4
0.05631 982.4
0.05632 982.4
0.05633 982.4
0.05634 982.4
0.05635 982.4
0.05636 982.4
0.05637 982.4
0.05638 982.4
0.05639 982.4
0.05640 982.4
0.05641 982.4
0.05642 982.4
0.05643 982.4
0.05644 982.4
0.05645 982.4
0.05646 982.4
0.05647 982.4
0.05648 982.4
0.05649 982.4
0.05650 982.4
0.05651 982.4
0.05652 982.4
0.05653 982.4
0.05654 982.4
0.05655 982.4
0.05656 982.4
0.05657 982.4
0.05658 982.4
0.05659 982.4
0.05660 982.4
0.05661 982.4
0.05662 982.4
0.05663 982.4
0.05664 982.4
0.05665 982.4
0.05666 982.4
0.05667 982.4
0.05668 982.4
0.05669 982.4
0.05670 982.4
0.05671 982.4
0.05672 982.4
0.05673 982.4
0.05674 982.4
0.05675 982.4
0.05676 982.4
0.05677 982.4
0.05678 982.4
0.05679 982.4
0.05680 982.4
0.05681 982.4
0.05682 982.4
0.05683 982.4
0.05684 982.4
0.05685 982.4
0.05686 982.4
0.05687 982.4
0.05688 982.4
0.05689 982.4
0.05690 982.4
0.05691 982.4
0.05692 982.4
0.05693 982.4
0.05694 982.4
0.05695 982.4
0.05696 982.4
0.05697 982.4
0.05698 982.4
0.05699 982.4
0.05700 982.4
0.05701 982.4
0.05702 982.4
0.05703 982.4
0.05704 982.4
0.05705 982.4
0.05706 982.4
0.05707 982.4
0.05708 982.4
0.05709 982.4
0.05710 982.4
0.05711 982.4
0.05712 982.4
0.05713 982.4
0.05714 982.4
0.05715 982.4
0.05716 982.4
0.05717 982.4
0.05718 982.4
0.05719 982.4
0.05720 982.4
0.05721 982.4
0.05722 982.4
0.05723 982.4
0.05724 982.4
0.05725 982.4
0.05726 982.4
0.05727 982.4
0.05728 982.4
0.05729 982.4
0.05730 982.4
0.05731 982.4
0.05732 982.4
0.05733 982.4
0.05734 982.4
0.05735 982.4
0.05736 982.4
0.05737 982.4
0.05738 982.4
0.05739 982.4
0.05740 982.4
0.05741 982.4
0.05742 982.4
0.05743 982.4
0.05744 982.4
0.05745 982.4
0.05746 982.4
0.05747 982.4
0.05748 982.4
0.05749 982.4
0.05750 982.4
0.05751 982.4
0.05752 982.4
0.05753 982.4
0.05754 982.4
0.05755 982.4
0.05756 982.4
0.05757 982.4
0.05758 982.4
0.05759 982.4
0.05760 982.4
0.05761 982.4
0.05762 982.4
0.05763 982.4
0.05764 982.4
0.05765 982.4
0.05766 982.4
0.05767 982.4
0.05768 982.4
0.05769 982.4
0.05770 982.4
0.05771 982.4
0.05772 982.4
0.05773 982.4
0.05774 982.4
0.05775 982.4
0.05776 982.4
0.05777 982.4
0.05778 982.4
0.05779 982.4
0.05780 982.4
0.05781 982.4
0.05782 982.4
0.05783 982.4
0.05784 982.4
0.05785 982.4
0.05786 982.4
0.05787 982.4
0.05788 982.4
0.05789 982.4
0.05790 982.4
0.05791 982.4
0.05792 982.4
0.05793 982.4
0.05794 982.4
0.05795 982.4
0.05796 982.4
0.05797 982.4
0.05798 982.4
0.05799 982.4
0.05800 982.4
0.05801 982.4
0.05802 982.4
0.05803 982.4
0.05804 982.4
0.05805 982.4
0.05806 982.4
0.05807 982.4
0.05808 982.4
0.05809 982.4
0.05810 982.4
0.05811 982.4
0.05812 982.4
0.05813 982.4
0.05814 982.4
0.05815 982.4
0.05816 982.4
0.05817 982.4
0.05818 982.4
0.05819 982.4
0.05820 982.4
0.05821 982.4
0.05822 982.4
0.05823 982.4
0.05824 982.4
0.05825 982.4
0.05826 982.4
0.05827 982.4
0.05828 982.4
0.05829 982.4
0.05830 982.4
0.05831 982.4
0.05832 982.4
0.05833 982.4
0.05834 982.4
0.05835 982.4
0.05836 982.4
0.05837 982.4
0.05838 982.4
0.05839 982.4
0.05840 982.4
0.05841 982.4
0.05842 982.4
0.05843 982.4
0.05844 982.4
0.05845 982.4
0.05846 982.4
0.05847 982.4
0.05848 982.4
0.05849 982.4
0.05850 982.4
0.05851 982.4
0.05852 982.4
0.05853 982.4
0.05854 982.4
0.05855 982.4
0.05856 982.4
0.05857 982.4
0.05858 982.4
0.05859 982.4
0.05860 982.4
0.05861 982.4
0.05862 982.4
0.05863 982.4
0.05864 982.4
0.05865 982.4
0.05866 982.4
0.05867 982.4
0.05868 982.4
0.05869 982.4
0.05870 982.4
0.05871 982.4
0.05872 982.4
0.05873 982.4
0.05874 982.4
0.05875 982.4
0.05876 982.4
0.05877 982.4
0.05878 982.4
0.05879 982.4
0.05880 982.4
0.05881 982.4
0.05882 982.4
0.05883 982.4
0.05884 982.4
0.05885 982.4
0.05886 982.4
0.05887 982.4
0.05888 982.4
0.05889 982.4
0.05890 982.4
0.05891 982.4
0.05892 982.4
0.05893 982.4
0.05894 982.4
0.05895 982.4
0.05896 982.4
0.05897 982.4
0.05898 982.4
0.05899 982.4
0.05900 982.4
0.05901 982.4
0.05902 982.4
0.05903 982.4
0.05904 982.4
0.05905 982.4
0.05906 982.4
0.05907 982.4
0.05908 982.4
0.05909 982.4
0.05910 982.4
0.05911 982.4
0.05912 982.4
0.05913 982.4
0.05914 982.4
0.05915 982.4
0.05916 982.4
0.05917 982.4
0.05918 982.4
0.05919 982.4
0.05920 982.4
0.05921 982.4
0.05922 982.4
0.05923 982.4
0.05924 982.4
0.05925 982.4
0.05926 982.4
0.05927 982.4
0.05928 982.4
0.05929 982.4
0.05930 982.4
0.05931 982.4
0.05932 982.4
0.05933 982.4
0.05934 982.4
0.05935 982.4
0.05936 982.4
0.05937 982.4
0.05938 982.4
0.05939 982.4
0.05940 982.4
0.05941 982.4
0.05942 982.4
0.05943 982.4
0.05944 982.4
0.05945 982.4
0.05946 982.4
0.05947 982.4
0.05948 982.4
0.05949 982.4
0.05950 982.4
0.05951 982.4
0.05952 982.4
0.05953 982.4
0.05954 982.4
0.05955 982.4
0.05956 982.4
0.05957 982.4
0.05958 982.4
0.05959 982.4
0.05960 982.4
0.05961 982.4
0.05962 982.4
0.05963 982.4
0.05964 982.4
0.05965 982.4
0.05966 982.4
0.05967 982.4
0.05968 982.4
0.05969 982.4
0.05970 982.4
0.05971 982.4
0.05972 982.4
0.05973 982.4
0.05974 982.4
0.05975 982.4
0.05976 982.4
0.05977 982.4
0.05978 982.4
0.05979 982.4
0.05980 982.4
0.05981 982.4
0.05982 982.4
0.05983 982.4
0.05984 982.4
0.05985 982.4
0.05986 982.4
0.05987 982.4
0.05988 982.4
0.05989 982.4
0.05990 982.4
0.05991 982.4
0.05992 982.4
0.05993 982.4
0.05994 982.4
0.05995 982.4
0.05996 982.4
0.05997 982.4
0.05998 982.4
0.05999 982.4
0.06000 982.4
