0.00000 826.6
0.00001 826.6
0.00002 826.6
0.00003 826.6
0.00004 826.6
0.00005 826.6
0.00006 826.6
0.00007 826.6
0.00008 826.6
0.00009 826.6
0.00010 826.6
0.00011 826.6
0.00012 826.6
0.00013 826.6
0.00014 826.6
0.00015 826.6
0.00016 826.6
0.00017 826.6
0.00018 826.6
0.00019 826.6
0.00020 826.6
0.00021 826.6
0.00022 826.6
0.00023 826.6
0.00024 826.6
0.00025 826.6
0.00026 826.6
0.00027 826.6
0.00028 826.6
0.00029 826.6
0.00030 826.6
0.00031 826.6
0.00032 826.6
0.00033 826.6
0.00034 826.6
0.00035 826.6
0.00036 826.6
0.00037 826.6
0.00038 826.6
0.00039 826.6
0.00040 826.6
0.00041 826.6
0.00042 826.6
0.00043 826.6
0.00044 826.6
0.00045 826.6
0.00046 826.6
0.00047 826.6
0.00048 826.6
0.00049 826.6
0.00050 826.6
0.00051 826.6
0.00052 826.6
0.00053 826.6
0.00054 826.6
0.00055 826.6
0.00056 826.6
0.00057 826.6
0.00058 826.6
0.00059 826.6
0.00060 826.6
0.00061 826.6
0.00062 826.6
0.00063 826.6
0.00064 826.6
0.00065 826.6
0.00066 826.6
0.00067 826.6
0.00068 826.6
0.00069 826.6
0.00070 826.6
0.00071 826.6
0.00072 826.6
0.00073 826.6
0.00074 826.6
0.00075 826.6
0.00076 826.6
0.00077 826.6
0.00078 826.6
0.00079 826.6
0.00080 826.6
0.00081 826.6
0.00082 826.6
0.00083 826.6
0.00084 826.6
0.00085 826.6
0.00086 826.6
0.00087 826.6
0.00088 826.6
0.00089 826.6
0.00090 826.6
0.00091 826.6
0.00092 826.6
0.00093 826.6
0.00094 826.6
0.00095 826.6
0.00096 826.6
0.00097 826.6
0.00098 826.6
0.00099 826.6
0.00100 826.6
0.00101 858.3
0.00102 891.0
0.00103 925.0
0.00104 960.1
0.00105 996.4
0.00106 1034.0
0.00107 1073.0
0.00108 1113.2
0.00109 1154.8
0.00110 1197.9
0.00111 1242.5
0.00112 1288.6
0.00113 1336.2
0.00114 1385.5
0.00115 1436.5
0.00116 1489.3
0.00117 1543.8
0.00118 1600.3
0.00119 1658.7
0.00120 1719.2
0.00121 1781.8
0.00122 1846.6
0.00123 1913.8
0.00124 1983.4
0.00125 2055.6
0.00126 2130.5
0.00127 2208.3
0.00128 2289.2
0.00129 2373.4
0.00130 2461.2
0.00131 2552.8
0.00132 2648.7
0.00133 2749.1
0.00134 2854.6
0.00135 2965.7
0.00136 3083.0
0.00137 3207.4
0.00138 3339.7
0.00139 3481.0
0.00140 3632.7
0.00141 3796.3
0.00142 3973.8
0.00143 4167.4
0.00144 4380.0
0.00145 4615.1
0.00146 4877.1
0.00147 5171.5
0.00148 5505.0
0.00149 5886.3
0.00150 6326.6
0.00151 6589.2
0.00152 6911.7
0.00153 7306.0
0.00154 7786.7
0.00155 8373.0
0.00156 9089.0
0.00157 9965.7
0.00158 11042.7
0.00159 12369.3
0.00160 14006.4
0.00161 16025.9
0.00162 18506.8
0.00163 21526.0
0.00164 25139.5
0.00165 29355.3
0.00166 34105.2
0.00167 39230.1
0.00168 44498.2
0.00169 49654.6
0.00170 54479.7
0.00171 58825.1
0.00172 62618.8
0.00173 65847.4
0.00174 68534.0
0.00175 70719.3
0.00176 72449.8
0.00177 73771.6
0.00178 74727.0
0.00179 75353.9
0.00180 75685.3
0.00181 75750.0
0.00182 75573.1
0.00183 75176.2
0.00184 74578.7
0.00185 73797.6
0.00186 72848.2
0.00187 71744.8
0.00188 70500.4
0.00189 69127.5
0.00190 67638.1
0.00191 66043.7
0.00192 64355.7
0.00193 62585.3
0.00194 60743.6
0.00195 58841.4
0.00196 56889.8
0.00197 54899.4
0.00198 52880.7
0.00199 50843.9
0.00200 48799.0
0.00201 46755.6
0.00202 44722.8
0.00203 42709.0
0.00204 40722.2
0.00205 38769.9
0.00206 36858.5
0.00207 34994.1
0.00208 33181.9
0.00209 31426.2
0.00210 29730.7
0.00211 28098.4
0.00212 26531.6
0.00213 25031.8
0.00214 23599.9
0.00215 22236.4
0.00216 20940.9
0.00217 19713.0
0.00218 18551.4
0.00219 17454.7
0.00220 16421.2
0.00221 15448.8
0.00222 14535.3
0.00223 13678.3
0.00224 12875.2
0.00225 12123.6
0.00226 11420.7
0.00227 10764.0
0.00228 10150.8
0.00229 9578.6
0.00230 9044.8
0.00231 8547.1
0.00232 8083.1
0.00233 7650.5
0.00234 7247.3
0.00235 6871.4
0.00236 6520.8
0.00237 6193.9
0.00238 5888.8
0.00239 5604.0
0.00240 5338.1
0.00241 5089.6
0.00242 4857.3
0.00243 4640.0
0.00244 4436.5
0.00245 4245.8
0.00246 4067.1
0.00247 3899.4
0.00248 3741.9
0.00249 3593.9
0.00250 3454.7
0.00251 3323.7
0.00252 3200.2
0.00253 3083.8
0.00254 2974.0
0.00255 2870.2
0.00256 2772.2
0.00257 2679.4
0.00258 2591.6
0.00259 2508.4
0.00260 2429.6
0.00261 2354.8
0.00262 2283.8
0.00263 2216.4
0.00264 2152.4
0.00265 2091.5
0.00266 2033.5
0.00267 1978.4
0.00268 1925.9
0.00269 1875.9
0.00270 1828.2
0.00271 1782.8
0.00272 1739.5
0.00273 1698.3
0.00274 1658.9
0.00275 1621.3
0.00276 1585.4
0.00277 1551.1
0.00278 1518.4
0.00279 1487.2
0.00280 1457.4
0.00281 1428.9
0.00282 1401.7
0.00283 1375.6
0.00284 1350.8
0.00285 1327.0
0.00286 1304.3
0.00287 1282.5
0.00288 1261.7
0.00289 1241.9
0.00290 1222.8
0.00291 1204.6
0.00292 1187.2
0.00293 1170.5
0.00294 1154.6
0.00295 1139.3
0.00296 1124.6
0.00297 1110.6
0.00298 1097.2
0.00299 1084.3
0.00300 1071.9
0.00301 1060.1
0.00302 1048.7
0.00303 1037.8
0.00304 1027.4
0.00305 1017.3
0.00306 1007.7
0.00307 998.4
0.00308 989.5
0.00309 981.0
0.00310 972.8
0.00311 964.9
0.00312 957.3
0.00313 949.9
0.00314 942.9
0.00315 936.1
0.00316 929.6
0.00317 923.3
0.00318 917.3
0.00319 911.5
0.00320 905.9
0.00321 900.5
0.00322 895.2
0.00323 890.2
0.00324 885.3
0.00325 880.7
0.00326 876.1
0.00327 871.8
0.00328 867.6
0.00329 863.5
0.00330 859.6
0.00331 855.8
0.00332 852.1
0.00333 848.5
0.00334 845.1
0.00335 841.8
0.00336 838.6
0.00337 835.5
0.00338 832.5
0.00339 829.6
0.00340 826.8
0.00341 824.0
0.00342 821.4
0.00343 818.8
0.00344 816.4
0.00345 814.0
0.00346 811.7
0.00347 809.4
0.00348 807.2
0.00349 805.1
0.00350 803.1
0.00351 801.1
0.00352 799.1
0.00353 797.3
0.00354 795.5
0.00355 793.7
0.00356 792.0
0.00357 790.3
0.00358 788.7
0.00359 787.2
0.00360 785.7
0.00361 784.2
0.00362 782.8
0.00363 781.4
0.00364 780.0
0.00365 778.7
0.00366 777.4
0.00367 776.2
0.00368 775.0
0.00369 773.8
0.00370 772.7
0.00371 771.6
0.00372 770.5
0.00373 769.5
0.00374 768.5
0.00375 767.5
0.00376 766.5
0.00377 765.6
0.00378 764.7
0.00379 763.8
0.00380 762.9
0.00381 762.1
0.00382 761.3
0.00383 760.5
0.00384 759.7
0.00385 759.0
0.00386 758.3
0.00387 757.5
0.00388 756.9
0.00389 756.2
0.00390 755.5
0.00391 754.9
0.00392 754.3
0.00393 753.7
0.00394 753.1
0.00395 752.5
0.00396 752.0
0.00397 751.4
0.00398 750.9
0.00399 750.4
0.00400 749.9
0.00401 749.4
0.00402 748.9
0.00403 748.4
0.00404 748.0
0.00405 747.6
0.00406 747.1
0.00407 746.7
0.00408 746.3
0.00409 745.9
0.00410 745.5
0.00411 745.2
0.00412 744.8
0.00413 744.4
0.00414 744.1
0.00415 743.8
0.00416 743.4
0.00417 743.1
0.00418 742.8
0.00419 742.5
0.00420 742.2
0.00421 741.9
0.00422 741.6
0.00423 741.4
0.00424 741.1
0.00425 740.8
0.00426 740.6
0.00427 740.3
0.00428 740.1
0.00429 739.9
0.00430 739.6
0.00431 739.4
0.00432 739.2
0.00433 739.0
0.00434 738.8
0.00435 738.6
0.00436 738.4
0.00437 738.2
0.00438 738.0
0.00439 737.9
0.00440 737.7
0.00441 737.5
0.00442 737.4
0.00443 737.2
0.00444 737.1
0.00445 736.9
0.00446 736.8
0.00447 736.6
0.00448 736.5
0.00449 736.4
0.00450 736.2
0.00451 736.1
0.00452 736.0
0.00453 735.9
0.00454 735.8
0.00455 735.7
0.00456 735.6
0.00457 735.5
0.00458 735.4
0.00459 735.3
0.00460 735.2
0.00461 735.1
0.00462 735.0
0.00463 734.9
0.00464 734.8
0.00465 734.7
0.00466 734.7
0.00467 734.6
0.00468 734.5
0.00469 734.5
0.00470 734.4
0.00471 734.3
0.00472 734.3
0.00473 734.2
0.00474 734.2
0.00475 734.1
0.00476 734.1
0.00477 734.0
0.00478 734.0
0.00479 733.9
0.00480 733.9
0.00481 733.8
0.00482 733.8
0.00483 733.8
0.00484 733.7
0.00485 733.7
0.00486 733.7
0.00487 733.6
0.00488 733.6
0.00489 733.6
0.00490 733.6
0.00491 733.6
0.00492 733.5
0.00493 733.5
0.00494 733.5
0.00495 733.5
0.00496 733.5
0.00497 733.5
0.00498 733.5
0.00499 733.4
0.00500 733.4
0.00501 733.4
0.00502 733.4
0.00503 733.4
0.00504 733.4
0.00505 733.4
0.00506 733.4
0.00507 733.4
0.00508 733.4
0.00509 733.4
0.00510 733.4
0.00511 733.5
0.00512 733.5
0.00513 733.5
0.00514 733.5
0.00515 733.5
0.00516 733.5
0.00517 733.5
0.00518 733.5
0.00519 733.6
0.00520 733.6
0.00521 733.6
0.00522 733.6
0.00523 733.6
0.00524 733.7
0.00525 733.7
0.00526 733.7
0.00527 733.7
0.00528 733.7
0.00529 733.8
0.00530 733.8
0.00531 733.8
0.00532 733.9
0.00533 733.9
0.00534 733.9
0.00535 734.0
0.00536 734.0
0.00537 734.0
0.00538 734.0
0.00539 734.1
0.00540 734.1
0.00541 734.2
0.00542 734.2
0.00543 734.2
0.00544 734.3
0.00545 734.3
0.00546 734.3
0.00547 734.4
0.00548 734.4
0.00549 734.5
0.00550 734.5
0.00551 734.6
0.00552 734.6
0.00553 734.6
0.00554 734.7
0.00555 734.7
0.00556 734.8
0.00557 734.8
0.00558 734.9
0.00559 734.9
0.00560 735.0
0.00561 735.0
0.00562 735.1
0.00563 735.1
0.00564 735.2
0.00565 735.2
0.00566 735.3
0.00567 735.3
0.00568 735.4
0.00569 735.4
0.00570 735.5
0.00571 735.5
0.00572 735.6
0.00573 735.6
0.00574 735.7
0.00575 735.8
0.00576 735.8
0.00577 735.9
0.00578 735.9
0.00579 736.0
0.00580 736.0
0.00581 736.1
0.00582 736.2
0.00583 736.2
0.00584 736.3
0.00585 736.3
0.00586 736.4
0.00587 736.5
0.00588 736.5
0.00589 736.6
0.00590 736.6
0.00591 736.7
0.00592 736.8
0.00593 736.8
0.00594 736.9
0.00595 737.0
0.00596 737.0
0.00597 737.1
0.00598 737.2
0.00599 737.2
0.00600 737.3
0.00601 737.3
0.00602 737.4
0.00603 737.5
0.00604 737.6
0.00605 737.6
0.00606 737.7
0.00607 737.8
0.00608 737.8
0.00609 737.9
0.00610 738.0
0.00611 738.0
0.00612 738.1
0.00613 738.2
0.00614 738.2
0.00615 738.3
0.00616 738.4
0.00617 738.5
0.00618 738.5
0.00619 738.6
0.00620 738.7
0.00621 738.7
0.00622 738.8
0.00623 738.9
0.00624 739.0
0.00625 739.0
0.00626 739.1
0.00627 739.2
0.00628 739.3
0.00629 739.3
0.00630 739.4
0.00631 739.5
0.00632 739.5
0.00633 739.6
0.00634 739.7
0.00635 739.8
0.00636 739.9
0.00637 739.9
0.00638 740.0
0.00639 740.1
0.00640 740.2
0.00641 740.2
0.00642 740.3
0.00643 740.4
0.00644 740.5
0.00645 740.5
0.00646 740.6
0.00647 740.7
0.00648 740.8
0.00649 740.9
0.00650 740.9
0.00651 741.0
0.00652 741.1
0.00653 741.2
0.00654 741.3
0.00655 741.3
0.00656 741.4
0.00657 741.5
0.00658 741.6
0.00659 741.7
0.00660 741.7
0.00661 741.8
0.00662 741.9
0.00663 742.0
0.00664 742.1
0.00665 742.1
0.00666 742.2
0.00667 742.3
0.00668 742.4
0.00669 742.5
0.00670 742.5
0.00671 742.6
0.00672 742.7
0.00673 742.8
0.00674 742.9
0.00675 743.0
0.00676 743.0
0.00677 743.1
0.00678 743.2
0.00679 743.3
0.00680 743.4
0.00681 743.5
0.00682 743.5
0.00683 743.6
0.00684 743.7
0.00685 743.8
0.00686 743.9
0.00687 744.0
0.00688 744.1
0.00689 744.1
0.00690 744.2
0.00691 744.3
0.00692 744.4
0.00693 744.5
0.00694 744.6
0.00695 744.7
0.00696 744.7
0.00697 744.8
0.00698 744.9
0.00699 745.0
0.00700 745.1
0.00701 745.2
0.00702 745.3
0.00703 745.3
0.00704 745.4
0.00705 745.5
0.00706 745.6
0.00707 745.7
0.00708 745.8
0.00709 745.9
0.00710 745.9
0.00711 746.0
0.00712 746.1
0.00713 746.2
0.00714 746.3
0.00715 746.4
0.00716 746.5
0.00717 746.6
0.00718 746.6
0.00719 746.7
0.00720 746.8
0.00721 746.9
0.00722 747.0
0.00723 747.1
0.00724 747.2
0.00725 747.3
0.00726 747.4
0.00727 747.4
0.00728 747.5
0.00729 747.6
0.00730 747.7
0.00731 747.8
0.00732 747.9
0.00733 748.0
0.00734 748.1
0.00735 748.2
0.00736 748.2
0.00737 748.3
0.00738 748.4
0.00739 748.5
0.00740 748.6
0.00741 748.7
0.00742 748.8
0.00743 748.9
0.00744 749.0
0.00745 749.1
0.00746 749.1
0.00747 749.2
0.00748 749.3
0.00749 749.4
0.00750 749.5
0.00751 749.6
0.00752 749.7
0.00753 749.8
0.00754 749.9
0.00755 750.0
0.00756 750.0
0.00757 750.1
0.00758 750.2
0.00759 750.3
0.00760 750.4
0.00761 750.5
0.00762 750.6
0.00763 750.7
0.00764 750.8
0.00765 750.9
0.00766 751.0
0.00767 751.0
0.00768 751.1
0.00769 751.2
0.00770 751.3
0.00771 751.4
0.00772 751.5
0.00773 751.6
0.00774 751.7
0.00775 751.8
0.00776 751.9
0.00777 752.0
0.00778 752.0
0.00779 752.1
0.00780 752.2
0.00781 752.3
0.00782 752.4
0.00783 752.5
0.00784 752.6
0.00785 752.7
0.00786 752.8
0.00787 752.9
0.00788 753.0
0.00789 753.1
0.00790 753.1
0.00791 753.2
0.00792 753.3
0.00793 753.4
0.00794 753.5
0.00795 753.6
0.00796 753.7
0.00797 753.8
0.00798 753.9
0.00799 754.0
0.00800 754.1
0.00801 754.2
0.00802 754.2
0.00803 754.3
0.00804 754.4
0.00805 754.5
0.00806 754.6
0.00807 754.7
0.00808 754.8
0.00809 754.9
0.00810 755.0
0.00811 755.1
0.00812 755.2
0.00813 755.3
0.00814 755.3
0.00815 755.4
0.00816 755.5
0.00817 755.6
0.00818 755.7
0.00819 755.8
0.00820 755.9
0.00821 756.0
0.00822 756.1
0.00823 756.2
0.00824 756.3
0.00825 756.4
0.00826 756.5
0.00827 756.5
0.00828 756.6
0.00829 756.7
0.00830 756.8
0.00831 756.9
0.00832 757.0
0.00833 757.1
0.00834 757.2
0.00835 757.3
0.00836 757.4
0.00837 757.5
0.00838 757.6
0.00839 757.6
0.00840 757.7
0.00841 757.8
0.00842 757.9
0.00843 758.0
0.00844 758.1
0.00845 758.2
0.00846 758.3
0.00847 758.4
0.00848 758.5
0.00849 758.6
0.00850 758.7
0.00851 758.7
0.00852 758.8
0.00853 758.9
0.00854 759.0
0.00855 759.1
0.00856 759.2
0.00857 759.3
0.00858 759.4
0.00859 759.5
0.00860 759.6
0.00861 759.7
0.00862 759.8
0.00863 759.8
0.00864 759.9
0.00865 760.0
0.00866 760.1
0.00867 760.2
0.00868 760.3
0.00869 760.4
0.00870 760.5
0.00871 760.6
0.00872 760.7
0.00873 760.8
0.00874 760.9
0.00875 760.9
0.00876 761.0
0.00877 761.1
0.00878 761.2
0.00879 761.3
0.00880 761.4
0.00881 761.5
0.00882 761.6
0.00883 761.7
0.00884 761.8
0.00885 761.9
0.00886 761.9
0.00887 762.0
0.00888 762.1
0.00889 762.2
0.00890 762.3
0.00891 762.4
0.00892 762.5
0.00893 762.6
0.00894 762.7
0.00895 762.8
0.00896 762.8
0.00897 762.9
0.00898 763.0
0.00899 763.1
0.00900 763.2
0.00901 763.3
0.00902 763.4
0.00903 763.5
0.00904 763.6
0.00905 763.7
0.00906 763.7
0.00907 763.8
0.00908 763.9
0.00909 764.0
0.00910 764.1
0.00911 764.2
0.00912 764.3
0.00913 764.4
0.00914 764.5
0.00915 764.6
0.00916 764.6
0.00917 764.7
0.00918 764.8
0.00919 764.9
0.00920 765.0
0.00921 765.1
0.00922 765.2
0.00923 765.3
0.00924 765.4
0.00925 765.4
0.00926 765.5
0.00927 765.6
0.00928 765.7
0.00929 765.8
0.00930 765.9
0.00931 766.0
0.00932 766.1
0.00933 766.2
0.00934 766.2
0.00935 766.3
0.00936 766.4
0.00937 766.5
0.00938 766.6
0.00939 766.7
0.00940 766.8
0.00941 766.9
0.00942 767.0
0.00943 767.0
0.00944 767.1
0.00945 767.2
0.00946 767.3
0.00947 767.4
0.00948 767.5
0.00949 767.6
0.00950 767.7
0.00951 767.7
0.00952 767.8
0.00953 767.9
0.00954 768.0
0.00955 768.1
0.00956 768.2
0.00957 768.3
0.00958 768.4
0.00959 768.4
0.00960 768.5
0.00961 768.6
0.00962 768.7
0.00963 768.8
0.00964 768.9
0.00965 769.0
0.00966 769.1
0.00967 769.1
0.00968 769.2
0.00969 769.3
0.00970 769.4
0.00971 769.5
0.00972 769.6
0.00973 769.7
0.00974 769.7
0.00975 769.8
0.00976 769.9
0.00977 770.0
0.00978 770.1
0.00979 770.2
0.00980 770.3
0.00981 770.3
0.00982 770.4
0.00983 770.5
0.00984 770.6
0.00985 770.7
0.00986 770.8
0.00987 770.9
0.00988 770.9
0.00989 771.0
0.00990 771.1
0.00991 771.2
0.00992 771.3
0.00993 771.4
0.00994 771.5
0.00995 771.5
0.00996 771.6
0.00997 771.7
0.00998 771.8
0.00999 771.9
0.01000 772.0
0.01001 772.0
0.01002 772.1
0.01003 772.2
0.01004 772.3
0.01005 772.4
0.01006 772.5
0.01007 772.5
0.01008 772.6
0.01009 772.7
0.01010 772.8
0.01011 772.9
0.01012 773.0
0.01013 773.0
0.01014 773.1
0.01015 773.2
0.01016 773.3
0.01017 773.4
0.01018 773.5
0.01019 773.5
0.01020 773.6
0.01021 773.7
0.01022 773.8
0.01023 773.9
0.01024 774.0
0.01025 774.0
0.01026 774.1
0.01027 774.2
0.01028 774.3
0.01029 774.4
0.01030 774.5
0.01031 774.5
0.01032 774.6
0.01033 774.7
0.01034 774.8
0.01035 774.9
0.01036 774.9
0.01037 775.0
0.01038 775.1
0.01039 775.2
0.01040 775.3
0.01041 775.3
0.01042 775.4
0.01043 775.5
0.01044 775.6
0.01045 775.7
0.01046 775.8
0.01047 775.8
0.01048 775.9
0.01049 776.0
0.01050 776.1
0.01051 776.2
0.01052 776.2
0.01053 776.3
0.01054 776.4
0.01055 776.5
0.01056 776.6
0.01057 776.6
0.01058 776.7
0.01059 776.8
0.01060 776.9
0.01061 777.0
0.01062 777.0
0.01063 777.1
0.01064 777.2
0.01065 777.3
0.01066 777.3
0.01067 777.4
0.01068 777.5
0.01069 777.6
0.01070 777.7
0.01071 777.7
0.01072 777.8
0.01073 777.9
0.01074 778.0
0.01075 778.1
0.01076 778.1
0.01077 778.2
0.01078 778.3
0.01079 778.4
0.01080 778.4
0.01081 778.5
0.01082 778.6
0.01083 778.7
0.01084 778.8
0.01085 778.8
0.01086 778.9
0.01087 779.0
0.01088 779.1
0.01089 779.1
0.01090 779.2
0.01091 779.3
0.01092 779.4
0.01093 779.4
0.01094 779.5
0.01095 779.6
0.01096 779.7
0.01097 779.8
0.01098 779.8
0.01099 779.9
0.01100 780.0
0.01101 780.1
0.01102 780.1
0.01103 780.2
0.01104 780.3
0.01105 780.4
0.01106 780.4
0.01107 780.5
0.01108 780.6
0.01109 780.7
0.01110 780.7
0.01111 780.8
0.01112 780.9
0.01113 781.0
0.01114 781.0
0.01115 781.1
0.01116 781.2
0.01117 781.3
0.01118 781.3
0.01119 781.4
0.01120 781.5
0.01121 781.6
0.01122 781.6
0.01123 781.7
0.01124 781.8
0.01125 781.9
0.01126 781.9
0.01127 782.0
0.01128 782.1
0.01129 782.2
0.01130 782.2
0.01131 782.3
0.01132 782.4
0.01133 782.4
0.01134 782.5
0.01135 782.6
0.01136 782.7
0.01137 782.7
0.01138 782.8
0.01139 782.9
0.01140 783.0
0.01141 783.0
0.01142 783.1
0.01143 783.2
0.01144 783.2
0.01145 783.3
0.01146 783.4
0.01147 783.5
0.01148 783.5
0.01149 783.6
0.01150 783.7
0.01151 783.7
0.01152 783.8
0.01153 783.9
0.01154 784.0
0.01155 784.0
0.01156 784.1
0.01157 784.2
0.01158 784.2
0.01159 784.3
0.01160 784.4
0.01161 784.5
0.01162 784.5
0.01163 784.6
0.01164 784.7
0.01165 784.7
0.01166 784.8
0.01167 784.9
0.01168 784.9
0.01169 785.0
0.01170 785.1
0.01171 785.2
0.01172 785.2
0.01173 785.3
0.01174 785.4
0.01175 785.4
0.01176 785.5
0.01177 785.6
0.01178 785.6
0.01179 785.7
0.01180 785.8
0.01181 785.8
0.01182 785.9
0.01183 786.0
0.01184 786.0
0.01185 786.1
0.01186 786.2
0.01187 786.3
0.01188 786.3
0.01189 786.4
0.01190 786.5
0.01191 786.5
0.01192 786.6
0.01193 786.7
0.01194 786.7
0.01195 786.8
0.01196 786.9
0.01197 786.9
0.01198 787.0
0.01199 787.1
0.01200 787.1
0.01201 787.2
0.01202 787.3
0.01203 787.3
0.01204 787.4
0.01205 787.5
0.01206 787.5
0.01207 787.6
0.01208 787.7
0.01209 787.7
0.01210 787.8
0.01211 787.9
0.01212 787.9
0.01213 788.0
0.01214 788.1
0.01215 788.1
0.01216 788.2
0.01217 788.3
0.01218 788.3
0.01219 788.4
0.01220 788.4
0.01221 788.5
0.01222 788.6
0.01223 788.6
0.01224 788.7
0.01225 788.8
0.01226 788.8
0.01227 788.9
0.01228 789.0
0.01229 789.0
0.01230 789.1
0.01231 789.2
0.01232 789.2
0.01233 789.3
0.01234 789.3
0.01235 789.4
0.01236 789.5
0.01237 789.5
0.01238 789.6
0.01239 789.7
0.01240 789.7
0.01241 789.8
0.01242 789.9
0.01243 789.9
0.01244 790.0
0.01245 790.0
0.01246 790.1
0.01247 790.2
0.01248 790.2
0.01249 790.3
0.01250 790.4
0.01251 790.4
0.01252 790.5
0.01253 790.5
0.01254 790.6
0.01255 790.7
0.01256 790.7
0.01257 790.8
0.01258 790.9
0.01259 790.9
0.01260 791.0
0.01261 791.0
0.01262 791.1
0.01263 791.2
0.01264 791.2
0.01265 791.3
0.01266 791.3
0.01267 791.4
0.01268 791.5
0.01269 791.5
0.01270 791.6
0.01271 791.6
0.01272 791.7
0.01273 791.8
0.01274 791.8
0.01275 791.9
0.01276 791.9
0.01277 792.0
0.01278 792.1
0.01279 792.1
0.01280 792.2
0.01281 792.2
0.01282 792.3
0.01283 792.4
0.01284 792.4
0.01285 792.5
0.01286 792.5
0.01287 792.6
0.01288 792.7
0.01289 792.7
0.01290 792.8
0.01291 792.8
0.01292 792.9
0.01293 792.9
0.01294 793.0
0.01295 793.1
0.01296 793.1
0.01297 793.2
0.01298 793.2
0.01299 793.3
0.01300 793.4
0.01301 793.4
0.01302 793.5
0.01303 793.5
0.01304 793.6
0.01305 793.6
0.01306 793.7
0.01307 793.8
0.01308 793.8
0.01309 793.9
0.01310 793.9
0.01311 794.0
0.01312 794.0
0.01313 794.1
0.01314 794.2
0.01315 794.2
0.01316 794.3
0.01317 794.3
0.01318 794.4
0.01319 794.4
0.01320 794.5
0.01321 794.5
0.01322 794.6
0.01323 794.7
0.01324 794.7
0.01325 794.8
0.01326 794.8
0.01327 794.9
0.01328 794.9
0.01329 795.0
0.01330 795.0
0.01331 795.1
0.01332 795.2
0.01333 795.2
0.01334 795.3
0.01335 795.3
0.01336 795.4
0.01337 795.4
0.01338 795.5
0.01339 795.5
0.01340 795.6
0.01341 795.6
0.01342 795.7
0.01343 795.7
0.01344 795.8
0.01345 795.9
0.01346 795.9
0.01347 796.0
0.01348 796.0
0.01349 796.1
0.01350 796.1
0.01351 796.2
0.01352 796.2
0.01353 796.3
0.01354 796.3
0.01355 796.4
0.01356 796.4
0.01357 796.5
0.01358 796.5
0.01359 796.6
0.01360 796.7
0.01361 796.7
0.01362 796.8
0.01363 796.8
0.01364 796.9
0.01365 796.9
0.01366 797.0
0.01367 797.0
0.01368 797.1
0.01369 797.1
0.01370 797.2
0.01371 797.2
0.01372 797.3
0.01373 797.3
0.01374 797.4
0.01375 797.4
0.01376 797.5
0.01377 797.5
0.01378 797.6
0.01379 797.6
0.01380 797.7
0.01381 797.7
0.01382 797.8
0.01383 797.8
0.01384 797.9
0.01385 797.9
0.01386 798.0
0.01387 798.0
0.01388 798.1
0.01389 798.1
0.01390 798.2
0.01391 798.2
0.01392 798.3
0.01393 798.3
0.01394 798.4
0.01395 798.4
0.01396 798.5
0.01397 798.5
0.01398 798.6
0.01399 798.6
0.01400 798.7
0.01401 798.7
0.01402 798.8
0.01403 798.8
0.01404 798.9
0.01405 798.9
0.01406 799.0
0.01407 799.0
0.01408 799.1
0.01409 799.1
0.01410 799.2
0.01411 799.2
0.01412 799.3
0.01413 799.3
0.01414 799.4
0.01415 799.4
0.01416 799.5
0.01417 799.5
0.01418 799.6
0.01419 799.6
0.01420 799.6
0.01421 799.7
0.01422 799.7
0.01423 799.8
0.01424 799.8
0.01425 799.9
0.01426 799.9
0.01427 800.0
0.01428 800.0
0.01429 800.1
0.01430 800.1
0.01431 800.2
0.01432 800.2
0.01433 800.3
0.01434 800.3
0.01435 800.3
0.01436 800.4
0.01437 800.4
0.01438 800.5
0.01439 800.5
0.01440 800.6
0.01441 800.6
0.01442 800.7
0.01443 800.7
0.01444 800.8
0.01445 800.8
0.01446 800.9
0.01447 800.9
0.01448 800.9
0.01449 801.0
0.01450 801.0
0.01451 801.1
0.01452 801.1
0.01453 801.2
0.01454 801.2
0.01455 801.3
0.01456 801.3
0.01457 801.3
0.01458 801.4
0.01459 801.4
0.01460 801.5
0.01461 801.5
0.01462 801.6
0.01463 801.6
0.01464 801.7
0.01465 801.7
0.01466 801.7
0.01467 801.8
0.01468 801.8
0.01469 801.9
0.01470 801.9
0.01471 802.0
0.01472 802.0
0.01473 802.0
0.01474 802.1
0.01475 802.1
0.01476 802.2
0.01477 802.2
0.01478 802.3
0.01479 802.3
0.01480 802.4
0.01481 802.4
0.01482 802.4
0.01483 802.5
0.01484 802.5
0.01485 802.6
0.01486 802.6
0.01487 802.6
0.01488 802.7
0.01489 802.7
0.01490 802.8
0.01491 802.8
0.01492 802.9
0.01493 802.9
0.01494 802.9
0.01495 803.0
0.01496 803.0
0.01497 803.1
0.01498 803.1
0.01499 803.1
0.01500 803.2
0.01501 803.2
0.01502 803.3
0.01503 803.3
0.01504 803.4
0.01505 803.4
0.01506 803.4
0.01507 803.5
0.01508 803.5
0.01509 803.6
0.01510 803.6
0.01511 803.6
0.01512 803.7
0.01513 803.7
0.01514 803.8
0.01515 803.8
0.01516 803.8
0.01517 803.9
0.01518 803.9
0.01519 804.0
0.01520 804.0
0.01521 804.0
0.01522 804.1
0.01523 804.1
0.01524 804.2
0.01525 804.2
0.01526 804.2
0.01527 804.3
0.01528 804.3
0.01529 804.4
0.01530 804.4
0.01531 804.4
0.01532 804.5
0.01533 804.5
0.01534 804.6
0.01535 804.6
0.01536 804.6
0.01537 804.7
0.01538 804.7
0.01539 804.7
0.01540 804.8
0.01541 804.8
0.01542 804.9
0.01543 804.9
0.01544 804.9
0.01545 805.0
0.01546 805.0
0.01547 805.1
0.01548 805.1
0.01549 805.1
0.01550 805.2
0.01551 805.2
0.01552 805.2
0.01553 805.3
0.01554 805.3
0.01555 805.4
0.01556 805.4
0.01557 805.4
0.01558 805.5
0.01559 805.5
0.01560 805.5
0.01561 805.6
0.01562 805.6
0.01563 805.7
0.01564 805.7
0.01565 805.7
0.01566 805.8
0.01567 805.8
0.01568 805.8
0.01569 805.9
0.01570 805.9
0.01571 805.9
0.01572 806.0
0.01573 806.0
0.01574 806.1
0.01575 806.1
0.01576 806.1
0.01577 806.2
0.01578 806.2
0.01579 806.2
0.01580 806.3
0.01581 806.3
0.01582 806.3
0.01583 806.4
0.01584 806.4
0.01585 806.5
0.01586 806.5
0.01587 806.5
0.01588 806.6
0.01589 806.6
0.01590 806.6
0.01591 806.7
0.01592 806.7
0.01593 806.7
0.01594 806.8
0.01595 806.8
0.01596 806.8
0.01597 806.9
0.01598 806.9
0.01599 806.9
0.01600 807.0
0.01601 807.0
0.01602 807.0
0.01603 807.1
0.01604 807.1
0.01605 807.1
0.01606 807.2
0.01607 807.2
0.01608 807.2
0.01609 807.3
0.01610 807.3
0.01611 807.4
0.01612 807.4
0.01613 807.4
0.01614 807.5
0.01615 807.5
0.01616 807.5
0.01617 807.6
0.01618 807.6
0.01619 807.6
0.01620 807.7
0.01621 807.7
0.01622 807.7
0.01623 807.8
0.01624 807.8
0.01625 807.8
0.01626 807.9
0.01627 807.9
0.01628 807.9
0.01629 808.0
0.01630 808.0
0.01631 808.0
0.01632 808.0
0.01633 808.1
0.01634 808.1
0.01635 808.1
0.01636 808.2
0.01637 808.2
0.01638 808.2
0.01639 808.3
0.01640 808.3
0.01641 808.3
0.01642 808.4
0.01643 808.4
0.01644 808.4
0.01645 808.5
0.01646 808.5
0.01647 808.5
0.01648 808.6
0.01649 808.6
0.01650 808.6
0.01651 808.7
0.01652 808.7
0.01653 808.7
0.01654 808.8
0.01655 808.8
0.01656 808.8
0.01657 808.8
0.01658 808.9
0.01659 808.9
0.01660 808.9
0.01661 809.0
0.01662 809.0
0.01663 809.0
0.01664 809.1
0.01665 809.1
0.01666 809.1
0.01667 809.2
0.01668 809.2
0.01669 809.2
0.01670 809.2
0.01671 809.3
0.01672 809.3
0.01673 809.3
0.01674 809.4
0.01675 809.4
0.01676 809.4
0.01677 809.5
0.01678 809.5
0.01679 809.5
0.01680 809.5
0.01681 809.6
0.01682 809.6
0.01683 809.6
0.01684 809.7
0.01685 809.7
0.01686 809.7
0.01687 809.8
0.01688 809.8
0.01689 809.8
0.01690 809.8
0.01691 809.9
0.01692 809.9
0.01693 809.9
0.01694 810.0
0.01695 810.0
0.01696 810.0
0.01697 810.0
0.01698 810.1
0.01699 810.1
0.01700 810.1
0.01701 810.2
0.01702 810.2
0.01703 810.2
0.01704 810.2
0.01705 810.3
0.01706 810.3
0.01707 810.3
0.01708 810.4
0.01709 810.4
0.01710 810.4
0.01711 810.4
0.01712 810.5
0.01713 810.5
0.01714 810.5
0.01715 810.6
0.01716 810.6
0.01717 810.6
0.01718 810.6
0.01719 810.7
0.01720 810.7
0.01721 810.7
0.01722 810.8
0.01723 810.8
0.01724 810.8
0.01725 810.8
0.01726 810.9
0.01727 810.9
0.01728 810.9
0.01729 810.9
0.01730 811.0
0.01731 811.0
0.01732 811.0
0.01733 811.1
0.01734 811.1
0.01735 811.1
0.01736 811.1
0.01737 811.2
0.01738 811.2
0.01739 811.2
0.01740 811.2
0.01741 811.3
0.01742 811.3
0.01743 811.3
0.01744 811.3
0.01745 811.4
0.01746 811.4
0.01747 811.4
0.01748 811.5
0.01749 811.5
0.01750 811.5
0.01751 811.5
0.01752 811.6
0.01753 811.6
0.01754 811.6
0.01755 811.6
0.01756 811.7
0.01757 811.7
0.01758 811.7
0.01759 811.7
0.01760 811.8
0.01761 811.8
0.01762 811.8
0.01763 811.8
0.01764 811.9
0.01765 811.9
0.01766 811.9
0.01767 811.9
0.01768 812.0
0.01769 812.0
0.01770 812.0
0.01771 812.0
0.01772 812.1
0.01773 812.1
0.01774 812.1
0.01775 812.1
0.01776 812.2
0.01777 812.2
0.01778 812.2
0.01779 812.2
0.01780 812.3
0.01781 812.3
0.01782 812.3
0.01783 812.3
0.01784 812.4
0.01785 812.4
0.01786 812.4
0.01787 812.4
0.01788 812.5
0.01789 812.5
0.01790 812.5
0.01791 812.5
0.01792 812.6
0.01793 812.6
0.01794 812.6
0.01795 812.6
0.01796 812.7
0.01797 812.7
0.01798 812.7
0.01799 812.7
0.01800 812.8
0.01801 812.8
0.01802 812.8
0.01803 812.8
0.01804 812.8
0.01805 812.9
0.01806 812.9
0.01807 812.9
0.01808 812.9
0.01809 813.0
0.01810 813.0
0.01811 813.0
0.01812 813.0
0.01813 813.1
0.01814 813.1
0.01815 813.1
0.01816 813.1
0.01817 813.2
0.01818 813.2
0.01819 813.2
0.01820 813.2
0.01821 813.2
0.01822 813.3
0.01823 813.3
0.01824 813.3
0.01825 813.3
0.01826 813.4
0.01827 813.4
0.01828 813.4
0.01829 813.4
0.01830 813.5
0.01831 813.5
0.01832 813.5
0.01833 813.5
0.01834 813.5
0.01835 813.6
0.01836 813.6
0.01837 813.6
0.01838 813.6
0.01839 813.7
0.01840 813.7
0.01841 813.7
0.01842 813.7
0.01843 813.7
0.01844 813.8
0.01845 813.8
0.01846 813.8
0.01847 813.8
0.01848 813.8
0.01849 813.9
0.01850 813.9
0.01851 813.9
0.01852 813.9
0.01853 814.0
0.01854 814.0
0.01855 814.0
0.01856 814.0
0.01857 814.0
0.01858 814.1
0.01859 814.1
0.01860 814.1
0.01861 814.1
0.01862 814.2
0.01863 814.2
0.01864 814.2
0.01865 814.2
0.01866 814.2
0.01867 814.3
0.01868 814.3
0.01869 814.3
0.01870 814.3
0.01871 814.3
0.01872 814.4
0.01873 814.4
0.01874 814.4
0.01875 814.4
0.01876 814.4
0.01877 814.5
0.01878 814.5
0.01879 814.5
0.01880 814.5
0.01881 814.5
0.01882 814.6
0.01883 814.6
0.01884 814.6
0.01885 814.6
0.01886 814.6
0.01887 814.7
0.01888 814.7
0.01889 814.7
0.01890 814.7
0.01891 814.7
0.01892 814.8
0.01893 814.8
0.01894 814.8
0.01895 814.8
0.01896 814.8
0.01897 814.9
0.01898 814.9
0.01899 814.9
0.01900 814.9
0.01901 814.9
0.01902 815.0
0.01903 815.0
0.01904 815.0
0.01905 815.0
0.01906 815.0
0.01907 815.1
0.01908 815.1
0.01909 815.1
0.01910 815.1
0.01911 815.1
0.01912 815.2
0.01913 815.2
0.01914 815.2
0.01915 815.2
0.01916 815.2
0.01917 815.3
0.01918 815.3
0.01919 815.3
0.01920 815.3
0.01921 815.3
0.01922 815.4
0.01923 815.4
0.01924 815.4
0.01925 815.4
0.01926 815.4
0.01927 815.4
0.01928 815.5
0.01929 815.5
0.01930 815.5
0.01931 815.5
0.01932 815.5
0.01933 815.6
0.01934 815.6
0.01935 815.6
0.01936 815.6
0.01937 815.6
0.01938 815.7
0.01939 815.7
0.01940 815.7
0.01941 815.7
0.01942 815.7
0.01943 815.7
0.01944 815.8
0.01945 815.8
0.01946 815.8
0.01947 815.8
0.01948 815.8
0.01949 815.9
0.01950 815.9
0.01951 815.9
0.01952 815.9
0.01953 815.9
0.01954 815.9
0.01955 816.0
0.01956 816.0
0.01957 816.0
0.01958 816.0
0.01959 816.0
0.01960 816.1
0.01961 816.1
0.01962 816.1
0.01963 816.1
0.01964 816.1
0.01965 816.1
0.01966 816.2
0.01967 816.2
0.01968 816.2
0.01969 816.2
0.01970 816.2
0.01971 816.2
0.01972 816.3
0.01973 816.3
0.01974 816.3
0.01975 816.3
0.01976 816.3
0.01977 816.3
0.01978 816.4
0.01979 816.4
0.01980 816.4
0.01981 816.4
0.01982 816.4
0.01983 816.4
0.01984 816.5
0.01985 816.5
0.01986 816.5
0.01987 816.5
0.01988 816.5
0.01989 816.5
0.01990 816.6
0.01991 816.6
0.01992 816.6
0.01993 816.6
0.01994 816.6
0.01995 816.6
0.01996 816.7
0.01997 816.7
0.01998 816.7
0.01999 816.7
0.02000 826.6
0.02001 826.6
0.02002 826.6
0.02003 826.6
0.02004 826.6
0.02005 826.6
0.02006 826.6
0.02007 826.6
0.02008 826.6
0.02009 826.6
0.02010 826.6
0.02011 826.6
0.02012 826.6
0.02013 826.6
0.02014 826.6
0.02015 826.6
0.02016 826.6
0.02017 826.6
0.02018 826.6
0.02019 826.6
0.02020 826.6
0.02021 826.6
0.02022 826.6
0.02023 826.6
0.02024 826.6
0.02025 826.6
0.02026 826.6
0.02027 826.6
0.02028 826.6
0.02029 826.6
0.02030 826.6
0.02031 826.6
0.02032 826.6
0.02033 826.6
0.02034 826.6
0.02035 826.6
0.02036 826.6
0.02037 826.6
0.02038 826.6
0.02039 826.6
0.02040 826.6
0.02041 826.6
0.02042 826.6
0.02043 826.6
0.02044 826.6
0.02045 826.6
0.02046 826.6
0.02047 826.6
0.02048 826.6
0.02049 826.6
0.02050 826.6
0.02051 826.6
0.02052 826.6
0.02053 826.6
0.02054 826.6
0.02055 826.6
0.02056 826.6
0.02057 826.6
0.02058 826.6
0.02059 826.6
0.02060 826.6
0.02061 826.6
0.02062 826.6
0.02063 826.6
0.02064 826.6
0.02065 826.6
0.02066 826.6
0.02067 826.6
0.02068 826.6
0.02069 826.6
0.02070 826.6
0.02071 826.6
0.02072 826.6
0.02073 826.6
0.02074 826.6
0.02075 826.6
0.02076 826.6
0.02077 826.6
0.02078 826.6
0.02079 826.6
0.02080 826.6
0.02081 826.6
0.02082 826.6
0.02083 826.6
0.02084 826.6
0.02085 826.6
0.02086 826.6
0.02087 826.6
0.02088 826.6
0.02089 826.6
0.02090 826.6
0.02091 826.6
0.02092 826.6
0.02093 826.6
0.02094 826.6
0.02095 826.6
0.02096 826.6
0.02097 826.6
0.02098 826.6
0.02099 826.6
0.02100 826.6
0.02101 858.3
0.02102 891.0
0.02103 925.0
0.02104 960.1
0.02105 996.4
0.02106 1034.0
0.02107 1073.0
0.02108 1113.2
0.02109 1154.8
0.02110 1197.9
0.02111 1242.5
0.02112 1288.6
0.02113 1336.2
0.02114 1385.5
0.02115 1436.5
0.02116 1489.3
0.02117 1543.8
0.02118 1600.3
0.02119 1658.7
0.02120 1719.2
0.02121 1781.8
0.02122 1846.6
0.02123 1913.8
0.02124 1983.4
0.02125 2055.6
0.02126 2130.5
0.02127 2208.3
0.02128 2289.2
0.02129 2373.4
0.02130 2461.2
0.02131 2552.8
0.02132 2648.7
0.02133 2749.1
0.02134 2854.6
0.02135 2965.7
0.02136 3083.0
0.02137 3207.4
0.02138 3339.7
0.02139 3481.0
0.02140 3632.7
0.02141 3796.3
0.02142 3973.8
0.02143 4167.4
0.02144 4380.0
0.02145 4615.1
0.02146 4877.1
0.02147 5171.5
0.02148 5505.0
0.02149 5886.3
0.02150 6326.6
0.02151 6589.2
0.02152 6911.7
0.02153 7306.0
0.02154 7786.7
0.02155 8373.0
0.02156 9089.0
0.02157 9965.7
0.02158 11042.7
0.02159 12369.3
0.02160 14006.4
0.02161 16025.9
0.02162 18506.8
0.02163 21526.0
0.02164 25139.5
0.02165 29355.3
0.02166 34105.2
0.02167 39230.1
0.02168 44498.2
0.02169 49654.6
0.02170 54479.7
0.02171 58825.1
0.02172 62618.8
0.02173 65847.4
0.02174 68534.0
0.02175 70719.3
0.02176 72449.8
0.02177 73771.6
0.02178 74727.0
0.02179 75353.9
0.02180 75685.3
0.02181 75750.0
0.02182 75573.1
0.02183 75176.2
0.02184 74578.7
0.02185 73797.6
0.02186 72848.2
0.02187 71744.8
0.02188 70500.4
0.02189 69127.5
0.02190 67638.1
0.02191 66043.7
0.02192 64355.7
0.02193 62585.3
0.02194 60743.6
0.02195 58841.4
0.02196 56889.8
0.02197 54899.4
0.02198 52880.7
0.02199 50843.9
0.02200 48799.0
0.02201 46755.6
0.02202 44722.8
0.02203 42709.0
0.02204 40722.2
0.02205 38769.9
0.02206 36858.5
0.02207 34994.1
0.02208 33181.9
0.02209 31426.2
0.02210 29730.7
0.02211 28098.4
0.02212 26531.6
0.02213 25031.8
0.02214 23599.9
0.02215 22236.4
0.02216 20940.9
0.02217 19713.0
0.02218 18551.4
0.02219 17454.7
0.02220 16421.2
0.02221 15448.8
0.02222 14535.3
0.02223 13678.3
0.02224 12875.2
0.02225 12123.6
0.02226 11420.7
0.02227 10764.0
0.02228 10150.8
0.02229 9578.6
0.02230 9044.8
0.02231 8547.1
0.02232 8083.1
0.02233 7650.5
0.02234 7247.3
0.02235 6871.4
0.02236 6520.8
0.02237 6193.9
0.02238 5888.8
0.02239 5604.0
0.02240 5338.1
0.02241 5089.6
0.02242 4857.3
0.02243 4640.0
0.02244 4436.5
0.02245 4245.8
0.02246 4067.1
0.02247 3899.4
0.02248 3741.9
0.02249 3593.9
0.02250 3454.7
0.02251 3323.7
0.02252 3200.2
0.02253 3083.8
0.02254 2974.0
0.02255 2870.2
0.02256 2772.2
0.02257 2679.4
0.02258 2591.6
0.02259 2508.4
0.02260 2429.6
0.02261 2354.8
0.02262 2283.8
0.02263 2216.4
0.02264 2152.4
0.02265 2091.5
0.02266 2033.5
0.02267 1978.4
0.02268 1925.9
0.02269 1875.9
0.02270 1828.2
0.02271 1782.8
0.02272 1739.5
0.02273 1698.3
0.02274 1658.9
0.02275 1621.3
0.02276 1585.4
0.02277 1551.1
0.02278 1518.4
0.02279 1487.2
0.02280 1457.4
0.02281 1428.9
0.02282 1401.7
0.02283 1375.6
0.02284 1350.8
0.02285 1327.0
0.02286 1304.3
0.02287 1282.5
0.02288 1261.7
0.02289 1241.9
0.02290 1222.8
0.02291 1204.6
0.02292 1187.2
0.02293 1170.5
0.02294 1154.6
0.02295 1139.3
0.02296 1124.6
0.02297 1110.6
0.02298 1097.2
0.02299 1084.3
0.02300 1071.9
0.02301 1060.1
0.02302 1048.7
0.02303 1037.8
0.02304 1027.4
0.02305 1017.3
0.02306 1007.7
0.02307 998.4
0.02308 989.5
0.02309 981.0
0.02310 972.8
0.02311 964.9
0.02312 957.3
0.02313 949.9
0.02314 942.9
0.02315 936.1
0.02316 929.6
0.02317 923.3
0.02318 917.3
0.02319 911.5
0.02320 905.9
0.02321 900.5
0.02322 895.2
0.02323 890.2
0.02324 885.3
0.02325 880.7
0.02326 876.1
0.02327 871.8
0.02328 867.6
0.02329 863.5
0.02330 859.6
0.02331 855.8
0.02332 852.1
0.02333 848.5
0.02334 845.1
0.02335 841.8
0.02336 838.6
0.02337 835.5
0.02338 832.5
0.02339 829.6
0.02340 826.8
0.02341 824.0
0.02342 821.4
0.02343 818.8
0.02344 816.4
0.02345 814.0
0.02346 811.7
0.02347 809.4
0.02348 807.2
0.02349 805.1
0.02350 803.1
0.02351 801.1
0.02352 799.1
0.02353 797.3
0.02354 795.5
0.02355 793.7
0.02356 792.0
0.02357 790.3
0.02358 788.7
0.02359 787.2
0.02360 785.7
0.02361 784.2
0.02362 782.8
0.02363 781.4
0.02364 780.0
0.02365 778.7
0.02366 777.4
0.02367 776.2
0.02368 775.0
0.02369 773.8
0.02370 772.7
0.02371 771.6
0.02372 770.5
0.02373 769.5
0.02374 768.5
0.02375 767.5
0.02376 766.5
0.02377 765.6
0.02378 764.7
0.02379 763.8
0.02380 762.9
0.02381 762.1
0.02382 761.3
0.02383 760.5
0.02384 759.7
0.02385 759.0
0.02386 758.3
0.02387 757.5
0.02388 756.9
0.02389 756.2
0.02390 755.5
0.02391 754.9
0.02392 754.3
0.02393 753.7
0.02394 753.1
0.02395 752.5
0.02396 752.0
0.02397 751.4
0.02398 750.9
0.02399 750.4
0.02400 749.9
0.02401 749.4
0.02402 748.9
0.02403 748.4
0.02404 748.0
0.02405 747.6
0.02406 747.1
0.02407 746.7
0.02408 746.3
0.02409 745.9
0.02410 745.5
0.02411 745.2
0.02412 744.8
0.02413 744.4
0.02414 744.1
0.02415 743.8
0.02416 743.4
0.02417 743.1
0.02418 742.8
0.02419 742.5
0.02420 742.2
0.02421 741.9
0.02422 741.6
0.02423 741.4
0.02424 741.1
0.02425 740.8
0.02426 740.6
0.02427 740.3
0.02428 740.1
0.02429 739.9
0.02430 739.6
0.02431 739.4
0.02432 739.2
0.02433 739.0
0.02434 738.8
0.02435 738.6
0.02436 738.4
0.02437 738.2
0.02438 738.0
0.02439 737.9
0.02440 737.7
0.02441 737.5
0.02442 737.4
0.02443 737.2
0.02444 737.1
0.02445 736.9
0.02446 736.8
0.02447 736.6
0.02448 736.5
0.02449 736.4
0.02450 736.2
0.02451 736.1
0.02452 736.0
0.02453 735.9
0.02454 735.8
0.02455 735.7
0.02456 735.6
0.02457 735.5
0.02458 735.4
0.02459 735.3
0.02460 735.2
0.02461 735.1
0.02462 735.0
0.02463 734.9
0.02464 734.8
0.02465 734.7
0.02466 734.7
0.02467 734.6
0.02468 734.5
0.02469 734.5
0.02470 734.4
0.02471 734.3
0.02472 734.3
0.02473 734.2
0.02474 734.2
0.02475 734.1
0.02476 734.1
0.02477 734.0
0.02478 734.0
0.02479 733.9
0.02480 733.9
0.02481 733.8
0.02482 733.8
0.02483 733.8
0.02484 733.7
0.02485 733.7
0.02486 733.7
0.02487 733.6
0.02488 733.6
0.02489 733.6
0.02490 733.6
0.02491 733.6
0.02492 733.5
0.02493 733.5
0.02494 733.5
0.02495 733.5
0.02496 733.5
0.02497 733.5
0.02498 733.5
0.02499 733.4
0.02500 733.4
0.02501 733.4
0.02502 733.4
0.02503 733.4
0.02504 733.4
0.02505 733.4
0.02506 733.4
0.02507 733.4
0.02508 733.4
0.02509 733.4
0.02510 733.4
0.02511 733.5
0.02512 733.5
0.02513 733.5
0.02514 733.5
0.02515 733.5
0.02516 733.5
0.02517 733.5
0.02518 733.5
0.02519 733.6
0.02520 733.6
0.02521 733.6
0.02522 733.6
0.02523 733.6
0.02524 733.7
0.02525 733.7
0.02526 733.7
0.02527 733.7
0.02528 733.7
0.02529 733.8
0.02530 733.8
0.02531 733.8
0.02532 733.9
0.02533 733.9
0.02534 733.9
0.02535 734.0
0.02536 734.0
0.02537 734.0
0.02538 734.0
0.02539 734.1
0.02540 734.1
0.02541 734.2
0.02542 734.2
0.02543 734.2
0.02544 734.3
0.02545 734.3
0.02546 734.3
0.02547 734.4
0.02548 734.4
0.02549 734.5
0.02550 734.5
0.02551 734.6
0.02552 734.6
0.02553 734.6
0.02554 734.7
0.02555 734.7
0.02556 734.8
0.02557 734.8
0.02558 734.9
0.02559 734.9
0.02560 735.0
0.02561 735.0
0.02562 735.1
0.02563 735.1
0.02564 735.2
0.02565 735.2
0.02566 735.3
0.02567 735.3
0.02568 735.4
0.02569 735.4
0.02570 735.5
0.02571 735.5
0.02572 735.6
0.02573 735.6
0.02574 735.7
0.02575 735.8
0.02576 735.8
0.02577 735.9
0.02578 735.9
0.02579 736.0
0.02580 736.0
0.02581 736.1
0.02582 736.2
0.02583 736.2
0.02584 736.3
0.02585 736.3
0.02586 736.4
0.02587 736.5
0.02588 736.5
0.02589 736.6
0.02590 736.6
0.02591 736.7
0.02592 736.8
0.02593 736.8
0.02594 736.9
0.02595 737.0
0.02596 737.0
0.02597 737.1
0.02598 737.2
0.02599 737.2
0.02600 737.3
0.02601 737.3
0.02602 737.4
0.02603 737.5
0.02604 737.6
0.02605 737.6
0.02606 737.7
0.02607 737.8
0.02608 737.8
0.02609 737.9
0.02610 738.0
0.02611 738.0
0.02612 738.1
0.02613 738.2
0.02614 738.2
0.02615 738.3
0.02616 738.4
0.02617 738.5
0.02618 738.5
0.02619 738.6
0.02620 738.7
0.02621 738.7
0.02622 738.8
0.02623 738.9
0.02624 739.0
0.02625 739.0
0.02626 739.1
0.02627 739.2
0.02628 739.3
0.02629 739.3
0.02630 739.4
0.02631 739.5
0.02632 739.5
0.02633 739.6
0.02634 739.7
0.02635 739.8
0.02636 739.9
0.02637 739.9
0.02638 740.0
0.02639 740.1
0.02640 740.2
0.02641 740.2
0.02642 740.3
0.02643 740.4
0.02644 740.5
0.02645 740.5
0.02646 740.6
0.02647 740.7
0.02648 740.8
0.02649 740.9
0.02650 740.9
0.02651 741.0
0.02652 741.1
0.02653 741.2
0.02654 741.3
0.02655 741.3
0.02656 741.4
0.02657 741.5
0.02658 741.6
0.02659 741.7
0.02660 741.7
0.02661 741.8
0.02662 741.9
0.02663 742.0
0.02664 742.1
0.02665 742.1
0.02666 742.2
0.02667 742.3
0.02668 742.4
0.02669 742.5
0.02670 742.5
0.02671 742.6
0.02672 742.7
0.02673 742.8
0.02674 742.9
0.02675 743.0
0.02676 743.0
0.02677 743.1
0.02678 743.2
0.02679 743.3
0.02680 743.4
0.02681 743.5
0.02682 743.5
0.02683 743.6
0.02684 743.7
0.02685 743.8
0.02686 743.9
0.02687 744.0
0.02688 744.1
0.02689 744.1
0.02690 744.2
0.02691 744.3
0.02692 744.4
0.02693 744.5
0.02694 744.6
0.02695 744.7
0.02696 744.7
0.02697 744.8
0.02698 744.9
0.02699 745.0
0.02700 745.1
0.02701 745.2
0.02702 745.3
0.02703 745.3
0.02704 745.4
0.02705 745.5
0.02706 745.6
0.02707 745.7
0.02708 745.8
0.02709 745.9
0.02710 745.9
0.02711 746.0
0.02712 746.1
0.02713 746.2
0.02714 746.3
0.02715 746.4
0.02716 746.5
0.02717 746.6
0.02718 746.6
0.02719 746.7
0.02720 746.8
0.02721 746.9
0.02722 747.0
0.02723 747.1
0.02724 747.2
0.02725 747.3
0.02726 747.4
0.02727 747.4
0.02728 747.5
0.02729 747.6
0.02730 747.7
0.02731 747.8
0.02732 747.9
0.02733 748.0
0.02734 748.1
0.02735 748.2
0.02736 748.2
0.02737 748.3
0.02738 748.4
0.02739 748.5
0.02740 748.6
0.02741 748.7
0.02742 748.8
0.02743 748.9
0.02744 749.0
0.02745 749.1
0.02746 749.1
0.02747 749.2
0.02748 749.3
0.02749 749.4
0.02750 749.5
0.02751 749.6
0.02752 749.7
0.02753 749.8
0.02754 749.9
0.02755 750.0
0.02756 750.0
0.02757 750.1
0.02758 750.2
0.02759 750.3
0.02760 750.4
0.02761 750.5
0.02762 750.6
0.02763 750.7
0.02764 750.8
0.02765 750.9
0.02766 751.0
0.02767 751.0
0.02768 751.1
0.02769 751.2
0.02770 751.3
0.02771 751.4
0.02772 751.5
0.02773 751.6
0.02774 751.7
0.02775 751.8
0.02776 751.9
0.02777 752.0
0.02778 752.0
0.02779 752.1
0.02780 752.2
0.02781 752.3
0.02782 752.4
0.02783 752.5
0.02784 752.6
0.02785 752.7
0.02786 752.8
0.02787 752.9
0.02788 753.0
0.02789 753.1
0.02790 753.1
0.02791 753.2
0.02792 753.3
0.02793 753.4
0.02794 753.5
0.02795 753.6
0.02796 753.7
0.02797 753.8
0.02798 753.9
0.02799 754.0
0.02800 754.1
0.02801 754.2
0.02802 754.2
0.02803 754.3
0.02804 754.4
0.02805 754.5
0.02806 754.6
0.02807 754.7
0.02808 754.8
0.02809 754.9
0.02810 755.0
0.02811 755.1
0.02812 755.2
0.02813 755.3
0.02814 755.3
0.02815 755.4
0.02816 755.5
0.02817 755.6
0.02818 755.7
0.02819 755.8
0.02820 755.9
0.02821 756.0
0.02822 756.1
0.02823 756.2
0.02824 756.3
0.02825 756.4
0.02826 756.5
0.02827 756.5
0.02828 756.6
0.02829 756.7
0.02830 756.8
0.02831 756.9
0.02832 757.0
0.02833 757.1
0.02834 757.2
0.02835 757.3
0.02836 757.4
0.02837 757.5
0.02838 757.6
0.02839 757.6
0.02840 757.7
0.02841 757.8
0.02842 757.9
0.02843 758.0
0.02844 758.1
0.02845 758.2
0.02846 758.3
0.02847 758.4
0.02848 758.5
0.02849 758.6
0.02850 758.7
0.02851 758.7
0.02852 758.8
0.02853 758.9
0.02854 759.0
0.02855 759.1
0.02856 759.2
0.02857 759.3
0.02858 759.4
0.02859 759.5
0.02860 759.6
0.02861 759.7
0.02862 759.8
0.02863 759.8
0.02864 759.9
0.02865 760.0
0.02866 760.1
0.02867 760.2
0.02868 760.3
0.02869 760.4
0.02870 760.5
0.02871 760.6
0.02872 760.7
0.02873 760.8
0.02874 760.9
0.02875 760.9
0.02876 761.0
0.02877 761.1
0.02878 761.2
0.02879 761.3
0.02880 761.4
0.02881 761.5
0.02882 761.6
0.02883 761.7
0.02884 761.8
0.02885 761.9
0.02886 761.9
0.02887 762.0
0.02888 762.1
0.02889 762.2
0.02890 762.3
0.02891 762.4
0.02892 762.5
0.02893 762.6
0.02894 762.7
0.02895 762.8
0.02896 762.8
0.02897 762.9
0.02898 763.0
0.02899 763.1
0.02900 763.2
0.02901 763.3
0.02902 763.4
0.02903 763.5
0.02904 763.6
0.02905 763.7
0.02906 763.7
0.02907 763.8
0.02908 763.9
0.02909 764.0
0.02910 764.1
0.02911 764.2
0.02912 764.3
0.02913 764.4
0.02914 764.5
0.02915 764.6
0.02916 764.6
0.02917 764.7
0.02918 764.8
0.02919 764.9
0.02920 765.0
0.02921 765.1
0.02922 765.2
0.02923 765.3
0.02924 765.4
0.02925 765.4
0.02926 765.5
0.02927 765.6
0.02928 765.7
0.02929 765.8
0.02930 765.9
0.02931 766.0
0.02932 766.1
0.02933 766.2
0.02934 766.2
0.02935 766.3
0.02936 766.4
0.02937 766.5
0.02938 766.6
0.02939 766.7
0.02940 766.8
0.02941 766.9
0.02942 767.0
0.02943 767.0
0.02944 767.1
0.02945 767.2
0.02946 767.3
0.02947 767.4
0.02948 767.5
0.02949 767.6
0.02950 767.7
0.02951 767.7
0.02952 767.8
0.02953 767.9
0.02954 768.0
0.02955 768.1
0.02956 768.2
0.02957 768.3
0.02958 768.4
0.02959 768.4
0.02960 768.5
0.02961 768.6
0.02962 768.7
0.02963 768.8
0.02964 768.9
0.02965 769.0
0.02966 769.1
0.02967 769.1
0.02968 769.2
0.02969 769.3
0.02970 769.4
0.02971 769.5
0.02972 769.6
0.02973 769.7
0.02974 769.7
0.02975 769.8
0.02976 769.9
0.02977 770.0
0.02978 770.1
0.02979 770.2
0.02980 770.3
0.02981 770.3
0.02982 770.4
0.02983 770.5
0.02984 770.6
0.02985 770.7
0.02986 770.8
0.02987 770.9
0.02988 770.9
0.02989 771.0
0.02990 771.1
0.02991 771.2
0.02992 771.3
0.02993 771.4
0.02994 771.5
0.02995 771.5
0.02996 771.6
0.02997 771.7
0.02998 771.8
0.02999 771.9
0.03000 772.0
0.03001 772.0
0.03002 772.1
0.03003 772.2
0.03004 772.3
0.03005 772.4
0.03006 772.5
0.03007 772.5
0.03008 772.6
0.03009 772.7
0.03010 772.8
0.03011 772.9
0.03012 773.0
0.03013 773.0
0.03014 773.1
0.03015 773.2
0.03016 773.3
0.03017 773.4
0.03018 773.5
0.03019 773.5
0.03020 773.6
0.03021 773.7
0.03022 773.8
0.03023 773.9
0.03024 774.0
0.03025 774.0
0.03026 774.1
0.03027 774.2
0.03028 774.3
0.03029 774.4
0.03030 774.5
0.03031 774.5
0.03032 774.6
0.03033 774.7
0.03034 774.8
0.03035 774.9
0.03036 774.9
0.03037 775.0
0.03038 775.1
0.03039 775.2
0.03040 775.3
0.03041 775.3
0.03042 775.4
0.03043 775.5
0.03044 775.6
0.03045 775.7
0.03046 775.8
0.03047 775.8
0.03048 775.9
0.03049 776.0
0.03050 776.1
0.03051 776.2
0.03052 776.2
0.03053 776.3
0.03054 776.4
0.03055 776.5
0.03056 776.6
0.03057 776.6
0.03058 776.7
0.03059 776.8
0.03060 776.9
0.03061 777.0
0.03062 777.0
0.03063 777.1
0.03064 777.2
0.03065 777.3
0.03066 777.3
0.03067 777.4
0.03068 777.5
0.03069 777.6
0.03070 777.7
0.03071 777.7
0.03072 777.8
0.03073 777.9
0.03074 778.0
0.03075 778.1
0.03076 778.1
0.03077 778.2
0.03078 778.3
0.03079 778.4
0.03080 778.4
0.03081 778.5
0.03082 778.6
0.03083 778.7
0.03084 778.8
0.03085 778.8
0.03086 778.9
0.03087 779.0
0.03088 779.1
0.03089 779.1
0.03090 779.2
0.03091 779.3
0.03092 779.4
0.03093 779.4
0.03094 779.5
0.03095 779.6
0.03096 779.7
0.03097 779.8
0.03098 779.8
0.03099 779.9
0.03100 780.0
0.03101 780.1
0.03102 780.1
0.03103 780.2
0.03104 780.3
0.03105 780.4
0.03106 780.4
0.03107 780.5
0.03108 780.6
0.03109 780.7
0.03110 780.7
0.03111 780.8
0.03112 780.9
0.03113 781.0
0.03114 781.0
0.03115 781.1
0.03116 781.2
0.03117 781.3
0.03118 781.3
0.03119 781.4
0.03120 781.5
0.03121 781.6
0.03122 781.6
0.03123 781.7
0.03124 781.8
0.03125 781.9
0.03126 781.9
0.03127 782.0
0.03128 782.1
0.03129 782.2
0.03130 782.2
0.03131 782.3
0.03132 782.4
0.03133 782.4
0.03134 782.5
0.03135 782.6
0.03136 782.7
0.03137 782.7
0.03138 782.8
0.03139 782.9
0.03140 783.0
0.03141 783.0
0.03142 783.1
0.03143 783.2
0.03144 783.2
0.03145 783.3
0.03146 783.4
0.03147 783.5
0.03148 783.5
0.03149 783.6
0.03150 783.7
0.03151 783.7
0.03152 783.8
0.03153 783.9
0.03154 784.0
0.03155 784.0
0.03156 784.1
0.03157 784.2
0.03158 784.2
0.03159 784.3
0.03160 784.4
0.03161 784.5
0.03162 784.5
0.03163 784.6
0.03164 784.7
0.03165 784.7
0.03166 784.8
0.03167 784.9
0.03168 784.9
0.03169 785.0
0.03170 785.1
0.03171 785.2
0.03172 785.2
0.03173 785.3
0.03174 785.4
0.03175 785.4
0.03176 785.5
0.03177 785.6
0.03178 785.6
0.03179 785.7
0.03180 785.8
0.03181 785.8
0.03182 785.9
0.03183 786.0
0.03184 786.0
0.03185 786.1
0.03186 786.2
0.03187 786.3
0.03188 786.3
0.03189 786.4
0.03190 786.5
0.03191 786.5
0.03192 786.6
0.03193 786.7
0.03194 786.7
0.03195 786.8
0.03196 786.9
0.03197 786.9
0.03198 787.0
0.03199 787.1
0.03200 787.1
0.03201 787.2
0.03202 787.3
0.03203 787.3
0.03204 787.4
0.03205 787.5
0.03206 787.5
0.03207 787.6
0.03208 787.7
0.03209 787.7
0.03210 787.8
0.03211 787.9
0.03212 787.9
0.03213 788.0
0.03214 788.1
0.03215 788.1
0.03216 788.2
0.03217 788.3
0.03218 788.3
0.03219 788.4
0.03220 788.4
0.03221 788.5
0.03222 788.6
0.03223 788.6
0.03224 788.7
0.03225 788.8
0.03226 788.8
0.03227 788.9
0.03228 789.0
0.03229 789.0
0.03230 789.1
0.03231 789.2
0.03232 789.2
0.03233 789.3
0.03234 789.3
0.03235 789.4
0.03236 789.5
0.03237 789.5
0.03238 789.6
0.03239 789.7
0.03240 789.7
0.03241 789.8
0.03242 789.9
0.03243 789.9
0.03244 790.0
0.03245 790.0
0.03246 790.1
0.03247 790.2
0.03248 790.2
0.03249 790.3
0.03250 790.4
0.03251 790.4
0.03252 790.5
0.03253 790.5
0.03254 790.6
0.03255 790.7
0.03256 790.7
0.03257 790.8
0.03258 790.9
0.03259 790.9
0.03260 791.0
0.03261 791.0
0.03262 791.1
0.03263 791.2
0.03264 791.2
0.03265 791.3
0.03266 791.3
0.03267 791.4
0.03268 791.5
0.03269 791.5
0.03270 791.6
0.03271 791.6
0.03272 791.7
0.03273 791.8
0.03274 791.8
0.03275 791.9
0.03276 791.9
0.03277 792.0
0.03278 792.1
0.03279 792.1
0.03280 792.2
0.03281 792.2
0.03282 792.3
0.03283 792.4
0.03284 792.4
0.03285 792.5
0.03286 792.5
0.03287 792.6
0.03288 792.7
0.03289 792.7
0.03290 792.8
0.03291 792.8
0.03292 792.9
0.03293 792.9
0.03294 793.0
0.03295 793.1
0.03296 793.1
0.03297 793.2
0.03298 793.2
0.03299 793.3
0.03300 793.4
0.03301 793.4
0.03302 793.5
0.03303 793.5
0.03304 793.6
0.03305 793.6
0.03306 793.7
0.03307 793.8
0.03308 793.8
0.03309 793.9
0.03310 793.9
0.03311 794.0
0.03312 794.0
0.03313 794.1
0.03314 794.2
0.03315 794.2
0.03316 794.3
0.03317 794.3
0.03318 794.4
0.03319 794.4
0.03320 794.5
0.03321 794.5
0.03322 794.6
0.03323 794.7
0.03324 794.7
0.03325 794.8
0.03326 794.8
0.03327 794.9
0.03328 794.9
0.03329 795.0
0.03330 795.0
0.03331 795.1
0.03332 795.2
0.03333 795.2
0.03334 795.3
0.03335 795.3
0.03336 795.4
0.03337 795.4
0.03338 795.5
0.03339 795.5
0.03340 795.6
0.03341 795.6
0.03342 795.7
0.03343 795.7
0.03344 795.8
0.03345 795.9
0.03346 795.9
0.03347 796.0
0.03348 796.0
0.03349 796.1
0.03350 796.1
0.03351 796.2
0.03352 796.2
0.03353 796.3
0.03354 796.3
0.03355 796.4
0.03356 796.4
0.03357 796.5
0.03358 796.5
0.03359 796.6
0.03360 796.7
0.03361 796.7
0.03362 796.8
0.03363 796.8
0.03364 796.9
0.03365 796.9
0.03366 797.0
0.03367 797.0
0.03368 797.1
0.03369 797.1
0.03370 797.2
0.03371 797.2
0.03372 797.3
0.03373 797.3
0.03374 797.4
0.03375 797.4
0.03376 797.5
0.03377 797.5
0.03378 797.6
0.03379 797.6
0.03380 797.7
0.03381 797.7
0.03382 797.8
0.03383 797.8
0.03384 797.9
0.03385 797.9
0.03386 798.0
0.03387 798.0
0.03388 798.1
0.03389 798.1
0.03390 798.2
0.03391 798.2
0.03392 798.3
0.03393 798.3
0.03394 798.4
0.03395 798.4
0.03396 798.5
0.03397 798.5
0.03398 798.6
0.03399 798.6
0.03400 798.7
0.03401 798.7
0.03402 798.8
0.03403 798.8
0.03404 798.9
0.03405 798.9
0.03406 799.0
0.03407 799.0
0.03408 799.1
0.03409 799.1
0.03410 799.2
0.03411 799.2
0.03412 799.3
0.03413 799.3
0.03414 799.4
0.03415 799.4
0.03416 799.5
0.03417 799.5
0.03418 799.6
0.03419 799.6
0.03420 799.6
0.03421 799.7
0.03422 799.7
0.03423 799.8
0.03424 799.8
0.03425 799.9
0.03426 799.9
0.03427 800.0
0.03428 800.0
0.03429 800.1
0.03430 800.1
0.03431 800.2
0.03432 800.2
0.03433 800.3
0.03434 800.3
0.03435 800.3
0.03436 800.4
0.03437 800.4
0.03438 800.5
0.03439 800.5
0.03440 800.6
0.03441 800.6
0.03442 800.7
0.03443 800.7
0.03444 800.8
0.03445 800.8
0.03446 800.9
0.03447 800.9
0.03448 800.9
0.03449 801.0
0.03450 801.0
0.03451 801.1
0.03452 801.1
0.03453 801.2
0.03454 801.2
0.03455 801.3
0.03456 801.3
0.03457 801.3
0.03458 801.4
0.03459 801.4
0.03460 801.5
0.03461 801.5
0.03462 801.6
0.03463 801.6
0.03464 801.7
0.03465 801.7
0.03466 801.7
0.03467 801.8
0.03468 801.8
0.03469 801.9
0.03470 801.9
0.03471 802.0
0.03472 802.0
0.03473 802.0
0.03474 802.1
0.03475 802.1
0.03476 802.2
0.03477 802.2
0.03478 802.3
0.03479 802.3
0.03480 802.4
0.03481 802.4
0.03482 802.4
0.03483 802.5
0.03484 802.5
0.03485 802.6
0.03486 802.6
0.03487 802.6
0.03488 802.7
0.03489 802.7
0.03490 802.8
0.03491 802.8
0.03492 802.9
0.03493 802.9
0.03494 802.9
0.03495 803.0
0.03496 803.0
0.03497 803.1
0.03498 803.1
0.03499 803.1
0.03500 803.2
0.03501 803.2
0.03502 803.3
0.03503 803.3
0.03504 803.4
0.03505 803.4
0.03506 803.4
0.03507 803.5
0.03508 803.5
0.03509 803.6
0.03510 803.6
0.03511 803.6
0.03512 803.7
0.03513 803.7
0.03514 803.8
0.03515 803.8
0.03516 803.8
0.03517 803.9
0.03518 803.9
0.03519 804.0
0.03520 804.0
0.03521 804.0
0.03522 804.1
0.03523 804.1
0.03524 804.2
0.03525 804.2
0.03526 804.2
0.03527 804.3
0.03528 804.3
0.03529 804.4
0.03530 804.4
0.03531 804.4
0.03532 804.5
0.03533 804.5
0.03534 804.6
0.03535 804.6
0.03536 804.6
0.03537 804.7
0.03538 804.7
0.03539 804.7
0.03540 804.8
0.03541 804.8
0.03542 804.9
0.03543 804.9
0.03544 804.9
0.03545 805.0
0.03546 805.0
0.03547 805.1
0.03548 805.1
0.03549 805.1
0.03550 805.2
0.03551 805.2
0.03552 805.2
0.03553 805.3
0.03554 805.3
0.03555 805.4
0.03556 805.4
0.03557 805.4
0.03558 805.5
0.03559 805.5
0.03560 805.5
0.03561 805.6
0.03562 805.6
0.03563 805.7
0.03564 805.7
0.03565 805.7
0.03566 805.8
0.03567 805.8
0.03568 805.8
0.03569 805.9
0.03570 805.9
0.03571 805.9
0.03572 806.0
0.03573 806.0
0.03574 806.1
0.03575 806.1
0.03576 806.1
0.03577 806.2
0.03578 806.2
0.03579 806.2
0.03580 806.3
0.03581 806.3
0.03582 806.3
0.03583 806.4
0.03584 806.4
0.03585 806.5
0.03586 806.5
0.03587 806.5
0.03588 806.6
0.03589 806.6
0.03590 806.6
0.03591 806.7
0.03592 806.7
0.03593 806.7
0.03594 806.8
0.03595 806.8
0.03596 806.8
0.03597 806.9
0.03598 806.9
0.03599 806.9
0.03600 807.0
0.03601 807.0
0.03602 807.0
0.03603 807.1
0.03604 807.1
0.03605 807.1
0.03606 807.2
0.03607 807.2
0.03608 807.2
0.03609 807.3
0.03610 807.3
0.03611 807.4
0.03612 807.4
0.03613 807.4
0.03614 807.5
0.03615 807.5
0.03616 807.5
0.03617 807.6
0.03618 807.6
0.03619 807.6
0.03620 807.7
0.03621 807.7
0.03622 807.7
0.03623 807.8
0.03624 807.8
0.03625 807.8
0.03626 807.9
0.03627 807.9
0.03628 807.9
0.03629 808.0
0.03630 808.0
0.03631 808.0
0.03632 808.0
0.03633 808.1
0.03634 808.1
0.03635 808.1
0.03636 808.2
0.03637 808.2
0.03638 808.2
0.03639 808.3
0.03640 808.3
0.03641 808.3
0.03642 808.4
0.03643 808.4
0.03644 808.4
0.03645 808.5
0.03646 808.5
0.03647 808.5
0.03648 808.6
0.03649 808.6
0.03650 808.6
0.03651 808.7
0.03652 808.7
0.03653 808.7
0.03654 808.8
0.03655 808.8
0.03656 808.8
0.03657 808.8
0.03658 808.9
0.03659 808.9
0.03660 808.9
0.03661 809.0
0.03662 809.0
0.03663 809.0
0.03664 809.1
0.03665 809.1
0.03666 809.1
0.03667 809.2
0.03668 809.2
0.03669 809.2
0.03670 809.2
0.03671 809.3
0.03672 809.3
0.03673 809.3
0.03674 809.4
0.03675 809.4
0.03676 809.4
0.03677 809.5
0.03678 809.5
0.03679 809.5
0.03680 809.5
0.03681 809.6
0.03682 809.6
0.03683 809.6
0.03684 809.7
0.03685 809.7
0.03686 809.7
0.03687 809.8
0.03688 809.8
0.03689 809.8
0.03690 809.8
0.03691 809.9
0.03692 809.9
0.03693 809.9
0.03694 810.0
0.03695 810.0
0.03696 810.0
0.03697 810.0
0.03698 810.1
0.03699 810.1
0.03700 810.1
0.03701 810.2
0.03702 810.2
0.03703 810.2
0.03704 810.2
0.03705 810.3
0.03706 810.3
0.03707 810.3
0.03708 810.4
0.03709 810.4
0.03710 810.4
0.03711 810.4
0.03712 810.5
0.03713 810.5
0.03714 810.5
0.03715 810.6
0.03716 810.6
0.03717 810.6
0.03718 810.6
0.03719 810.7
0.03720 810.7
0.03721 810.7
0.03722 810.8
0.03723 810.8
0.03724 810.8
0.03725 810.8
0.03726 810.9
0.03727 810.9
0.03728 810.9
0.03729 810.9
0.03730 811.0
0.03731 811.0
0.03732 811.0
0.03733 811.1
0.03734 811.1
0.03735 811.1
0.03736 811.1
0.03737 811.2
0.03738 811.2
0.03739 811.2
0.03740 811.2
0.03741 811.3
0.03742 811.3
0.03743 811.3
0.03744 811.3
0.03745 811.4
0.03746 811.4
0.03747 811.4
0.03748 811.5
0.03749 811.5
0.03750 811.5
0.03751 811.5
0.03752 811.6
0.03753 811.6
0.03754 811.6
0.03755 811.6
0.03756 811.7
0.03757 811.7
0.03758 811.7
0.03759 811.7
0.03760 811.8
0.03761 811.8
0.03762 811.8
0.03763 811.8
0.03764 811.9
0.03765 811.9
0.03766 811.9
0.03767 811.9
0.03768 812.0
0.03769 812.0
0.03770 812.0
0.03771 812.0
0.03772 812.1
0.03773 812.1
0.03774 812.1
0.03775 812.1
0.03776 812.2
0.03777 812.2
0.03778 812.2
0.03779 812.2
0.03780 812.3
0.03781 812.3
0.03782 812.3
0.03783 812.3
0.03784 812.4
0.03785 812.4
0.03786 812.4
0.03787 812.4
0.03788 812.5
0.03789 812.5
0.03790 812.5
0.03791 812.5
0.03792 812.6
0.03793 812.6
0.03794 812.6
0.03795 812.6
0.03796 812.7
0.03797 812.7
0.03798 812.7
0.03799 812.7
0.03800 812.8
0.03801 812.8
0.03802 812.8
0.03803 812.8
0.03804 812.8
0.03805 812.9
0.03806 812.9
0.03807 812.9
0.03808 812.9
0.03809 813.0
0.03810 813.0
0.03811 813.0
0.03812 813.0
0.03813 813.1
0.03814 813.1
0.03815 813.1
0.03816 813.1
0.03817 813.2
0.03818 813.2
0.03819 813.2
0.03820 813.2
0.03821 813.2
0.03822 813.3
0.03823 813.3
0.03824 813.3
0.03825 813.3
0.03826 813.4
0.03827 813.4
0.03828 813.4
0.03829 813.4
0.03830 813.5
0.03831 813.5
0.03832 813.5
0.03833 813.5
0.03834 813.5
0.03835 813.6
0.03836 813.6
0.03837 813.6
0.03838 813.6
0.03839 813.7
0.03840 813.7
0.03841 813.7
0.03842 813.7
0.03843 813.7
0.03844 813.8
0.03845 813.8
0.03846 813.8
0.03847 813.8
0.03848 813.8
0.03849 813.9
0.03850 813.9
0.03851 813.9
0.03852 813.9
0.03853 814.0
0.03854 814.0
0.03855 814.0
0.03856 814.0
0.03857 814.0
0.03858 814.1
0.03859 814.1
0.03860 814.1
0.03861 814.1
0.03862 814.2
0.03863 814.2
0.03864 814.2
0.03865 814.2
0.03866 814.2
0.03867 814.3
0.03868 814.3
0.03869 814.3
0.03870 814.3
0.03871 814.3
0.03872 814.4
0.03873 814.4
0.03874 814.4
0.03875 814.4
0.03876 814.4
0.03877 814.5
0.03878 814.5
0.03879 814.5
0.03880 814.5
0.03881 814.5
0.03882 814.6
0.03883 814.6
0.03884 814.6
0.03885 814.6
0.03886 814.6
0.03887 814.7
0.03888 814.7
0.03889 814.7
0.03890 814.7
0.03891 814.7
0.03892 814.8
0.03893 814.8
0.03894 814.8
0.03895 814.8
0.03896 814.8
0.03897 814.9
0.03898 814.9
0.03899 814.9
0.03900 814.9
0.03901 814.9
0.03902 815.0
0.03903 815.0
0.03904 815.0
0.03905 815.0
0.03906 815.0
0.03907 815.1
0.03908 815.1
0.03909 815.1
0.03910 815.1
0.03911 815.1
0.03912 815.2
0.03913 815.2
0.03914 815.2
0.03915 815.2
0.03916 815.2
0.03917 815.3
0.03918 815.3
0.03919 815.3
0.03920 815.3
0.03921 815.3
0.03922 815.4
0.03923 815.4
0.03924 815.4
0.03925 815.4
0.03926 815.4
0.03927 815.4
0.03928 815.5
0.03929 815.5
0.03930 815.5
0.03931 815.5
0.03932 815.5
0.03933 815.6
0.03934 815.6
0.03935 815.6
0.03936 815.6
0.03937 815.6
0.03938 815.7
0.03939 815.7
0.03940 815.7
0.03941 815.7
0.03942 815.7
0.03943 815.7
0.03944 815.8
0.03945 815.8
0.03946 815.8
0.03947 815.8
0.03948 815.8
0.03949 815.9
0.03950 815.9
0.03951 815.9
0.03952 815.9
0.03953 815.9
0.03954 815.9
0.03955 816.0
0.03956 816.0
0.03957 816.0
0.03958 816.0
0.03959 816.0
0.03960 816.1
0.03961 816.1
0.03962 816.1
0.03963 816.1
0.03964 816.1
0.03965 816.1
0.03966 816.2
0.03967 816.2
0.03968 816.2
0.03969 816.2
0.03970 816.2
0.03971 816.2
0.03972 816.3
0.03973 816.3
0.03974 816.3
0.03975 816.3
0.03976 816.3
0.03977 816.3
0.03978 816.4
0.03979 816.4
0.03980 816.4
0.03981 816.4
0.03982 816.4
0.03983 816.4
0.03984 816.5
0.03985 816.5
0.03986 816.5
0.03987 816.5
0.03988 816.5
0.03989 816.5
0.03990 816.6
0.03991 816.6
0.03992 816.6
0.03993 816.6
0.03994 816.6
0.03995 816.6
0.03996 816.7
0.03997 816.7
0.03998 816.7
0.03999 816.7
0.04000 826.6
0.04001 826.6
0.04002 826.6
0.04003 826.6
0.04004 826.6
0.04005 826.6
0.04006 826.6
0.04007 826.6
0.04008 826.6
0.04009 826.6
0.04010 826.6
0.04011 826.6
0.04012 826.6
0.04013 826.6
0.04014 826.6
0.04015 826.6
0.04016 826.6
0.04017 826.6
0.04018 826.6
0.04019 826.6
0.04020 826.6
0.04021 826.6
0.04022 826.6
0.04023 826.6
0.04024 826.6
0.04025 826.6
0.04026 826.6
0.04027 826.6
0.04028 826.6
0.04029 826.6
0.04030 826.6
0.04031 826.6
0.04032 826.6
0.04033 826.6
0.04034 826.6
0.04035 826.6
0.04036 826.6
0.04037 826.6
0.04038 826.6
0.04039 826.6
0.04040 826.6
0.04041 826.6
0.04042 826.6
0.04043 826.6
0.04044 826.6
0.04045 826.6
0.04046 826.6
0.04047 826.6
0.04048 826.6
0.04049 826.6
0.04050 826.6
0.04051 826.6
0.04052 826.6
0.04053 826.6
0.04054 826.6
0.04055 826.6
0.04056 826.6
0.04057 826.6
0.04058 826.6
0.04059 826.6
0.04060 826.6
0.04061 826.6
0.04062 826.6
0.04063 826.6
0.04064 826.6
0.04065 826.6
0.04066 826.6
0.04067 826.6
0.04068 826.6
0.04069 826.6
0.04070 826.6
0.04071 826.6
0.04072 826.6
0.04073 826.6
0.04074 826.6
0.04075 826.6
0.04076 826.6
0.04077 826.6
0.04078 826.6
0.04079 826.6
0.04080 826.6
0.04081 826.6
0.04082 826.6
0.04083 826.6
0.04084 826.6
0.04085 826.6
0.04086 826.6
0.04087 826.6
0.04088 826.6
0.04089 826.6
0.04090 826.6
0.04091 826.6
0.04092 826.6
0.04093 826.6
0.04094 826.6
0.04095 826.6
0.04096 826.6
0.04097 826.6
0.04098 826.6
0.04099 826.6
0.04100 826.6
0.04101 826.6
0.04102 826.6
0.04103 826.6
0.04104 826.6
0.04105 826.6
0.04106 826.6
0.04107 826.6
0.04108 826.6
0.04109 826.6
0.04110 826.6
0.04111 826.6
0.04112 826.6
0.04113 826.6
0.04114 826.6
0.04115 826.6
0.04116 826.6
0.04117 826.6
0.04118 826.6
0.04119 826.6
0.04120 826.6
0.04121 826.6
0.04122 826.6
0.04123 826.6
0.04124 826.6
0.04125 826.6
0.04126 826.6
0.04127 826.6
0.04128 826.6
0.04129 826.6
0.04130 826.6
0.04131 826.6
0.04132 826.6
0.04133 826.6
0.04134 826.6
0.04135 826.6
0.04136 826.6
0.04137 826.6
0.04138 826.6
0.04139 826.6
0.04140 826.6
0.04141 826.6
0.04142 826.6
0.04143 826.6
0.04144 826.6
0.04145 826.6
0.04146 826.6
0.04147 826.6
0.04148 826.6
0.04149 826.6
0.04150 826.6
0.04151 826.6
0.04152 826.6
0.04153 826.6
0.04154 826.6
0.04155 826.6
0.04156 826.6
0.04157 826.6
0.04158 826.6
0.04159 826.6
0.04160 826.6
0.04161 826.6
0.04162 826.6
0.04163 826.6
0.04164 826.6
0.04165 826.6
0.04166 826.6
0.04167 826.6
0.04168 826.6
0.04169 826.6
0.04170 826.6
0.04171 826.6
0.04172 826.6
0.04173 826.6
0.04174 826.6
0.04175 826.6
0.04176 826.6
0.04177 826.6
0.04178 826.6
0.04179 826.6
0.04180 826.6
0.04181 826.6
0.04182 826.6
0.04183 826.6
0.04184 826.6
0.04185 826.6
0.04186 826.6
0.04187 826.6
0.04188 826.6
0.04189 826.6
0.04190 826.6
0.04191 826.6
0.04192 826.6
0.04193 826.6
0.04194 826.6
0.04195 826.6
0.04196 826.6
0.04197 826.6
0.04198 826.6
0.04199 826.6
0.04200 826.6
0.04201 826.6
0.04202 826.6
0.04203 826.6
0.04204 826.6
0.04205 826.6
0.04206 826.6
0.04207 826.6
0.04208 826.6
0.04209 826.6
0.04210 826.6
0.04211 826.6
0.04212 826.6
0.04213 826.6
0.04214 826.6
0.04215 826.6
0.04216 826.6
0.04217 826.6
0.04218 826.6
0.04219 826.6
0.04220 826.6
0.04221 826.6
0.04222 826.6
0.04223 826.6
0.04224 826.6
0.04225 826.6
0.04226 826.6
0.04227 826.6
0.04228 826.6
0.04229 826.6
0.04230 826.6
0.04231 826.6
0.04232 826.6
0.04233 826.6
0.04234 826.6
0.04235 826.6
0.04236 826.6
0.04237 826.6
0.04238 826.6
0.04239 826.6
0.04240 826.6
0.04241 826.6
0.04242 826.6
0.04243 826.6
0.04244 826.6
0.04245 826.6
0.04246 826.6
0.04247 826.6
0.04248 826.6
0.04249 826.6
0.04250 826.6
0.04251 826.6
0.04252 826.6
0.04253 826.6
0.04254 826.6
0.04255 826.6
0.04256 826.6
0.04257 826.6
0.04258 826.6
0.04259 826.6
0.04260 826.6
0.04261 826.6
0.04262 826.6
0.04263 826.6
0.04264 826.6
0.04265 826.6
0.04266 826.6
0.04267 826.6
0.04268 826.6
0.04269 826.6
0.04270 826.6
0.04271 826.6
0.04272 826.6
0.04273 826.6
0.04274 826.6
0.04275 826.6
0.04276 826.6
0.04277 826.6
0.04278 826.6
0.04279 826.6
0.04280 826.6
0.04281 826.6
0.04282 826.6
0.04283 826.6
0.04284 826.6
0.04285 826.6
0.04286 826.6
0.04287 826.6
0.04288 826.6
0.04289 826.6
0.04290 826.6
0.04291 826.6
0.04292 826.6
0.04293 826.6
0.04294 826.6
0.04295 826.6
0.04296 826.6
0.04297 826.6
0.04298 826.6
0.04299 826.6
0.04300 826.6
0.04301 826.6
0.04302 826.6
0.04303 826.6
0.04304 826.6
0.04305 826.6
0.04306 826.6
0.04307 826.6
0.04308 826.6
0.04309 826.6
0.04310 826.6
0.04311 826.6
0.04312 826.6
0.04313 826.6
0.04314 826.6
0.04315 826.6
0.04316 826.6
0.04317 826.6
0.04318 826.6
0.04319 826.6
0.04320 826.6
0.04321 826.6
0.04322 826.6
0.04323 826.6
0.04324 826.6
0.04325 826.6
0.04326 826.6
0.04327 826.6
0.04328 826.6
0.04329 826.6
0.04330 826.6
0.04331 826.6
0.04332 826.6
0.04333 826.6
0.04334 826.6
0.04335 826.6
0.04336 826.6
0.04337 826.6
0.04338 826.6
0.04339 826.6
0.04340 826.6
0.04341 826.6
0.04342 826.6
0.04343 826.6
0.04344 826.6
0.04345 826.6
0.04346 826.6
0.04347 826.6
0.04348 826.6
0.04349 826.6
0.04350 826.6
0.04351 826.6
0.04352 826.6
0.04353 826.6
0.04354 826.6
0.04355 826.6
0.04356 826.6
0.04357 826.6
0.04358 826.6
0.04359 826.6
0.04360 826.6
0.04361 826.6
0.04362 826.6
0.04363 826.6
0.04364 826.6
0.04365 826.6
0.04366 826.6
0.04367 826.6
0.04368 826.6
0.04369 826.6
0.04370 826.6
0.04371 826.6
0.04372 826.6
0.04373 826.6
0.04374 826.6
0.04375 826.6
0.04376 826.6
0.04377 826.6
0.04378 826.6
0.04379 826.6
0.04380 826.6
0.04381 826.6
0.04382 826.6
0.04383 826.6
0.04384 826.6
0.04385 826.6
0.04386 826.6
0.04387 826.6
0.04388 826.6
0.04389 826.6
0.04390 826.6
0.04391 826.6
0.04392 826.6
0.04393 826.6
0.04394 826.6
0.04395 826.6
0.04396 826.6
0.04397 826.6
0.04398 826.6
0.04399 826.6
0.04400 826.6
0.04401 826.6
0.04402 826.6
0.04403 826.6
0.04404 826.6
0.04405 826.6
0.04406 826.6
0.04407 826.6
0.04408 826.6
0.04409 826.6
0.04410 826.6
0.04411 826.6
0.04412 826.6
0.04413 826.6
0.04414 826.6
0.04415 826.6
0.04416 826.6
0.04417 826.6
0.04418 826.6
0.04419 826.6
0.04420 826.6
0.04421 826.6
0.04422 826.6
0.04423 826.6
0.04424 826.6
0.04425 826.6
0.04426 826.6
0.04427 826.6
0.04428 826.6
0.04429 826.6
0.04430 826.6
0.04431 826.6
0.04432 826.6
0.04433 826.6
0.04434 826.6
0.04435 826.6
0.04436 826.6
0.04437 826.6
0.04438 826.6
0.04439 826.6
0.04440 826.6
0.04441 826.6
0.04442 826.6
0.04443 826.6
0.04444 826.6
0.04445 826.6
0.04446 826.6
0.04447 826.6
0.04448 826.6
0.04449 826.6
0.04450 826.6
0.04451 826.6
0.04452 826.6
0.04453 826.6
0.04454 826.6
0.04455 826.6
0.04456 826.6
0.04457 826.6
0.04458 826.6
0.04459 826.6
0.04460 826.6
0.04461 826.6
0.04462 826.6
0.04463 826.6
0.04464 826.6
0.04465 826.6
0.04466 826.6
0.04467 826.6
0.04468 826.6
0.04469 826.6
0.04470 826.6
0.04471 826.6
0.04472 826.6
0.04473 826.6
0.04474 826.6
0.04475 826.6
0.04476 826.6
0.04477 826.6
0.04478 826.6
0.04479 826.6
0.04480 826.6
0.04481 826.6
0.04482 826.6
0.04483 826.6
0.04484 826.6
0.04485 826.6
0.04486 826.6
0.04487 826.6
0.04488 826.6
0.04489 826.6
0.04490 826.6
0.04491 826.6
0.04492 826.6
0.04493 826.6
0.04494 826.6
0.04495 826.6
0.04496 826.6
0.04497 826.6
0.04498 826.6
0.04499 826.6
0.04500 826.6
0.04501 826.6
0.04502 826.6
0.04503 826.6
0.04504 826.6
0.04505 826.6
0.04506 826.6
0.04507 826.6
0.04508 826.6
0.04509 826.6
0.04510 826.6
0.04511 826.6
0.04512 826.6
0.04513 826.6
0.04514 826.6
0.04515 826.6
0.04516 826.6
0.04517 826.6
0.04518 826.6
0.04519 826.6
0.04520 826.6
0.04521 826.6
0.04522 826.6
0.04523 826.6
0.04524 826.6
0.04525 826.6
0.04526 826.6
0.04527 826.6
0.04528 826.6
0.04529 826.6
0.04530 826.6
0.04531 826.6
0.04532 826.6
0.04533 826.6
0.04534 826.6
0.04535 826.6
0.04536 826.6
0.04537 826.6
0.04538 826.6
0.04539 826.6
0.04540 826.6
0.04541 826.6
0.04542 826.6
0.04543 826.6
0.04544 826.6
0.04545 826.6
0.04546 826.6
0.04547 826.6
0.04548 826.6
0.04549 826.6
0.04550 826.6
0.04551 826.6
0.04552 826.6
0.04553 826.6
0.04554 826.6
0.04555 826.6
0.04556 826.6
0.04557 826.6
0.04558 826.6
0.04559 826.6
0.04560 826.6
0.04561 826.6
0.04562 826.6
0.04563 826.6
0.04564 826.6
0.04565 826.6
0.04566 826.6
0.04567 826.6
0.04568 826.6
0.04569 826.6
0.04570 826.6
0.04571 826.6
0.04572 826.6
0.04573 826.6
0.04574 826.6
0.04575 826.6
0.04576 826.6
0.04577 826.6
0.04578 826.6
0.04579 826.6
0.04580 826.6
0.04581 826.6
0.04582 826.6
0.04583 826.6
0.04584 826.6
0.04585 826.6
0.04586 826.6
0.04587 826.6
0.04588 826.6
0.04589 826.6
0.04590 826.6
0.04591 826.6
0.04592 826.6
0.04593 826.6
0.04594 826.6
0.04595 826.6
0.04596 826.6
0.04597 826.6
0.04598 826.6
0.04599 826.6
0.04600 826.6
0.04601 826.6
0.04602 826.6
0.04603 826.6
0.04604 826.6
0.04605 826.6
0.04606 826.6
0.04607 826.6
0.04608 826.6
0.04609 826.6
0.04610 826.6
0.04611 826.6
0.04612 826.6
0.04613 826.6
0.04614 826.6
0.04615 826.6
0.04616 826.6
0.04617 826.6
0.04618 826.6
0.04619 826.6
0.04620 826.6
0.04621 826.6
0.04622 826.6
0.04623 826.6
0.04624 826.6
0.04625 826.6
0.04626 826.6
0.04627 826.6
0.04628 826.6
0.04629 826.6
0.04630 826.6
0.04631 826.6
0.04632 826.6
0.04633 826.6
0.04634 826.6
0.04635 826.6
0.04636 826.6
0.04637 826.6
0.04638 826.6
0.04639 826.6
0.04640 826.6
0.04641 826.6
0.04642 826.6
0.04643 826.6
0.04644 826.6
0.04645 826.6
0.04646 826.6
0.04647 826.6
0.04648 826.6
0.04649 826.6
0.04650 826.6
0.04651 826.6
0.04652 826.6
0.04653 826.6
0.04654 826.6
0.04655 826.6
0.04656 826.6
0.04657 826.6
0.04658 826.6
0.04659 826.6
0.04660 826.6
0.04661 826.6
0.04662 826.6
0.04663 826.6
0.04664 826.6
0.04665 826.6
0.04666 826.6
0.04667 826.6
0.04668 826.6
0.04669 826.6
0.04670 826.6
0.04671 826.6
0.04672 826.6
0.04673 826.6
0.04674 826.6
0.04675 826.6
0.04676 826.6
0.04677 826.6
0.04678 826.6
0.04679 826.6
0.04680 826.6
0.04681 826.6
0.04682 826.6
0.04683 826.6
0.04684 826.6
0.04685 826.6
0.04686 826.6
0.04687 826.6
0.04688 826.6
0.04689 826.6
0.04690 826.6
0.04691 826.6
0.04692 826.6
0.04693 826.6
0.04694 826.6
0.04695 826.6
0.04696 826.6
0.04697 826.6
0.04698 826.6
0.04699 826.6
0.04700 826.6
0.04701 826.6
0.04702 826.6
0.04703 826.6
0.04704 826.6
0.04705 826.6
0.04706 826.6
0.04707 826.6
0.04708 826.6
0.04709 826.6
0.04710 826.6
0.04711 826.6
0.04712 826.6
0.04713 826.6
0.04714 826.6
0.04715 826.6
0.04716 826.6
0.04717 826.6
0.04718 826.6
0.04719 826.6
0.04720 826.6
0.04721 826.6
0.04722 826.6
0.04723 826.6
0.04724 826.6
0.04725 826.6
0.04726 826.6
0.04727 826.6
0.04728 826.6
0.04729 826.6
0.04730 826.6
0.04731 826.6
0.04732 826.6
0.04733 826.6
0.04734 826.6
0.04735 826.6
0.04736 826.6
0.04737 826.6
0.04738 826.6
0.04739 826.6
0.04740 826.6
0.04741 826.6
0.04742 826.6
0.04743 826.6
0.04744 826.6
0.04745 826.6
0.04746 826.6
0.04747 826.6
0.04748 826.6
0.04749 826.6
0.04750 826.6
0.04751 826.6
0.04752 826.6
0.04753 826.6
0.04754 826.6
0.04755 826.6
0.04756 826.6
0.04757 826.6
0.04758 826.6
0.04759 826.6
0.04760 826.6
0.04761 826.6
0.04762 826.6
0.04763 826.6
0.04764 826.6
0.04765 826.6
0.04766 826.6
0.04767 826.6
0.04768 826.6
0.04769 826.6
0.04770 826.6
0.04771 826.6
0.04772 826.6
0.04773 826.6
0.04774 826.6
0.04775 826.6
0.04776 826.6
0.04777 826.6
0.04778 826.6
0.04779 826.6
0.04780 826.6
0.04781 826.6
0.04782 826.6
0.04783 826.6
0.04784 826.6
0.04785 826.6
0.04786 826.6
0.04787 826.6
0.04788 826.6
0.04789 826.6
0.04790 826.6
0.04791 826.6
0.04792 826.6
0.04793 826.6
0.04794 826.6
0.04795 826.6
0.04796 826.6
0.04797 826.6
0.04798 826.6
0.04799 826.6
0.04800 826.6
0.04801 826.6
0.04802 826.6
0.04803 826.6
0.04804 826.6
0.04805 826.6
0.04806 826.6
0.04807 826.6
0.04808 826.6
0.04809 826.6
0.04810 826.6
0.04811 826.6
0.04812 826.6
0.04813 826.6
0.04814 826.6
0.04815 826.6
0.04816 826.6
0.04817 826.6
0.04818 826.6
0.04819 826.6
0.04820 826.6
0.04821 826.6
0.04822 826.6
0.04823 826.6
0.04824 826.6
0.04825 826.6
0.04826 826.6
0.04827 826.6
0.04828 826.6
0.04829 826.6
0.04830 826.6
0.04831 826.6
0.04832 826.6
0.04833 826.6
0.04834 826.6
0.04835 826.6
0.04836 826.6
0.04837 826.6
0.04838 826.6
0.04839 826.6
0.04840 826.6
0.04841 826.6
0.04842 826.6
0.04843 826.6
0.04844 826.6
0.04845 826.6
0.04846 826.6
0.04847 826.6
0.04848 826.6
0.04849 826.6
0.04850 826.6
0.04851 826.6
0.04852 826.6
0.04853 826.6
0.04854 826.6
0.04855 826.6
0.04856 826.6
0.04857 826.6
0.04858 826.6
0.04859 826.6
0.04860 826.6
0.04861 826.6
0.04862 826.6
0.04863 826.6
0.04864 826.6
0.04865 826.6
0.04866 826.6
0.04867 826.6
0.04868 826.6
0.04869 826.6
0.04870 826.6
0.04871 826.6
0.04872 826.6
0.04873 826.6
0.04874 826.6
0.04875 826.6
0.04876 826.6
0.04877 826.6
0.04878 826.6
0.04879 826.6
0.04880 826.6
0.04881 826.6
0.04882 826.6
0.04883 826.6
0.04884 826.6
0.04885 826.6
0.04886 826.6
0.04887 826.6
0.04888 826.6
0.04889 826.6
0.04890 826.6
0.04891 826.6
0.04892 826.6
0.04893 826.6
0.04894 826.6
0.04895 826.6
0.04896 826.6
0.04897 826.6
0.04898 826.6
0.04899 826.6
0.04900 826.6
0.04901 826.6
0.04902 826.6
0.04903 826.6
0.04904 826.6
0.04905 826.6
0.04906 826.6
0.04907 826.6
0.04908 826.6
0.04909 826.6
0.04910 826.6
0.04911 826.6
0.04912 826.6
0.04913 826.6
0.04914 826.6
0.04915 826.6
0.04916 826.6
0.04917 826.6
0.04918 826.6
0.04919 826.6
0.04920 826.6
0.04921 826.6
0.04922 826.6
0.04923 826.6
0.04924 826.6
0.04925 826.6
0.04926 826.6
0.04927 826.6
0.04928 826.6
0.04929 826.6
0.04930 826.6
0.04931 826.6
0.04932 826.6
0.04933 826.6
0.04934 826.6
0.04935 826.6
0.04936 826.6
0.04937 826.6
0.04938 826.6
0.04939 826.6
0.04940 826.6
0.04941 826.6
0.04942 826.6
0.04943 826.6
0.04944 826.6
0.04945 826.6
0.04946 826.6
0.04947 826.6
0.04948 826.6
0.04949 826.6
0.04950 826.6
0.04951 826.6
0.04952 826.6
0.04953 826.6
0.04954 826.6
0.04955 826.6
0.04956 826.6
0.04957 826.6
0.04958 826.6
0.04959 826.6
0.04960 826.6
0.04961 826.6
0.04962 826.6
0.04963 826.6
0.04964 826.6
0.04965 826.6
0.04966 826.6
0.04967 826.6
0.04968 826.6
0.04969 826.6
0.04970 826.6
0.04971 826.6
0.04972 826.6
0.04973 826.6
0.04974 826.6
0.04975 826.6
0.04976 826.6
0.04977 826.6
0.04978 826.6
0.04979 826.6
0.04980 826.6
0.04981 826.6
0.04982 826.6
0.04983 826.6
0.04984 826.6
0.04985 826.6
0.04986 826.6
0.04987 826.6
0.04988 826.6
0.04989 826.6
0.04990 826.6
0.04991 826.6
0.04992 826.6
0.04993 826.6
0.04994 826.6
0.04995 826.6
0.04996 826.6
0.04997 826.6
0.04998 826.6
0.04999 826.6
0.05000 826.6
