0.00000 1018.8
0.00001 1018.8
0.00002 1018.8
0.00003 1018.8
0.00004 1018.8
0.00005 1018.8
0.00006 1018.8
0.00007 1018.8
0.00008 1018.8
0.00009 1018.8
0.00010 1018.8
0.00011 1018.8
0.00012 1018.8
0.00013 1018.8
0.00014 1018.8
0.00015 1018.8
0.00016 1018.8
0.00017 1018.8
0.00018 1018.8
0.00019 1018.8
0.00020 1018.8
0.00021 1018.8
0.00022 1018.8
0.00023 1018.8
0.00024 1018.8
0.00025 1018.8
0.00026 1018.8
0.00027 1018.8
0.00028 1018.8
0.00029 1018.8
0.00030 1018.8
0.00031 1018.8
0.00032 1018.8
0.00033 1018.8
0.00034 1018.8
0.00035 1018.8
0.00036 1018.8
0.00037 1018.8
0.00038 1018.8
0.00039 1018.8
0.00040 1018.8
0.00041 1018.8
0.00042 1018.8
0.00043 1018.8
0.00044 1018.8
0.00045 1018.8
0.00046 1018.8
0.00047 1018.8
0.00048 1018.8
0.00049 1018.8
0.00050 1018.8
0.00051 1018.8
0.00052 1018.8
0.00053 1018.8
0.00054 1018.8
0.00055 1018.8
0.00056 1018.8
0.00057 1018.8
0.00058 1018.8
0.00059 1018.8
0.00060 1018.8
0.00061 1018.8
0.00062 1018.8
0.00063 1018.8
0.00064 1018.8
0.00065 1018.8
0.00066 1018.8
0.00067 1018.8
0.00068 1018.8
0.00069 1018.8
0.00070 1018.8
0.00071 1018.8
0.00072 1018.8
0.00073 1018.8
0.00074 1018.8
0.00075 1018.8
0.00076 1018.8
0.00077 1018.8
0.00078 1018.8
0.00079 1018.8
0.00080 1018.8
0.00081 1018.8
0.00082 1018.8
0.00083 1018.8
0.00084 1018.8
0.00085 1018.8
0.00086 1018.8
0.00087 1018.8
0.00088 1018.8
0.00089 1018.8
0.00090 1018.8
0.00091 1018.8
0.00092 1018.8
0.00093 1018.8
0.00094 1018.8
0.00095 1018.8
0.00096 1018.8
0.00097 1018.8
0.00098 1018.8
0.00099 1018.8
0.00100 1018.8
0.00101 1037.4
0.00102 1056.2
0.00103 1075.4
0.00104 1094.8
0.00105 1114.5
0.00106 1134.5
0.00107 1154.8
0.00108 1175.4
0.00109 1196.3
0.00110 1217.5
0.00111 1239.0
0.00112 1260.9
0.00113 1283.0
0.00114 1305.5
0.00115 1328.4
0.00116 1351.6
0.00117 1375.1
0.00118 1399.1
0.00119 1423.3
0.00120 1448.0
0.00121 1473.1
0.00122 1498.6
0.00123 1524.5
0.00124 1550.9
0.00125 1577.7
0.00126 1605.1
0.00127 1632.9
0.00128 1661.4
0.00129 1690.5
0.00130 1720.2
0.00131 1750.6
0.00132 1781.9
0.00133 1814.0
0.00134 1847.1
0.00135 1881.2
0.00136 1916.6
0.00137 1953.3
0.00138 1991.6
0.00139 2031.6
0.00140 2073.7
0.00141 2118.0
0.00142 2164.9
0.00143 2214.9
0.00144 2268.5
0.00145 2326.1
0.00146 2388.6
0.00147 2456.8
0.00148 2531.6
0.00149 2614.3
0.00150 2706.4
0.00151 2759.8
0.00152 2823.8
0.00153 2900.0
0.00154 2990.1
0.00155 3096.1
0.00156 3220.5
0.00157 3366.1
0.00158 3536.0
0.00159 3733.9
0.00160 3963.5
0.00161 4228.2
0.00162 4530.7
0.00163 4871.5
0.00164 5248.3
0.00165 5653.7
0.00166 6075.8
0.00167 6498.1
0.00168 6903.3
0.00169 7276.3
0.00170 7607.5
0.00171 7893.0
0.00172 8133.4
0.00173 8332.1
0.00174 8493.5
0.00175 8622.5
0.00176 8723.1
0.00177 8799.2
0.00178 8853.7
0.00179 8889.3
0.00180 8908.0
0.00181 8911.7
0.00182 8901.7
0.00183 8879.2
0.00184 8845.3
0.00185 8800.7
0.00186 8746.1
0.00187 8682.3
0.00188 8609.7
0.00189 8528.8
0.00190 8440.1
0.00191 8344.0
0.00192 8240.9
0.00193 8131.3
0.00194 8015.5
0.00195 7894.1
0.00196 7767.3
0.00197 7635.6
0.00198 7499.5
0.00199 7359.5
0.00200 7215.9
0.00201 7069.2
0.00202 6920.0
0.00203 6768.6
0.00204 6615.6
0.00205 6461.4
0.00206 6306.5
0.00207 6151.3
0.00208 5996.2
0.00209 5841.8
0.00210 5688.3
0.00211 5536.2
0.00212 5385.8
0.00213 5237.5
0.00214 5091.4
0.00215 4948.1
0.00216 4807.5
0.00217 4670.1
0.00218 4535.9
0.00219 4405.1
0.00220 4277.9
0.00221 4154.4
0.00222 4034.6
0.00223 3918.6
0.00224 3806.5
0.00225 3698.1
0.00226 3593.6
0.00227 3492.9
0.00228 3395.9
0.00229 3302.6
0.00230 3213.0
0.00231 3126.9
0.00232 3044.2
0.00233 2964.9
0.00234 2888.8
0.00235 2815.9
0.00236 2746.0
0.00237 2679.0
0.00238 2614.8
0.00239 2553.4
0.00240 2494.5
0.00241 2438.0
0.00242 2384.0
0.00243 2332.1
0.00244 2282.5
0.00245 2234.9
0.00246 2189.2
0.00247 2145.4
0.00248 2103.4
0.00249 2063.0
0.00250 2024.3
0.00251 1987.0
0.00252 1951.2
0.00253 1916.8
0.00254 1883.8
0.00255 1851.9
0.00256 1821.3
0.00257 1791.8
0.00258 1763.3
0.00259 1735.9
0.00260 1709.5
0.00261 1684.1
0.00262 1659.5
0.00263 1635.8
0.00264 1612.9
0.00265 1590.9
0.00266 1569.6
0.00267 1549.0
0.00268 1529.1
0.00269 1509.9
0.00270 1491.4
0.00271 1473.5
0.00272 1456.2
0.00273 1439.5
0.00274 1423.4
0.00275 1407.8
0.00276 1392.8
0.00277 1378.3
0.00278 1364.2
0.00279 1350.7
0.00280 1337.6
0.00281 1325.0
0.00282 1312.8
0.00283 1301.1
0.00284 1289.7
0.00285 1278.8
0.00286 1268.2
0.00287 1258.0
0.00288 1248.2
0.00289 1238.7
0.00290 1229.6
0.00291 1220.7
0.00292 1212.2
0.00293 1204.0
0.00294 1196.1
0.00295 1188.5
0.00296 1181.1
0.00297 1174.0
0.00298 1167.2
0.00299 1160.6
0.00300 1154.2
0.00301 1148.1
0.00302 1142.2
0.00303 1136.5
0.00304 1130.9
0.00305 1125.6
0.00306 1120.5
0.00307 1115.5
0.00308 1110.8
0.00309 1106.1
0.00310 1101.7
0.00311 1097.4
0.00312 1093.2
0.00313 1089.2
0.00314 1085.3
0.00315 1081.6
0.00316 1078.0
0.00317 1074.5
0.00318 1071.1
0.00319 1067.8
0.00320 1064.6
0.00321 1061.6
0.00322 1058.6
0.00323 1055.8
0.00324 1053.0
0.00325 1050.3
0.00326 1047.7
0.00327 1045.2
0.00328 1042.8
0.00329 1040.4
0.00330 1038.2
0.00331 1036.0
0.00332 1033.8
0.00333 1031.8
0.00334 1029.8
0.00335 1027.8
0.00336 1025.9
0.00337 1024.1
0.00338 1022.3
0.00339 1020.6
0.00340 1019.0
0.00341 1017.3
0.00342 1015.8
0.00343 1014.3
0.00344 1012.8
0.00345 1011.4
0.00346 1010.0
0.00347 1008.6
0.00348 1007.3
0.00349 1006.1
0.00350 1004.8
0.00351 1003.6
0.00352 1002.5
0.00353 1001.3
0.00354 1000.3
0.00355 999.2
0.00356 998.2
0.00357 997.2
0.00358 996.2
0.00359 995.2
0.00360 994.3
0.00361 993.4
0.00362 992.5
0.00363 991.7
0.00364 990.9
0.00365 990.1
0.00366 989.3
0.00367 988.5
0.00368 987.8
0.00369 987.1
0.00370 986.4
0.00371 985.7
0.00372 985.1
0.00373 984.4
0.00374 983.8
0.00375 983.2
0.00376 982.6
0.00377 982.0
0.00378 981.5
0.00379 980.9
0.00380 980.4
0.00381 979.9
0.00382 979.4
0.00383 978.9
0.00384 978.4
0.00385 978.0
0.00386 977.5
0.00387 977.1
0.00388 976.6
0.00389 976.2
0.00390 975.8
0.00391 975.4
0.00392 975.0
0.00393 974.7
0.00394 974.3
0.00395 974.0
0.00396 973.6
0.00397 973.3
0.00398 972.9
0.00399 972.6
0.00400 972.3
0.00401 972.0
0.00402 971.7
0.00403 971.4
0.00404 971.1
0.00405 970.9
0.00406 970.6
0.00407 970.3
0.00408 970.1
0.00409 969.8
0.00410 969.6
0.00411 969.4
0.00412 969.1
0.00413 968.9
0.00414 968.7
0.00415 968.5
0.00416 968.3
0.00417 968.1
0.00418 967.9
0.00419 967.7
0.00420 967.5
0.00421 967.3
0.00422 967.2
0.00423 967.0
0.00424 966.8
0.00425 966.7
0.00426 966.5
0.00427 966.4
0.00428 966.2
0.00429 966.1
0.00430 965.9
0.00431 965.8
0.00432 965.7
0.00433 965.5
0.00434 965.4
0.00435 965.3
0.00436 965.2
0.00437 965.0
0.00438 964.9
0.00439 964.8
0.00440 964.7
0.00441 964.6
0.00442 964.5
0.00443 964.4
0.00444 964.3
0.00445 964.2
0.00446 964.1
0.00447 964.0
0.00448 963.9
0.00449 963.9
0.00450 963.8
0.00451 963.7
0.00452 963.6
0.00453 963.6
0.00454 963.5
0.00455 963.4
0.00456 963.4
0.00457 963.3
0.00458 963.2
0.00459 963.2
0.00460 963.1
0.00461 963.1
0.00462 963.0
0.00463 962.9
0.00464 962.9
0.00465 962.8
0.00466 962.8
0.00467 962.8
0.00468 962.7
0.00469 962.7
0.00470 962.6
0.00471 962.6
0.00472 962.6
0.00473 962.5
0.00474 962.5
0.00475 962.4
0.00476 962.4
0.00477 962.4
0.00478 962.4
0.00479 962.3
0.00480 962.3
0.00481 962.3
0.00482 962.3
0.00483 962.2
0.00484 962.2
0.00485 962.2
0.00486 962.2
0.00487 962.2
0.00488 962.1
0.00489 962.1
0.00490 962.1
0.00491 962.1
0.00492 962.1
0.00493 962.1
0.00494 962.1
0.00495 962.1
0.00496 962.0
0.00497 962.0
0.00498 962.0
0.00499 962.0
0.00500 962.0
0.00501 962.0
0.00502 962.0
0.00503 962.0
0.00504 962.0
0.00505 962.0
0.00506 962.0
0.00507 962.0
0.00508 962.0
0.00509 962.0
0.00510 962.0
0.00511 962.0
0.00512 962.0
0.00513 962.0
0.00514 962.1
0.00515 962.1
0.00516 962.1
0.00517 962.1
0.00518 962.1
0.00519 962.1
0.00520 962.1
0.00521 962.1
0.00522 962.1
0.00523 962.1
0.00524 962.2
0.00525 962.2
0.00526 962.2
0.00527 962.2
0.00528 962.2
0.00529 962.2
0.00530 962.3
0.00531 962.3
0.00532 962.3
0.00533 962.3
0.00534 962.3
0.00535 962.3
0.00536 962.4
0.00537 962.4
0.00538 962.4
0.00539 962.4
0.00540 962.5
0.00541 962.5
0.00542 962.5
0.00543 962.5
0.00544 962.5
0.00545 962.6
0.00546 962.6
0.00547 962.6
0.00548 962.6
0.00549 962.7
0.00550 962.7
0.00551 962.7
0.00552 962.8
0.00553 962.8
0.00554 962.8
0.00555 962.8
0.00556 962.9
0.00557 962.9
0.00558 962.9
0.00559 963.0
0.00560 963.0
0.00561 963.0
0.00562 963.0
0.00563 963.1
0.00564 963.1
0.00565 963.1
0.00566 963.2
0.00567 963.2
0.00568 963.2
0.00569 963.3
0.00570 963.3
0.00571 963.3
0.00572 963.4
0.00573 963.4
0.00574 963.4
0.00575 963.5
0.00576 963.5
0.00577 963.6
0.00578 963.6
0.00579 963.6
0.00580 963.7
0.00581 963.7
0.00582 963.7
0.00583 963.8
0.00584 963.8
0.00585 963.8
0.00586 963.9
0.00587 963.9
0.00588 964.0
0.00589 964.0
0.00590 964.0
0.00591 964.1
0.00592 964.1
0.00593 964.2
0.00594 964.2
0.00595 964.2
0.00596 964.3
0.00597 964.3
0.00598 964.4
0.00599 964.4
0.00600 964.4
0.00601 964.5
0.00602 964.5
0.00603 964.6
0.00604 964.6
0.00605 964.7
0.00606 964.7
0.00607 964.7
0.00608 964.8
0.00609 964.8
0.00610 964.9
0.00611 964.9
0.00612 965.0
0.00613 965.0
0.00614 965.0
0.00615 965.1
0.00616 965.1
0.00617 965.2
0.00618 965.2
0.00619 965.3
0.00620 965.3
0.00621 965.4
0.00622 965.4
0.00623 965.4
0.00624 965.5
0.00625 965.5
0.00626 965.6
0.00627 965.6
0.00628 965.7
0.00629 965.7
0.00630 965.8
0.00631 965.8
0.00632 965.9
0.00633 965.9
0.00634 966.0
0.00635 966.0
0.00636 966.1
0.00637 966.1
0.00638 966.1
0.00639 966.2
0.00640 966.2
0.00641 966.3
0.00642 966.3
0.00643 966.4
0.00644 966.4
0.00645 966.5
0.00646 966.5
0.00647 966.6
0.00648 966.6
0.00649 966.7
0.00650 966.7
0.00651 966.8
0.00652 966.8
0.00653 966.9
0.00654 966.9
0.00655 967.0
0.00656 967.0
0.00657 967.1
0.00658 967.1
0.00659 967.2
0.00660 967.2
0.00661 967.3
0.00662 967.3
0.00663 967.4
0.00664 967.4
0.00665 967.5
0.00666 967.5
0.00667 967.6
0.00668 967.6
0.00669 967.7
0.00670 967.7
0.00671 967.8
0.00672 967.8
0.00673 967.9
0.00674 967.9
0.00675 968.0
0.00676 968.1
0.00677 968.1
0.00678 968.2
0.00679 968.2
0.00680 968.3
0.00681 968.3
0.00682 968.4
0.00683 968.4
0.00684 968.5
0.00685 968.5
0.00686 968.6
0.00687 968.6
0.00688 968.7
0.00689 968.7
0.00690 968.8
0.00691 968.8
0.00692 968.9
0.00693 968.9
0.00694 969.0
0.00695 969.1
0.00696 969.1
0.00697 969.2
0.00698 969.2
0.00699 969.3
0.00700 969.3
0.00701 969.4
0.00702 969.4
0.00703 969.5
0.00704 969.5
0.00705 969.6
0.00706 969.6
0.00707 969.7
0.00708 969.8
0.00709 969.8
0.00710 969.9
0.00711 969.9
0.00712 970.0
0.00713 970.0
0.00714 970.1
0.00715 970.1
0.00716 970.2
0.00717 970.2
0.00718 970.3
0.00719 970.4
0.00720 970.4
0.00721 970.5
0.00722 970.5
0.00723 970.6
0.00724 970.6
0.00725 970.7
0.00726 970.7
0.00727 970.8
0.00728 970.9
0.00729 970.9
0.00730 971.0
0.00731 971.0
0.00732 971.1
0.00733 971.1
0.00734 971.2
0.00735 971.2
0.00736 971.3
0.00737 971.4
0.00738 971.4
0.00739 971.5
0.00740 971.5
0.00741 971.6
0.00742 971.6
0.00743 971.7
0.00744 971.7
0.00745 971.8
0.00746 971.9
0.00747 971.9
0.00748 972.0
0.00749 972.0
0.00750 972.1
0.00751 972.1
0.00752 972.2
0.00753 972.3
0.00754 972.3
0.00755 972.4
0.00756 972.4
0.00757 972.5
0.00758 972.5
0.00759 972.6
0.00760 972.6
0.00761 972.7
0.00762 972.8
0.00763 972.8
0.00764 972.9
0.00765 972.9
0.00766 973.0
0.00767 973.0
0.00768 973.1
0.00769 973.2
0.00770 973.2
0.00771 973.3
0.00772 973.3
0.00773 973.4
0.00774 973.4
0.00775 973.5
0.00776 973.6
0.00777 973.6
0.00778 973.7
0.00779 973.7
0.00780 973.8
0.00781 973.8
0.00782 973.9
0.00783 973.9
0.00784 974.0
0.00785 974.1
0.00786 974.1
0.00787 974.2
0.00788 974.2
0.00789 974.3
0.00790 974.3
0.00791 974.4
0.00792 974.5
0.00793 974.5
0.00794 974.6
0.00795 974.6
0.00796 974.7
0.00797 974.7
0.00798 974.8
0.00799 974.9
0.00800 974.9
0.00801 975.0
0.00802 975.0
0.00803 975.1
0.00804 975.1
0.00805 975.2
0.00806 975.3
0.00807 975.3
0.00808 975.4
0.00809 975.4
0.00810 975.5
0.00811 975.5
0.00812 975.6
0.00813 975.7
0.00814 975.7
0.00815 975.8
0.00816 975.8
0.00817 975.9
0.00818 975.9
0.00819 976.0
0.00820 976.1
0.00821 976.1
0.00822 976.2
0.00823 976.2
0.00824 976.3
0.00825 976.3
0.00826 976.4
0.00827 976.5
0.00828 976.5
0.00829 976.6
0.00830 976.6
0.00831 976.7
0.00832 976.7
0.00833 976.8
0.00834 976.9
0.00835 976.9
0.00836 977.0
0.00837 977.0
0.00838 977.1
0.00839 977.1
0.00840 977.2
0.00841 977.3
0.00842 977.3
0.00843 977.4
0.00844 977.4
0.00845 977.5
0.00846 977.5
0.00847 977.6
0.00848 977.6
0.00849 977.7
0.00850 977.8
0.00851 977.8
0.00852 977.9
0.00853 977.9
0.00854 978.0
0.00855 978.0
0.00856 978.1
0.00857 978.2
0.00858 978.2
0.00859 978.3
0.00860 978.3
0.00861 978.4
0.00862 978.4
0.00863 978.5
0.00864 978.6
0.00865 978.6
0.00866 978.7
0.00867 978.7
0.00868 978.8
0.00869 978.8
0.00870 978.9
0.00871 979.0
0.00872 979.0
0.00873 979.1
0.00874 979.1
0.00875 979.2
0.00876 979.2
0.00877 979.3
0.00878 979.3
0.00879 979.4
0.00880 979.5
0.00881 979.5
0.00882 979.6
0.00883 979.6
0.00884 979.7
0.00885 979.7
0.00886 979.8
0.00887 979.8
0.00888 979.9
0.00889 980.0
0.00890 980.0
0.00891 980.1
0.00892 980.1
0.00893 980.2
0.00894 980.2
0.00895 980.3
0.00896 980.4
0.00897 980.4
0.00898 980.5
0.00899 980.5
0.00900 980.6
0.00901 980.6
0.00902 980.7
0.00903 980.7
0.00904 980.8
0.00905 980.9
0.00906 980.9
0.00907 981.0
0.00908 981.0
0.00909 981.1
0.00910 981.1
0.00911 981.2
0.00912 981.2
0.00913 981.3
0.00914 981.4
0.00915 981.4
0.00916 981.5
0.00917 981.5
0.00918 981.6
0.00919 981.6
0.00920 981.7
0.00921 981.7
0.00922 981.8
0.00923 981.8
0.00924 981.9
0.00925 982.0
0.00926 982.0
0.00927 982.1
0.00928 982.1
0.00929 982.2
0.00930 982.2
0.00931 982.3
0.00932 982.3
0.00933 982.4
0.00934 982.4
0.00935 982.5
0.00936 982.6
0.00937 982.6
0.00938 982.7
0.00939 982.7
0.00940 982.8
0.00941 982.8
0.00942 982.9
0.00943 982.9
0.00944 983.0
0.00945 983.0
0.00946 983.1
0.00947 983.2
0.00948 983.2
0.00949 983.3
0.00950 983.3
0.00951 983.4
0.00952 983.4
0.00953 983.5
0.00954 983.5
0.00955 983.6
0.00956 983.6
0.00957 983.7
0.00958 983.7
0.00959 983.8
0.00960 983.9
0.00961 983.9
0.00962 984.0
0.00963 984.0
0.00964 984.1
0.00965 984.1
0.00966 984.2
0.00967 984.2
0.00968 984.3
0.00969 984.3
0.00970 984.4
0.00971 984.4
0.00972 984.5
0.00973 984.5
0.00974 984.6
0.00975 984.6
0.00976 984.7
0.00977 984.8
0.00978 984.8
0.00979 984.9
0.00980 984.9
0.00981 985.0
0.00982 985.0
0.00983 985.1
0.00984 985.1
0.00985 985.2
0.00986 985.2
0.00987 985.3
0.00988 985.3
0.00989 985.4
0.00990 985.4
0.00991 985.5
0.00992 985.5
0.00993 985.6
0.00994 985.6
0.00995 985.7
0.00996 985.7
0.00997 985.8
0.00998 985.9
0.00999 985.9
0.01000 986.0
0.01001 986.0
0.01002 986.1
0.01003 986.1
0.01004 986.2
0.01005 986.2
0.01006 986.3
0.01007 986.3
0.01008 986.4
0.01009 986.4
0.01010 986.5
0.01011 986.5
0.01012 986.6
0.01013 986.6
0.01014 986.7
0.01015 986.7
0.01016 986.8
0.01017 986.8
0.01018 986.9
0.01019 986.9
0.01020 987.0
0.01021 987.0
0.01022 987.1
0.01023 987.1
0.01024 987.2
0.01025 987.2
0.01026 987.3
0.01027 987.3
0.01028 987.4
0.01029 987.4
0.01030 987.5
0.01031 987.5
0.01032 987.6
0.01033 987.6
0.01034 987.7
0.01035 987.7
0.01036 987.8
0.01037 987.8
0.01038 987.9
0.01039 987.9
0.01040 988.0
0.01041 988.0
0.01042 988.1
0.01043 988.1
0.01044 988.2
0.01045 988.2
0.01046 988.3
0.01047 988.3
0.01048 988.4
0.01049 988.4
0.01050 988.5
0.01051 988.5
0.01052 988.6
0.01053 988.6
0.01054 988.7
0.01055 988.7
0.01056 988.8
0.01057 988.8
0.01058 988.9
0.01059 988.9
0.01060 989.0
0.01061 989.0
0.01062 989.1
0.01063 989.1
0.01064 989.2
0.01065 989.2
0.01066 989.3
0.01067 989.3
0.01068 989.3
0.01069 989.4
0.01070 989.4
0.01071 989.5
0.01072 989.5
0.01073 989.6
0.01074 989.6
0.01075 989.7
0.01076 989.7
0.01077 989.8
0.01078 989.8
0.01079 989.9
0.01080 989.9
0.01081 990.0
0.01082 990.0
0.01083 990.1
0.01084 990.1
0.01085 990.2
0.01086 990.2
0.01087 990.3
0.01088 990.3
0.01089 990.3
0.01090 990.4
0.01091 990.4
0.01092 990.5
0.01093 990.5
0.01094 990.6
0.01095 990.6
0.01096 990.7
0.01097 990.7
0.01098 990.8
0.01099 990.8
0.01100 990.9
0.01101 990.9
0.01102 991.0
0.01103 991.0
0.01104 991.0
0.01105 991.1
0.01106 991.1
0.01107 991.2
0.01108 991.2
0.01109 991.3
0.01110 991.3
0.01111 991.4
0.01112 991.4
0.01113 991.5
0.01114 991.5
0.01115 991.6
0.01116 991.6
0.01117 991.6
0.01118 991.7
0.01119 991.7
0.01120 991.8
0.01121 991.8
0.01122 991.9
0.01123 991.9
0.01124 992.0
0.01125 992.0
0.01126 992.0
0.01127 992.1
0.01128 992.1
0.01129 992.2
0.01130 992.2
0.01131 992.3
0.01132 992.3
0.01133 992.4
0.01134 992.4
0.01135 992.4
0.01136 992.5
0.01137 992.5
0.01138 992.6
0.01139 992.6
0.01140 992.7
0.01141 992.7
0.01142 992.8
0.01143 992.8
0.01144 992.8
0.01145 992.9
0.01146 992.9
0.01147 993.0
0.01148 993.0
0.01149 993.1
0.01150 993.1
0.01151 993.2
0.01152 993.2
0.01153 993.2
0.01154 993.3
0.01155 993.3
0.01156 993.4
0.01157 993.4
0.01158 993.5
0.01159 993.5
0.01160 993.5
0.01161 993.6
0.01162 993.6
0.01163 993.7
0.01164 993.7
0.01165 993.8
0.01166 993.8
0.01167 993.8
0.01168 993.9
0.01169 993.9
0.01170 994.0
0.01171 994.0
0.01172 994.1
0.01173 994.1
0.01174 994.1
0.01175 994.2
0.01176 994.2
0.01177 994.3
0.01178 994.3
0.01179 994.3
0.01180 994.4
0.01181 994.4
0.01182 994.5
0.01183 994.5
0.01184 994.6
0.01185 994.6
0.01186 994.6
0.01187 994.7
0.01188 994.7
0.01189 994.8
0.01190 994.8
0.01191 994.8
0.01192 994.9
0.01193 994.9
0.01194 995.0
0.01195 995.0
0.01196 995.0
0.01197 995.1
0.01198 995.1
0.01199 995.2
0.01200 995.2
0.01201 995.2
0.01202 995.3
0.01203 995.3
0.01204 995.4
0.01205 995.4
0.01206 995.5
0.01207 995.5
0.01208 995.5
0.01209 995.6
0.01210 995.6
0.01211 995.7
0.01212 995.7
0.01213 995.7
0.01214 995.8
0.01215 995.8
0.01216 995.9
0.01217 995.9
0.01218 995.9
0.01219 996.0
0.01220 996.0
0.01221 996.0
0.01222 996.1
0.01223 996.1
0.01224 996.2
0.01225 996.2
0.01226 996.2
0.01227 996.3
0.01228 996.3
0.01229 996.4
0.01230 996.4
0.01231 996.4
0.01232 996.5
0.01233 996.5
0.01234 996.6
0.01235 996.6
0.01236 996.6
0.01237 996.7
0.01238 996.7
0.01239 996.7
0.01240 996.8
0.01241 996.8
0.01242 996.9
0.01243 996.9
0.01244 996.9
0.01245 997.0
0.01246 997.0
0.01247 997.1
0.01248 997.1
0.01249 997.1
0.01250 997.2
0.01251 997.2
0.01252 997.2
0.01253 997.3
0.01254 997.3
0.01255 997.4
0.01256 997.4
0.01257 997.4
0.01258 997.5
0.01259 997.5
0.01260 997.5
0.01261 997.6
0.01262 997.6
0.01263 997.6
0.01264 997.7
0.01265 997.7
0.01266 997.8
0.01267 997.8
0.01268 997.8
0.01269 997.9
0.01270 997.9
0.01271 997.9
0.01272 998.0
0.01273 998.0
0.01274 998.1
0.01275 998.1
0.01276 998.1
0.01277 998.2
0.01278 998.2
0.01279 998.2
0.01280 998.3
0.01281 998.3
0.01282 998.3
0.01283 998.4
0.01284 998.4
0.01285 998.4
0.01286 998.5
0.01287 998.5
0.01288 998.6
0.01289 998.6
0.01290 998.6
0.01291 998.7
0.01292 998.7
0.01293 998.7
0.01294 998.8
0.01295 998.8
0.01296 998.8
0.01297 998.9
0.01298 998.9
0.01299 998.9
0.01300 999.0
0.01301 999.0
0.01302 999.0
0.01303 999.1
0.01304 999.1
0.01305 999.2
0.01306 999.2
0.01307 999.2
0.01308 999.3
0.01309 999.3
0.01310 999.3
0.01311 999.4
0.01312 999.4
0.01313 999.4
0.01314 999.5
0.01315 999.5
0.01316 999.5
0.01317 999.6
0.01318 999.6
0.01319 999.6
0.01320 999.7
0.01321 999.7
0.01322 999.7
0.01323 999.8
0.01324 999.8
0.01325 999.8
0.01326 999.9
0.01327 999.9
0.01328 999.9
0.01329 1000.0
0.01330 1000.0
0.01331 1000.0
0.01332 1000.1
0.01333 1000.1
0.01334 1000.1
0.01335 1000.2
0.01336 1000.2
0.01337 1000.2
0.01338 1000.3
0.01339 1000.3
0.01340 1000.3
0.01341 1000.4
0.01342 1000.4
0.01343 1000.4
0.01344 1000.5
0.01345 1000.5
0.01346 1000.5
0.01347 1000.6
0.01348 1000.6
0.01349 1000.6
0.01350 1000.7
0.01351 1000.7
0.01352 1000.7
0.01353 1000.7
0.01354 1000.8
0.01355 1000.8
0.01356 1000.8
0.01357 1000.9
0.01358 1000.9
0.01359 1000.9
0.01360 1001.0
0.01361 1001.0
0.01362 1001.0
0.01363 1001.1
0.01364 1001.1
0.01365 1001.1
0.01366 1001.2
0.01367 1001.2
0.01368 1001.2
0.01369 1001.3
0.01370 1001.3
0.01371 1001.3
0.01372 1001.3
0.01373 1001.4
0.01374 1001.4
0.01375 1001.4
0.01376 1001.5
0.01377 1001.5
0.01378 1001.5
0.01379 1001.6
0.01380 1001.6
0.01381 1001.6
0.01382 1001.7
0.01383 1001.7
0.01384 1001.7
0.01385 1001.7
0.01386 1001.8
0.01387 1001.8
0.01388 1001.8
0.01389 1001.9
0.01390 1001.9
0.01391 1001.9
0.01392 1002.0
0.01393 1002.0
0.01394 1002.0
0.01395 1002.0
0.01396 1002.1
0.01397 1002.1
0.01398 1002.1
0.01399 1002.2
0.01400 1002.2
0.01401 1002.2
0.01402 1002.3
0.01403 1002.3
0.01404 1002.3
0.01405 1002.3
0.01406 1002.4
0.01407 1002.4
0.01408 1002.4
0.01409 1002.5
0.01410 1002.5
0.01411 1002.5
0.01412 1002.5
0.01413 1002.6
0.01414 1002.6
0.01415 1002.6
0.01416 1002.7
0.01417 1002.7
0.01418 1002.7
0.01419 1002.7
0.01420 1002.8
0.01421 1002.8
0.01422 1002.8
0.01423 1002.9
0.01424 1002.9
0.01425 1002.9
0.01426 1002.9
0.01427 1003.0
0.01428 1003.0
0.01429 1003.0
0.01430 1003.1
0.01431 1003.1
0.01432 1003.1
0.01433 1003.1
0.01434 1003.2
0.01435 1003.2
0.01436 1003.2
0.01437 1003.3
0.01438 1003.3
0.01439 1003.3
0.01440 1003.3
0.01441 1003.4
0.01442 1003.4
0.01443 1003.4
0.01444 1003.4
0.01445 1003.5
0.01446 1003.5
0.01447 1003.5
0.01448 1003.6
0.01449 1003.6
0.01450 1003.6
0.01451 1003.6
0.01452 1003.7
0.01453 1003.7
0.01454 1003.7
0.01455 1003.7
0.01456 1003.8
0.01457 1003.8
0.01458 1003.8
0.01459 1003.9
0.01460 1003.9
0.01461 1003.9
0.01462 1003.9
0.01463 1004.0
0.01464 1004.0
0.01465 1004.0
0.01466 1004.0
0.01467 1004.1
0.01468 1004.1
0.01469 1004.1
0.01470 1004.1
0.01471 1004.2
0.01472 1004.2
0.01473 1004.2
0.01474 1004.2
0.01475 1004.3
0.01476 1004.3
0.01477 1004.3
0.01478 1004.3
0.01479 1004.4
0.01480 1004.4
0.01481 1004.4
0.01482 1004.5
0.01483 1004.5
0.01484 1004.5
0.01485 1004.5
0.01486 1004.6
0.01487 1004.6
0.01488 1004.6
0.01489 1004.6
0.01490 1004.7
0.01491 1004.7
0.01492 1004.7
0.01493 1004.7
0.01494 1004.8
0.01495 1004.8
0.01496 1004.8
0.01497 1004.8
0.01498 1004.9
0.01499 1004.9
0.01500 1004.9
0.01501 1004.9
0.01502 1005.0
0.01503 1005.0
0.01504 1005.0
0.01505 1005.0
0.01506 1005.1
0.01507 1005.1
0.01508 1005.1
0.01509 1005.1
0.01510 1005.2
0.01511 1005.2
0.01512 1005.2
0.01513 1005.2
0.01514 1005.2
0.01515 1005.3
0.01516 1005.3
0.01517 1005.3
0.01518 1005.3
0.01519 1005.4
0.01520 1005.4
0.01521 1005.4
0.01522 1005.4
0.01523 1005.5
0.01524 1005.5
0.01525 1005.5
0.01526 1005.5
0.01527 1005.6
0.01528 1005.6
0.01529 1005.6
0.01530 1005.6
0.01531 1005.7
0.01532 1005.7
0.01533 1005.7
0.01534 1005.7
0.01535 1005.7
0.01536 1005.8
0.01537 1005.8
0.01538 1005.8
0.01539 1005.8
0.01540 1005.9
0.01541 1005.9
0.01542 1005.9
0.01543 1005.9
0.01544 1006.0
0.01545 1006.0
0.01546 1006.0
0.01547 1006.0
0.01548 1006.0
0.01549 1006.1
0.01550 1006.1
0.01551 1006.1
0.01552 1006.1
0.01553 1006.2
0.01554 1006.2
0.01555 1006.2
0.01556 1006.2
0.01557 1006.2
0.01558 1006.3
0.01559 1006.3
0.01560 1006.3
0.01561 1006.3
0.01562 1006.4
0.01563 1006.4
0.01564 1006.4
0.01565 1006.4
0.01566 1006.4
0.01567 1006.5
0.01568 1006.5
0.01569 1006.5
0.01570 1006.5
0.01571 1006.6
0.01572 1006.6
0.01573 1006.6
0.01574 1006.6
0.01575 1006.6
0.01576 1006.7
0.01577 1006.7
0.01578 1006.7
0.01579 1006.7
0.01580 1006.8
0.01581 1006.8
0.01582 1006.8
0.01583 1006.8
0.01584 1006.8
0.01585 1006.9
0.01586 1006.9
0.01587 1006.9
0.01588 1006.9
0.01589 1006.9
0.01590 1007.0
0.01591 1007.0
0.01592 1007.0
0.01593 1007.0
0.01594 1007.1
0.01595 1007.1
0.01596 1007.1
0.01597 1007.1
0.01598 1007.1
0.01599 1007.2
0.01600 1007.2
0.01601 1007.2
0.01602 1007.2
0.01603 1007.2
0.01604 1007.3
0.01605 1007.3
0.01606 1007.3
0.01607 1007.3
0.01608 1007.3
0.01609 1007.4
0.01610 1007.4
0.01611 1007.4
0.01612 1007.4
0.01613 1007.4
0.01614 1007.5
0.01615 1007.5
0.01616 1007.5
0.01617 1007.5
0.01618 1007.5
0.01619 1007.6
0.01620 1007.6
0.01621 1007.6
0.01622 1007.6
0.01623 1007.6
0.01624 1007.7
0.01625 1007.7
0.01626 1007.7
0.01627 1007.7
0.01628 1007.7
0.01629 1007.8
0.01630 1007.8
0.01631 1007.8
0.01632 1007.8
0.01633 1007.8
0.01634 1007.9
0.01635 1007.9
0.01636 1007.9
0.01637 1007.9
0.01638 1007.9
0.01639 1008.0
0.01640 1008.0
0.01641 1008.0
0.01642 1008.0
0.01643 1008.0
0.01644 1008.1
0.01645 1008.1
0.01646 1008.1
0.01647 1008.1
0.01648 1008.1
0.01649 1008.1
0.01650 1008.2
0.01651 1008.2
0.01652 1008.2
0.01653 1008.2
0.01654 1008.2
0.01655 1008.3
0.01656 1008.3
0.01657 1008.3
0.01658 1008.3
0.01659 1008.3
0.01660 1008.4
0.01661 1008.4
0.01662 1008.4
0.01663 1008.4
0.01664 1008.4
0.01665 1008.4
0.01666 1008.5
0.01667 1008.5
0.01668 1008.5
0.01669 1008.5
0.01670 1008.5
0.01671 1008.6
0.01672 1008.6
0.01673 1008.6
0.01674 1008.6
0.01675 1008.6
0.01676 1008.6
0.01677 1008.7
0.01678 1008.7
0.01679 1008.7
0.01680 1008.7
0.01681 1008.7
0.01682 1008.8
0.01683 1008.8
0.01684 1008.8
0.01685 1008.8
0.01686 1008.8
0.01687 1008.8
0.01688 1008.9
0.01689 1008.9
0.01690 1008.9
0.01691 1008.9
0.01692 1008.9
0.01693 1008.9
0.01694 1009.0
0.01695 1009.0
0.01696 1009.0
0.01697 1009.0
0.01698 1009.0
0.01699 1009.0
0.01700 1009.1
0.01701 1009.1
0.01702 1009.1
0.01703 1009.1
0.01704 1009.1
0.01705 1009.2
0.01706 1009.2
0.01707 1009.2
0.01708 1009.2
0.01709 1009.2
0.01710 1009.2
0.01711 1009.3
0.01712 1009.3
0.01713 1009.3
0.01714 1009.3
0.01715 1009.3
0.01716 1009.3
0.01717 1009.4
0.01718 1009.4
0.01719 1009.4
0.01720 1009.4
0.01721 1009.4
0.01722 1009.4
0.01723 1009.5
0.01724 1009.5
0.01725 1009.5
0.01726 1009.5
0.01727 1009.5
0.01728 1009.5
0.01729 1009.6
0.01730 1009.6
0.01731 1009.6
0.01732 1009.6
0.01733 1009.6
0.01734 1009.6
0.01735 1009.6
0.01736 1009.7
0.01737 1009.7
0.01738 1009.7
0.01739 1009.7
0.01740 1009.7
0.01741 1009.7
0.01742 1009.8
0.01743 1009.8
0.01744 1009.8
0.01745 1009.8
0.01746 1009.8
0.01747 1009.8
0.01748 1009.9
0.01749 1009.9
0.01750 1009.9
0.01751 1009.9
0.01752 1009.9
0.01753 1009.9
0.01754 1009.9
0.01755 1010.0
0.01756 1010.0
0.01757 1010.0
0.01758 1010.0
0.01759 1010.0
0.01760 1010.0
0.01761 1010.1
0.01762 1010.1
0.01763 1010.1
0.01764 1010.1
0.01765 1010.1
0.01766 1010.1
0.01767 1010.1
0.01768 1010.2
0.01769 1010.2
0.01770 1010.2
0.01771 1010.2
0.01772 1010.2
0.01773 1010.2
0.01774 1010.3
0.01775 1010.3
0.01776 1010.3
0.01777 1010.3
0.01778 1010.3
0.01779 1010.3
0.01780 1010.3
0.01781 1010.4
0.01782 1010.4
0.01783 1010.4
0.01784 1010.4
0.01785 1010.4
0.01786 1010.4
0.01787 1010.4
0.01788 1010.5
0.01789 1010.5
0.01790 1010.5
0.01791 1010.5
0.01792 1010.5
0.01793 1010.5
0.01794 1010.5
0.01795 1010.6
0.01796 1010.6
0.01797 1010.6
0.01798 1010.6
0.01799 1010.6
0.01800 1010.6
0.01801 1010.6
0.01802 1010.7
0.01803 1010.7
0.01804 1010.7
0.01805 1010.7
0.01806 1010.7
0.01807 1010.7
0.01808 1010.7
0.01809 1010.8
0.01810 1010.8
0.01811 1010.8
0.01812 1010.8
0.01813 1010.8
0.01814 1010.8
0.01815 1010.8
0.01816 1010.9
0.01817 1010.9
0.01818 1010.9
0.01819 1010.9
0.01820 1010.9
0.01821 1010.9
0.01822 1010.9
0.01823 1011.0
0.01824 1011.0
0.01825 1011.0
0.01826 1011.0
0.01827 1011.0
0.01828 1011.0
0.01829 1011.0
0.01830 1011.0
0.01831 1011.1
0.01832 1011.1
0.01833 1011.1
0.01834 1011.1
0.01835 1011.1
0.01836 1011.1
0.01837 1011.1
0.01838 1011.2
0.01839 1011.2
0.01840 1011.2
0.01841 1011.2
0.01842 1011.2
0.01843 1011.2
0.01844 1011.2
0.01845 1011.2
0.01846 1011.3
0.01847 1011.3
0.01848 1011.3
0.01849 1011.3
0.01850 1011.3
0.01851 1011.3
0.01852 1011.3
0.01853 1011.3
0.01854 1011.4
0.01855 1011.4
0.01856 1011.4
0.01857 1011.4
0.01858 1011.4
0.01859 1011.4
0.01860 1011.4
0.01861 1011.5
0.01862 1011.5
0.01863 1011.5
0.01864 1011.5
0.01865 1011.5
0.01866 1011.5
0.01867 1011.5
0.01868 1011.5
0.01869 1011.6
0.01870 1011.6
0.01871 1011.6
0.01872 1011.6
0.01873 1011.6
0.01874 1011.6
0.01875 1011.6
0.01876 1011.6
0.01877 1011.7
0.01878 1011.7
0.01879 1011.7
0.01880 1011.7
0.01881 1011.7
0.01882 1011.7
0.01883 1011.7
0.01884 1011.7
0.01885 1011.7
0.01886 1011.8
0.01887 1011.8
0.01888 1011.8
0.01889 1011.8
0.01890 1011.8
0.01891 1011.8
0.01892 1011.8
0.01893 1011.8
0.01894 1011.9
0.01895 1011.9
0.01896 1011.9
0.01897 1011.9
0.01898 1011.9
0.01899 1011.9
0.01900 1011.9
0.01901 1011.9
0.01902 1012.0
0.01903 1012.0
0.01904 1012.0
0.01905 1012.0
0.01906 1012.0
0.01907 1012.0
0.01908 1012.0
0.01909 1012.0
0.01910 1012.0
0.01911 1012.1
0.01912 1012.1
0.01913 1012.1
0.01914 1012.1
0.01915 1012.1
0.01916 1012.1
0.01917 1012.1
0.01918 1012.1
0.01919 1012.1
0.01920 1012.2
0.01921 1012.2
0.01922 1012.2
0.01923 1012.2
0.01924 1012.2
0.01925 1012.2
0.01926 1012.2
0.01927 1012.2
0.01928 1012.3
0.01929 1012.3
0.01930 1012.3
0.01931 1012.3
0.01932 1012.3
0.01933 1012.3
0.01934 1012.3
0.01935 1012.3
0.01936 1012.3
0.01937 1012.3
0.01938 1012.4
0.01939 1012.4
0.01940 1012.4
0.01941 1012.4
0.01942 1012.4
0.01943 1012.4
0.01944 1012.4
0.01945 1012.4
0.01946 1012.4
0.01947 1012.5
0.01948 1012.5
0.01949 1012.5
0.01950 1012.5
0.01951 1012.5
0.01952 1012.5
0.01953 1012.5
0.01954 1012.5
0.01955 1012.5
0.01956 1012.6
0.01957 1012.6
0.01958 1012.6
0.01959 1012.6
0.01960 1012.6
0.01961 1012.6
0.01962 1012.6
0.01963 1012.6
0.01964 1012.6
0.01965 1012.6
0.01966 1012.7
0.01967 1012.7
0.01968 1012.7
0.01969 1012.7
0.01970 1012.7
0.01971 1012.7
0.01972 1012.7
0.01973 1012.7
0.01974 1012.7
0.01975 1012.8
0.01976 1012.8
0.01977 1012.8
0.01978 1012.8
0.01979 1012.8
0.01980 1012.8
0.01981 1012.8
0.01982 1012.8
0.01983 1012.8
0.01984 1012.8
0.01985 1012.9
0.01986 1012.9
0.01987 1012.9
0.01988 1012.9
0.01989 1012.9
0.01990 1012.9
0.01991 1012.9
0.01992 1012.9
0.01993 1012.9
0.01994 1012.9
0.01995 1013.0
0.01996 1013.0
0.01997 1013.0
0.01998 1013.0
0.01999 1013.0
0.02000 1018.8
0.02001 1018.8
0.02002 1018.8
0.02003 1018.8
0.02004 1018.8
0.02005 1018.8
0.02006 1018.8
0.02007 1018.8
0.02008 1018.8
0.02009 1018.8
0.02010 1018.8
0.02011 1018.8
0.02012 1018.8
0.02013 1018.8
0.02014 1018.8
0.02015 1018.8
0.02016 1018.8
0.02017 1018.8
0.02018 1018.8
0.02019 1018.8
0.02020 1018.8
0.02021 1018.8
0.02022 1018.8
0.02023 1018.8
0.02024 1018.8
0.02025 1018.8
0.02026 1018.8
0.02027 1018.8
0.02028 1018.8
0.02029 1018.8
0.02030 1018.8
0.02031 1018.8
0.02032 1018.8
0.02033 1018.8
0.02034 1018.8
0.02035 1018.8
0.02036 1018.8
0.02037 1018.8
0.02038 1018.8
0.02039 1018.8
0.02040 1018.8
0.02041 1018.8
0.02042 1018.8
0.02043 1018.8
0.02044 1018.8
0.02045 1018.8
0.02046 1018.8
0.02047 1018.8
0.02048 1018.8
0.02049 1018.8
0.02050 1018.8
0.02051 1018.8
0.02052 1018.8
0.02053 1018.8
0.02054 1018.8
0.02055 1018.8
0.02056 1018.8
0.02057 1018.8
0.02058 1018.8
0.02059 1018.8
0.02060 1018.8
0.02061 1018.8
0.02062 1018.8
0.02063 1018.8
0.02064 1018.8
0.02065 1018.8
0.02066 1018.8
0.02067 1018.8
0.02068 1018.8
0.02069 1018.8
0.02070 1018.8
0.02071 1018.8
0.02072 1018.8
0.02073 1018.8
0.02074 1018.8
0.02075 1018.8
0.02076 1018.8
0.02077 1018.8
0.02078 1018.8
0.02079 1018.8
0.02080 1018.8
0.02081 1018.8
0.02082 1018.8
0.02083 1018.8
0.02084 1018.8
0.02085 1018.8
0.02086 1018.8
0.02087 1018.8
0.02088 1018.8
0.02089 1018.8
0.02090 1018.8
0.02091 1018.8
0.02092 1018.8
0.02093 1018.8
0.02094 1018.8
0.02095 1018.8
0.02096 1018.8
0.02097 1018.8
0.02098 1018.8
0.02099 1018.8
0.02100 1018.8
0.02101 1018.8
0.02102 1018.8
0.02103 1018.8
0.02104 1018.8
0.02105 1018.8
0.02106 1018.8
0.02107 1018.8
0.02108 1018.8
0.02109 1018.8
0.02110 1018.8
0.02111 1018.8
0.02112 1018.8
0.02113 1018.8
0.02114 1018.8
0.02115 1018.8
0.02116 1018.8
0.02117 1018.8
0.02118 1018.8
0.02119 1018.8
0.02120 1018.8
0.02121 1018.8
0.02122 1018.8
0.02123 1018.8
0.02124 1018.8
0.02125 1018.8
0.02126 1018.8
0.02127 1018.8
0.02128 1018.8
0.02129 1018.8
0.02130 1018.8
0.02131 1018.8
0.02132 1018.8
0.02133 1018.8
0.02134 1018.8
0.02135 1018.8
0.02136 1018.8
0.02137 1018.8
0.02138 1018.8
0.02139 1018.8
0.02140 1018.8
0.02141 1018.8
0.02142 1018.8
0.02143 1018.8
0.02144 1018.8
0.02145 1018.8
0.02146 1018.8
0.02147 1018.8
0.02148 1018.8
0.02149 1018.8
0.02150 1018.8
0.02151 1018.8
0.02152 1018.8
0.02153 1018.8
0.02154 1018.8
0.02155 1018.8
0.02156 1018.8
0.02157 1018.8
0.02158 1018.8
0.02159 1018.8
0.02160 1018.8
0.02161 1018.8
0.02162 1018.8
0.02163 1018.8
0.02164 1018.8
0.02165 1018.8
0.02166 1018.8
0.02167 1018.8
0.02168 1018.8
0.02169 1018.8
0.02170 1018.8
0.02171 1018.8
0.02172 1018.8
0.02173 1018.8
0.02174 1018.8
0.02175 1018.8
0.02176 1018.8
0.02177 1018.8
0.02178 1018.8
0.02179 1018.8
0.02180 1018.8
0.02181 1018.8
0.02182 1018.8
0.02183 1018.8
0.02184 1018.8
0.02185 1018.8
0.02186 1018.8
0.02187 1018.8
0.02188 1018.8
0.02189 1018.8
0.02190 1018.8
0.02191 1018.8
0.02192 1018.8
0.02193 1018.8
0.02194 1018.8
0.02195 1018.8
0.02196 1018.8
0.02197 1018.8
0.02198 1018.8
0.02199 1018.8
0.02200 1018.8
0.02201 1018.8
0.02202 1018.8
0.02203 1018.8
0.02204 1018.8
0.02205 1018.8
0.02206 1018.8
0.02207 1018.8
0.02208 1018.8
0.02209 1018.8
0.02210 1018.8
0.02211 1018.8
0.02212 1018.8
0.02213 1018.8
0.02214 1018.8
0.02215 1018.8
0.02216 1018.8
0.02217 1018.8
0.02218 1018.8
0.02219 1018.8
0.02220 1018.8
0.02221 1018.8
0.02222 1018.8
0.02223 1018.8
0.02224 1018.8
0.02225 1018.8
0.02226 1018.8
0.02227 1018.8
0.02228 1018.8
0.02229 1018.8
0.02230 1018.8
0.02231 1018.8
0.02232 1018.8
0.02233 1018.8
0.02234 1018.8
0.02235 1018.8
0.02236 1018.8
0.02237 1018.8
0.02238 1018.8
0.02239 1018.8
0.02240 1018.8
0.02241 1018.8
0.02242 1018.8
0.02243 1018.8
0.02244 1018.8
0.02245 1018.8
0.02246 1018.8
0.02247 1018.8
0.02248 1018.8
0.02249 1018.8
0.02250 1018.8
0.02251 1018.8
0.02252 1018.8
0.02253 1018.8
0.02254 1018.8
0.02255 1018.8
0.02256 1018.8
0.02257 1018.8
0.02258 1018.8
0.02259 1018.8
0.02260 1018.8
0.02261 1018.8
0.02262 1018.8
0.02263 1018.8
0.02264 1018.8
0.02265 1018.8
0.02266 1018.8
0.02267 1018.8
0.02268 1018.8
0.02269 1018.8
0.02270 1018.8
0.02271 1018.8
0.02272 1018.8
0.02273 1018.8
0.02274 1018.8
0.02275 1018.8
0.02276 1018.8
0.02277 1018.8
0.02278 1018.8
0.02279 1018.8
0.02280 1018.8
0.02281 1018.8
0.02282 1018.8
0.02283 1018.8
0.02284 1018.8
0.02285 1018.8
0.02286 1018.8
0.02287 1018.8
0.02288 1018.8
0.02289 1018.8
0.02290 1018.8
0.02291 1018.8
0.02292 1018.8
0.02293 1018.8
0.02294 1018.8
0.02295 1018.8
0.02296 1018.8
0.02297 1018.8
0.02298 1018.8
0.02299 1018.8
0.02300 1018.8
0.02301 1018.8
0.02302 1018.8
0.02303 1018.8
0.02304 1018.8
0.02305 1018.8
0.02306 1018.8
0.02307 1018.8
0.02308 1018.8
0.02309 1018.8
0.02310 1018.8
0.02311 1018.8
0.02312 1018.8
0.02313 1018.8
0.02314 1018.8
0.02315 1018.8
0.02316 1018.8
0.02317 1018.8
0.02318 1018.8
0.02319 1018.8
0.02320 1018.8
0.02321 1018.8
0.02322 1018.8
0.02323 1018.8
0.02324 1018.8
0.02325 1018.8
0.02326 1018.8
0.02327 1018.8
0.02328 1018.8
0.02329 1018.8
0.02330 1018.8
0.02331 1018.8
0.02332 1018.8
0.02333 1018.8
0.02334 1018.8
0.02335 1018.8
0.02336 1018.8
0.02337 1018.8
0.02338 1018.8
0.02339 1018.8
0.02340 1018.8
0.02341 1018.8
0.02342 1018.8
0.02343 1018.8
0.02344 1018.8
0.02345 1018.8
0.02346 1018.8
0.02347 1018.8
0.02348 1018.8
0.02349 1018.8
0.02350 1018.8
0.02351 1018.8
0.02352 1018.8
0.02353 1018.8
0.02354 1018.8
0.02355 1018.8
0.02356 1018.8
0.02357 1018.8
0.02358 1018.8
0.02359 1018.8
0.02360 1018.8
0.02361 1018.8
0.02362 1018.8
0.02363 1018.8
0.02364 1018.8
0.02365 1018.8
0.02366 1018.8
0.02367 1018.8
0.02368 1018.8
0.02369 1018.8
0.02370 1018.8
0.02371 1018.8
0.02372 1018.8
0.02373 1018.8
0.02374 1018.8
0.02375 1018.8
0.02376 1018.8
0.02377 1018.8
0.02378 1018.8
0.02379 1018.8
0.02380 1018.8
0.02381 1018.8
0.02382 1018.8
0.02383 1018.8
0.02384 1018.8
0.02385 1018.8
0.02386 1018.8
0.02387 1018.8
0.02388 1018.8
0.02389 1018.8
0.02390 1018.8
0.02391 1018.8
0.02392 1018.8
0.02393 1018.8
0.02394 1018.8
0.02395 1018.8
0.02396 1018.8
0.02397 1018.8
0.02398 1018.8
0.02399 1018.8
0.02400 1018.8
0.02401 1018.8
0.02402 1018.8
0.02403 1018.8
0.02404 1018.8
0.02405 1018.8
0.02406 1018.8
0.02407 1018.8
0.02408 1018.8
0.02409 1018.8
0.02410 1018.8
0.02411 1018.8
0.02412 1018.8
0.02413 1018.8
0.02414 1018.8
0.02415 1018.8
0.02416 1018.8
0.02417 1018.8
0.02418 1018.8
0.02419 1018.8
0.02420 1018.8
0.02421 1018.8
0.02422 1018.8
0.02423 1018.8
0.02424 1018.8
0.02425 1018.8
0.02426 1018.8
0.02427 1018.8
0.02428 1018.8
0.02429 1018.8
0.02430 1018.8
0.02431 1018.8
0.02432 1018.8
0.02433 1018.8
0.02434 1018.8
0.02435 1018.8
0.02436 1018.8
0.02437 1018.8
0.02438 1018.8
0.02439 1018.8
0.02440 1018.8
0.02441 1018.8
0.02442 1018.8
0.02443 1018.8
0.02444 1018.8
0.02445 1018.8
0.02446 1018.8
0.02447 1018.8
0.02448 1018.8
0.02449 1018.8
0.02450 1018.8
0.02451 1018.8
0.02452 1018.8
0.02453 1018.8
0.02454 1018.8
0.02455 1018.8
0.02456 1018.8
0.02457 1018.8
0.02458 1018.8
0.02459 1018.8
0.02460 1018.8
0.02461 1018.8
0.02462 1018.8
0.02463 1018.8
0.02464 1018.8
0.02465 1018.8
0.02466 1018.8
0.02467 1018.8
0.02468 1018.8
0.02469 1018.8
0.02470 1018.8
0.02471 1018.8
0.02472 1018.8
0.02473 1018.8
0.02474 1018.8
0.02475 1018.8
0.02476 1018.8
0.02477 1018.8
0.02478 1018.8
0.02479 1018.8
0.02480 1018.8
0.02481 1018.8
0.02482 1018.8
0.02483 1018.8
0.02484 1018.8
0.02485 1018.8
0.02486 1018.8
0.02487 1018.8
0.02488 1018.8
0.02489 1018.8
0.02490 1018.8
0.02491 1018.8
0.02492 1018.8
0.02493 1018.8
0.02494 1018.8
0.02495 1018.8
0.02496 1018.8
0.02497 1018.8
0.02498 1018.8
0.02499 1018.8
0.02500 1018.8
0.02501 1018.8
0.02502 1018.8
0.02503 1018.8
0.02504 1018.8
0.02505 1018.8
0.02506 1018.8
0.02507 1018.8
0.02508 1018.8
0.02509 1018.8
0.02510 1018.8
0.02511 1018.8
0.02512 1018.8
0.02513 1018.8
0.02514 1018.8
0.02515 1018.8
0.02516 1018.8
0.02517 1018.8
0.02518 1018.8
0.02519 1018.8
0.02520 1018.8
0.02521 1018.8
0.02522 1018.8
0.02523 1018.8
0.02524 1018.8
0.02525 1018.8
0.02526 1018.8
0.02527 1018.8
0.02528 1018.8
0.02529 1018.8
0.02530 1018.8
0.02531 1018.8
0.02532 1018.8
0.02533 1018.8
0.02534 1018.8
0.02535 1018.8
0.02536 1018.8
0.02537 1018.8
0.02538 1018.8
0.02539 1018.8
0.02540 1018.8
0.02541 1018.8
0.02542 1018.8
0.02543 1018.8
0.02544 1018.8
0.02545 1018.8
0.02546 1018.8
0.02547 1018.8
0.02548 1018.8
0.02549 1018.8
0.02550 1018.8
0.02551 1018.8
0.02552 1018.8
0.02553 1018.8
0.02554 1018.8
0.02555 1018.8
0.02556 1018.8
0.02557 1018.8
0.02558 1018.8
0.02559 1018.8
0.02560 1018.8
0.02561 1018.8
0.02562 1018.8
0.02563 1018.8
0.02564 1018.8
0.02565 1018.8
0.02566 1018.8
0.02567 1018.8
0.02568 1018.8
0.02569 1018.8
0.02570 1018.8
0.02571 1018.8
0.02572 1018.8
0.02573 1018.8
0.02574 1018.8
0.02575 1018.8
0.02576 1018.8
0.02577 1018.8
0.02578 1018.8
0.02579 1018.8
0.02580 1018.8
0.02581 1018.8
0.02582 1018.8
0.02583 1018.8
0.02584 1018.8
0.02585 1018.8
0.02586 1018.8
0.02587 1018.8
0.02588 1018.8
0.02589 1018.8
0.02590 1018.8
0.02591 1018.8
0.02592 1018.8
0.02593 1018.8
0.02594 1018.8
0.02595 1018.8
0.02596 1018.8
0.02597 1018.8
0.02598 1018.8
0.02599 1018.8
0.02600 1018.8
0.02601 1018.8
0.02602 1018.8
0.02603 1018.8
0.02604 1018.8
0.02605 1018.8
0.02606 1018.8
0.02607 1018.8
0.02608 1018.8
0.02609 1018.8
0.02610 1018.8
0.02611 1018.8
0.02612 1018.8
0.02613 1018.8
0.02614 1018.8
0.02615 1018.8
0.02616 1018.8
0.02617 1018.8
0.02618 1018.8
0.02619 1018.8
0.02620 1018.8
0.02621 1018.8
0.02622 1018.8
0.02623 1018.8
0.02624 1018.8
0.02625 1018.8
0.02626 1018.8
0.02627 1018.8
0.02628 1018.8
0.02629 1018.8
0.02630 1018.8
0.02631 1018.8
0.02632 1018.8
0.02633 1018.8
0.02634 1018.8
0.02635 1018.8
0.02636 1018.8
0.02637 1018.8
0.02638 1018.8
0.02639 1018.8
0.02640 1018.8
0.02641 1018.8
0.02642 1018.8
0.02643 1018.8
0.02644 1018.8
0.02645 1018.8
0.02646 1018.8
0.02647 1018.8
0.02648 1018.8
0.02649 1018.8
0.02650 1018.8
0.02651 1018.8
0.02652 1018.8
0.02653 1018.8
0.02654 1018.8
0.02655 1018.8
0.02656 1018.8
0.02657 1018.8
0.02658 1018.8
0.02659 1018.8
0.02660 1018.8
0.02661 1018.8
0.02662 1018.8
0.02663 1018.8
0.02664 1018.8
0.02665 1018.8
0.02666 1018.8
0.02667 1018.8
0.02668 1018.8
0.02669 1018.8
0.02670 1018.8
0.02671 1018.8
0.02672 1018.8
0.02673 1018.8
0.02674 1018.8
0.02675 1018.8
0.02676 1018.8
0.02677 1018.8
0.02678 1018.8
0.02679 1018.8
0.02680 1018.8
0.02681 1018.8
0.02682 1018.8
0.02683 1018.8
0.02684 1018.8
0.02685 1018.8
0.02686 1018.8
0.02687 1018.8
0.02688 1018.8
0.02689 1018.8
0.02690 1018.8
0.02691 1018.8
0.02692 1018.8
0.02693 1018.8
0.02694 1018.8
0.02695 1018.8
0.02696 1018.8
0.02697 1018.8
0.02698 1018.8
0.02699 1018.8
0.02700 1018.8
0.02701 1018.8
0.02702 1018.8
0.02703 1018.8
0.02704 1018.8
0.02705 1018.8
0.02706 1018.8
0.02707 1018.8
0.02708 1018.8
0.02709 1018.8
0.02710 1018.8
0.02711 1018.8
0.02712 1018.8
0.02713 1018.8
0.02714 1018.8
0.02715 1018.8
0.02716 1018.8
0.02717 1018.8
0.02718 1018.8
0.02719 1018.8
0.02720 1018.8
0.02721 1018.8
0.02722 1018.8
0.02723 1018.8
0.02724 1018.8
0.02725 1018.8
0.02726 1018.8
0.02727 1018.8
0.02728 1018.8
0.02729 1018.8
0.02730 1018.8
0.02731 1018.8
0.02732 1018.8
0.02733 1018.8
0.02734 1018.8
0.02735 1018.8
0.02736 1018.8
0.02737 1018.8
0.02738 1018.8
0.02739 1018.8
0.02740 1018.8
0.02741 1018.8
0.02742 1018.8
0.02743 1018.8
0.02744 1018.8
0.02745 1018.8
0.02746 1018.8
0.02747 1018.8
0.02748 1018.8
0.02749 1018.8
0.02750 1018.8
0.02751 1018.8
0.02752 1018.8
0.02753 1018.8
0.02754 1018.8
0.02755 1018.8
0.02756 1018.8
0.02757 1018.8
0.02758 1018.8
0.02759 1018.8
0.02760 1018.8
0.02761 1018.8
0.02762 1018.8
0.02763 1018.8
0.02764 1018.8
0.02765 1018.8
0.02766 1018.8
0.02767 1018.8
0.02768 1018.8
0.02769 1018.8
0.02770 1018.8
0.02771 1018.8
0.02772 1018.8
0.02773 1018.8
0.02774 1018.8
0.02775 1018.8
0.02776 1018.8
0.02777 1018.8
0.02778 1018.8
0.02779 1018.8
0.02780 1018.8
0.02781 1018.8
0.02782 1018.8
0.02783 1018.8
0.02784 1018.8
0.02785 1018.8
0.02786 1018.8
0.02787 1018.8
0.02788 1018.8
0.02789 1018.8
0.02790 1018.8
0.02791 1018.8
0.02792 1018.8
0.02793 1018.8
0.02794 1018.8
0.02795 1018.8
0.02796 1018.8
0.02797 1018.8
0.02798 1018.8
0.02799 1018.8
0.02800 1018.8
0.02801 1018.8
0.02802 1018.8
0.02803 1018.8
0.02804 1018.8
0.02805 1018.8
0.02806 1018.8
0.02807 1018.8
0.02808 1018.8
0.02809 1018.8
0.02810 1018.8
0.02811 1018.8
0.02812 1018.8
0.02813 1018.8
0.02814 1018.8
0.02815 1018.8
0.02816 1018.8
0.02817 1018.8
0.02818 1018.8
0.02819 1018.8
0.02820 1018.8
0.02821 1018.8
0.02822 1018.8
0.02823 1018.8
0.02824 1018.8
0.02825 1018.8
0.02826 1018.8
0.02827 1018.8
0.02828 1018.8
0.02829 1018.8
0.02830 1018.8
0.02831 1018.8
0.02832 1018.8
0.02833 1018.8
0.02834 1018.8
0.02835 1018.8
0.02836 1018.8
0.02837 1018.8
0.02838 1018.8
0.02839 1018.8
0.02840 1018.8
0.02841 1018.8
0.02842 1018.8
0.02843 1018.8
0.02844 1018.8
0.02845 1018.8
0.02846 1018.8
0.02847 1018.8
0.02848 1018.8
0.02849 1018.8
0.02850 1018.8
0.02851 1018.8
0.02852 1018.8
0.02853 1018.8
0.02854 1018.8
0.02855 1018.8
0.02856 1018.8
0.02857 1018.8
0.02858 1018.8
0.02859 1018.8
0.02860 1018.8
0.02861 1018.8
0.02862 1018.8
0.02863 1018.8
0.02864 1018.8
0.02865 1018.8
0.02866 1018.8
0.02867 1018.8
0.02868 1018.8
0.02869 1018.8
0.02870 1018.8
0.02871 1018.8
0.02872 1018.8
0.02873 1018.8
0.02874 1018.8
0.02875 1018.8
0.02876 1018.8
0.02877 1018.8
0.02878 1018.8
0.02879 1018.8
0.02880 1018.8
0.02881 1018.8
0.02882 1018.8
0.02883 1018.8
0.02884 1018.8
0.02885 1018.8
0.02886 1018.8
0.02887 1018.8
0.02888 1018.8
0.02889 1018.8
0.02890 1018.8
0.02891 1018.8
0.02892 1018.8
0.02893 1018.8
0.02894 1018.8
0.02895 1018.8
0.02896 1018.8
0.02897 1018.8
0.02898 1018.8
0.02899 1018.8
0.02900 1018.8
0.02901 1018.8
0.02902 1018.8
0.02903 1018.8
0.02904 1018.8
0.02905 1018.8
0.02906 1018.8
0.02907 1018.8
0.02908 1018.8
0.02909 1018.8
0.02910 1018.8
0.02911 1018.8
0.02912 1018.8
0.02913 1018.8
0.02914 1018.8
0.02915 1018.8
0.02916 1018.8
0.02917 1018.8
0.02918 1018.8
0.02919 1018.8
0.02920 1018.8
0.02921 1018.8
0.02922 1018.8
0.02923 1018.8
0.02924 1018.8
0.02925 1018.8
0.02926 1018.8
0.02927 1018.8
0.02928 1018.8
0.02929 1018.8
0.02930 1018.8
0.02931 1018.8
0.02932 1018.8
0.02933 1018.8
0.02934 1018.8
0.02935 1018.8
0.02936 1018.8
0.02937 1018.8
0.02938 1018.8
0.02939 1018.8
0.02940 1018.8
0.02941 1018.8
0.02942 1018.8
0.02943 1018.8
0.02944 1018.8
0.02945 1018.8
0.02946 1018.8
0.02947 1018.8
0.02948 1018.8
0.02949 1018.8
0.02950 1018.8
0.02951 1018.8
0.02952 1018.8
0.02953 1018.8
0.02954 1018.8
0.02955 1018.8
0.02956 1018.8
0.02957 1018.8
0.02958 1018.8
0.02959 1018.8
0.02960 1018.8
0.02961 1018.8
0.02962 1018.8
0.02963 1018.8
0.02964 1018.8
0.02965 1018.8
0.02966 1018.8
0.02967 1018.8
0.02968 1018.8
0.02969 1018.8
0.02970 1018.8
0.02971 1018.8
0.02972 1018.8
0.02973 1018.8
0.02974 1018.8
0.02975 1018.8
0.02976 1018.8
0.02977 1018.8
0.02978 1018.8
0.02979 1018.8
0.02980 1018.8
0.02981 1018.8
0.02982 1018.8
0.02983 1018.8
0.02984 1018.8
0.02985 1018.8
0.02986 1018.8
0.02987 1018.8
0.02988 1018.8
0.02989 1018.8
0.02990 1018.8
0.02991 1018.8
0.02992 1018.8
0.02993 1018.8
0.02994 1018.8
0.02995 1018.8
0.02996 1018.8
0.02997 1018.8
0.02998 1018.8
0.02999 1018.8
0.03000 1018.8
0.03001 1018.8
0.03002 1018.8
0.03003 1018.8
0.03004 1018.8
0.03005 1018.8
0.03006 1018.8
0.03007 1018.8
0.03008 1018.8
0.03009 1018.8
0.03010 1018.8
0.03011 1018.8
0.03012 1018.8
0.03013 1018.8
0.03014 1018.8
0.03015 1018.8
0.03016 1018.8
0.03017 1018.8
0.03018 1018.8
0.03019 1018.8
0.03020 1018.8
0.03021 1018.8
0.03022 1018.8
0.03023 1018.8
0.03024 1018.8
0.03025 1018.8
0.03026 1018.8
0.03027 1018.8
0.03028 1018.8
0.03029 1018.8
0.03030 1018.8
0.03031 1018.8
0.03032 1018.8
0.03033 1018.8
0.03034 1018.8
0.03035 1018.8
0.03036 1018.8
0.03037 1018.8
0.03038 1018.8
0.03039 1018.8
0.03040 1018.8
0.03041 1018.8
0.03042 1018.8
0.03043 1018.8
0.03044 1018.8
0.03045 1018.8
0.03046 1018.8
0.03047 1018.8
0.03048 1018.8
0.03049 1018.8
0.03050 1018.8
0.03051 1018.8
0.03052 1018.8
0.03053 1018.8
0.03054 1018.8
0.03055 1018.8
0.03056 1018.8
0.03057 1018.8
0.03058 1018.8
0.03059 1018.8
0.03060 1018.8
0.03061 1018.8
0.03062 1018.8
0.03063 1018.8
0.03064 1018.8
0.03065 1018.8
0.03066 1018.8
0.03067 1018.8
0.03068 1018.8
0.03069 1018.8
0.03070 1018.8
0.03071 1018.8
0.03072 1018.8
0.03073 1018.8
0.03074 1018.8
0.03075 1018.8
0.03076 1018.8
0.03077 1018.8
0.03078 1018.8
0.03079 1018.8
0.03080 1018.8
0.03081 1018.8
0.03082 1018.8
0.03083 1018.8
0.03084 1018.8
0.03085 1018.8
0.03086 1018.8
0.03087 1018.8
0.03088 1018.8
0.03089 1018.8
0.03090 1018.8
0.03091 1018.8
0.03092 1018.8
0.03093 1018.8
0.03094 1018.8
0.03095 1018.8
0.03096 1018.8
0.03097 1018.8
0.03098 1018.8
0.03099 1018.8
0.03100 1018.8
0.03101 1037.4
0.03102 1056.2
0.03103 1075.4
0.03104 1094.8
0.03105 1114.5
0.03106 1134.5
0.03107 1154.8
0.03108 1175.4
0.03109 1196.3
0.03110 1217.5
0.03111 1239.0
0.03112 1260.9
0.03113 1283.0
0.03114 1305.5
0.03115 1328.4
0.03116 1351.6
0.03117 1375.1
0.03118 1399.1
0.03119 1423.3
0.03120 1448.0
0.03121 1473.1
0.03122 1498.6
0.03123 1524.5
0.03124 1550.9
0.03125 1577.7
0.03126 1605.1
0.03127 1632.9
0.03128 1661.4
0.03129 1690.5
0.03130 1720.2
0.03131 1750.6
0.03132 1781.9
0.03133 1814.0
0.03134 1847.1
0.03135 1881.2
0.03136 1916.6
0.03137 1953.3
0.03138 1991.6
0.03139 2031.6
0.03140 2073.7
0.03141 2118.0
0.03142 2164.9
0.03143 2214.9
0.03144 2268.5
0.03145 2326.1
0.03146 2388.6
0.03147 2456.8
0.03148 2531.6
0.03149 2614.3
0.03150 2706.4
0.03151 2759.8
0.03152 2823.8
0.03153 2900.0
0.03154 2990.1
0.03155 3096.1
0.03156 3220.5
0.03157 3366.1
0.03158 3536.0
0.03159 3733.9
0.03160 3963.5
0.03161 4228.2
0.03162 4530.7
0.03163 4871.5
0.03164 5248.3
0.03165 5653.7
0.03166 6075.8
0.03167 6498.1
0.03168 6903.3
0.03169 7276.3
0.03170 7607.5
0.03171 7893.0
0.03172 8133.4
0.03173 8332.1
0.03174 8493.5
0.03175 8622.5
0.03176 8723.1
0.03177 8799.2
0.03178 8853.7
0.03179 8889.3
0.03180 8908.0
0.03181 8911.7
0.03182 8901.7
0.03183 8879.2
0.03184 8845.3
0.03185 8800.7
0.03186 8746.1
0.03187 8682.3
0.03188 8609.7
0.03189 8528.8
0.03190 8440.1
0.03191 8344.0
0.03192 8240.9
0.03193 8131.3
0.03194 8015.5
0.03195 7894.1
0.03196 7767.3
0.03197 7635.6
0.03198 7499.5
0.03199 7359.5
0.03200 7215.9
0.03201 7069.2
0.03202 6920.0
0.03203 6768.6
0.03204 6615.6
0.03205 6461.4
0.03206 6306.5
0.03207 6151.3
0.03208 5996.2
0.03209 5841.8
0.03210 5688.3
0.03211 5536.2
0.03212 5385.8
0.03213 5237.5
0.03214 5091.4
0.03215 4948.1
0.03216 4807.5
0.03217 4670.1
0.03218 4535.9
0.03219 4405.1
0.03220 4277.9
0.03221 4154.4
0.03222 4034.6
0.03223 3918.6
0.03224 3806.5
0.03225 3698.1
0.03226 3593.6
0.03227 3492.9
0.03228 3395.9
0.03229 3302.6
0.03230 3213.0
0.03231 3126.9
0.03232 3044.2
0.03233 2964.9
0.03234 2888.8
0.03235 2815.9
0.03236 2746.0
0.03237 2679.0
0.03238 2614.8
0.03239 2553.4
0.03240 2494.5
0.03241 2438.0
0.03242 2384.0
0.03243 2332.1
0.03244 2282.5
0.03245 2234.9
0.03246 2189.2
0.03247 2145.4
0.03248 2103.4
0.03249 2063.0
0.03250 2024.3
0.03251 1987.0
0.03252 1951.2
0.03253 1916.8
0.03254 1883.8
0.03255 1851.9
0.03256 1821.3
0.03257 1791.8
0.03258 1763.3
0.03259 1735.9
0.03260 1709.5
0.03261 1684.1
0.03262 1659.5
0.03263 1635.8
0.03264 1612.9
0.03265 1590.9
0.03266 1569.6
0.03267 1549.0
0.03268 1529.1
0.03269 1509.9
0.03270 1491.4
0.03271 1473.5
0.03272 1456.2
0.03273 1439.5
0.03274 1423.4
0.03275 1407.8
0.03276 1392.8
0.03277 1378.3
0.03278 1364.2
0.03279 1350.7
0.03280 1337.6
0.03281 1325.0
0.03282 1312.8
0.03283 1301.1
0.03284 1289.7
0.03285 1278.8
0.03286 1268.2
0.03287 1258.0
0.03288 1248.2
0.03289 1238.7
0.03290 1229.6
0.03291 1220.7
0.03292 1212.2
0.03293 1204.0
0.03294 1196.1
0.03295 1188.5
0.03296 1181.1
0.03297 1174.0
0.03298 1167.2
0.03299 1160.6
0.03300 1154.2
0.03301 1148.1
0.03302 1142.2
0.03303 1136.5
0.03304 1130.9
0.03305 1125.6
0.03306 1120.5
0.03307 1115.5
0.03308 1110.8
0.03309 1106.1
0.03310 1101.7
0.03311 1097.4
0.03312 1093.2
0.03313 1089.2
0.03314 1085.3
0.03315 1081.6
0.03316 1078.0
0.03317 1074.5
0.03318 1071.1
0.03319 1067.8
0.03320 1064.6
0.03321 1061.6
0.03322 1058.6
0.03323 1055.8
0.03324 1053.0
0.03325 1050.3
0.03326 1047.7
0.03327 1045.2
0.03328 1042.8
0.03329 1040.4
0.03330 1038.2
0.03331 1036.0
0.03332 1033.8
0.03333 1031.8
0.03334 1029.8
0.03335 1027.8
0.03336 1025.9
0.03337 1024.1
0.03338 1022.3
0.03339 1020.6
0.03340 1019.0
0.03341 1017.3
0.03342 1015.8
0.03343 1014.3
0.03344 1012.8
0.03345 1011.4
0.03346 1010.0
0.03347 1008.6
0.03348 1007.3
0.03349 1006.1
0.03350 1004.8
0.03351 1003.6
0.03352 1002.5
0.03353 1001.3
0.03354 1000.3
0.03355 999.2
0.03356 998.2
0.03357 997.2
0.03358 996.2
0.03359 995.2
0.03360 994.3
0.03361 993.4
0.03362 992.5
0.03363 991.7
0.03364 990.9
0.03365 990.1
0.03366 989.3
0.03367 988.5
0.03368 987.8
0.03369 987.1
0.03370 986.4
0.03371 985.7
0.03372 985.1
0.03373 984.4
0.03374 983.8
0.03375 983.2
0.03376 982.6
0.03377 982.0
0.03378 981.5
0.03379 980.9
0.03380 980.4
0.03381 979.9
0.03382 979.4
0.03383 978.9
0.03384 978.4
0.03385 978.0
0.03386 977.5
0.03387 977.1
0.03388 976.6
0.03389 976.2
0.03390 975.8
0.03391 975.4
0.03392 975.0
0.03393 974.7
0.03394 974.3
0.03395 974.0
0.03396 973.6
0.03397 973.3
0.03398 972.9
0.03399 972.6
0.03400 972.3
0.03401 972.0
0.03402 971.7
0.03403 971.4
0.03404 971.1
0.03405 970.9
0.03406 970.6
0.03407 970.3
0.03408 970.1
0.03409 969.8
0.03410 969.6
0.03411 969.4
0.03412 969.1
0.03413 968.9
0.03414 968.7
0.03415 968.5
0.03416 968.3
0.03417 968.1
0.03418 967.9
0.03419 967.7
0.03420 967.5
0.03421 967.3
0.03422 967.2
0.03423 967.0
0.03424 966.8
0.03425 966.7
0.03426 966.5
0.03427 966.4
0.03428 966.2
0.03429 966.1
0.03430 965.9
0.03431 965.8
0.03432 965.7
0.03433 965.5
0.03434 965.4
0.03435 965.3
0.03436 965.2
0.03437 965.0
0.03438 964.9
0.03439 964.8
0.03440 964.7
0.03441 964.6
0.03442 964.5
0.03443 964.4
0.03444 964.3
0.03445 964.2
0.03446 964.1
0.03447 964.0
0.03448 963.9
0.03449 963.9
0.03450 963.8
0.03451 963.7
0.03452 963.6
0.03453 963.6
0.03454 963.5
0.03455 963.4
0.03456 963.4
0.03457 963.3
0.03458 963.2
0.03459 963.2
0.03460 963.1
0.03461 963.1
0.03462 963.0
0.03463 962.9
0.03464 962.9
0.03465 962.8
0.03466 962.8
0.03467 962.8
0.03468 962.7
0.03469 962.7
0.03470 962.6
0.03471 962.6
0.03472 962.6
0.03473 962.5
0.03474 962.5
0.03475 962.4
0.03476 962.4
0.03477 962.4
0.03478 962.4
0.03479 962.3
0.03480 962.3
0.03481 962.3
0.03482 962.3
0.03483 962.2
0.03484 962.2
0.03485 962.2
0.03486 962.2
0.03487 962.2
0.03488 962.1
0.03489 962.1
0.03490 962.1
0.03491 962.1
0.03492 962.1
0.03493 962.1
0.03494 962.1
0.03495 962.1
0.03496 962.0
0.03497 962.0
0.03498 962.0
0.03499 962.0
0.03500 962.0
0.03501 962.0
0.03502 962.0
0.03503 962.0
0.03504 962.0
0.03505 962.0
0.03506 962.0
0.03507 962.0
0.03508 962.0
0.03509 962.0
0.03510 962.0
0.03511 962.0
0.03512 962.0
0.03513 962.0
0.03514 962.1
0.03515 962.1
0.03516 962.1
0.03517 962.1
0.03518 962.1
0.03519 962.1
0.03520 962.1
0.03521 962.1
0.03522 962.1
0.03523 962.1
0.03524 962.2
0.03525 962.2
0.03526 962.2
0.03527 962.2
0.03528 962.2
0.03529 962.2
0.03530 962.3
0.03531 962.3
0.03532 962.3
0.03533 962.3
0.03534 962.3
0.03535 962.3
0.03536 962.4
0.03537 962.4
0.03538 962.4
0.03539 962.4
0.03540 962.5
0.03541 962.5
0.03542 962.5
0.03543 962.5
0.03544 962.5
0.03545 962.6
0.03546 962.6
0.03547 962.6
0.03548 962.6
0.03549 962.7
0.03550 962.7
0.03551 962.7
0.03552 962.8
0.03553 962.8
0.03554 962.8
0.03555 962.8
0.03556 962.9
0.03557 962.9
0.03558 962.9
0.03559 963.0
0.03560 963.0
0.03561 963.0
0.03562 963.0
0.03563 963.1
0.03564 963.1
0.03565 963.1
0.03566 963.2
0.03567 963.2
0.03568 963.2
0.03569 963.3
0.03570 963.3
0.03571 963.3
0.03572 963.4
0.03573 963.4
0.03574 963.4
0.03575 963.5
0.03576 963.5
0.03577 963.6
0.03578 963.6
0.03579 963.6
0.03580 963.7
0.03581 963.7
0.03582 963.7
0.03583 963.8
0.03584 963.8
0.03585 963.8
0.03586 963.9
0.03587 963.9
0.03588 964.0
0.03589 964.0
0.03590 964.0
0.03591 964.1
0.03592 964.1
0.03593 964.2
0.03594 964.2
0.03595 964.2
0.03596 964.3
0.03597 964.3
0.03598 964.4
0.03599 964.4
0.03600 964.4
0.03601 964.5
0.03602 964.5
0.03603 964.6
0.03604 964.6
0.03605 964.7
0.03606 964.7
0.03607 964.7
0.03608 964.8
0.03609 964.8
0.03610 964.9
0.03611 964.9
0.03612 965.0
0.03613 965.0
0.03614 965.0
0.03615 965.1
0.03616 965.1
0.03617 965.2
0.03618 965.2
0.03619 965.3
0.03620 965.3
0.03621 965.4
0.03622 965.4
0.03623 965.4
0.03624 965.5
0.03625 965.5
0.03626 965.6
0.03627 965.6
0.03628 965.7
0.03629 965.7
0.03630 965.8
0.03631 965.8
0.03632 965.9
0.03633 965.9
0.03634 966.0
0.03635 966.0
0.03636 966.1
0.03637 966.1
0.03638 966.1
0.03639 966.2
0.03640 966.2
0.03641 966.3
0.03642 966.3
0.03643 966.4
0.03644 966.4
0.03645 966.5
0.03646 966.5
0.03647 966.6
0.03648 966.6
0.03649 966.7
0.03650 966.7
0.03651 966.8
0.03652 966.8
0.03653 966.9
0.03654 966.9
0.03655 967.0
0.03656 967.0
0.03657 967.1
0.03658 967.1
0.03659 967.2
0.03660 967.2
0.03661 967.3
0.03662 967.3
0.03663 967.4
0.03664 967.4
0.03665 967.5
0.03666 967.5
0.03667 967.6
0.03668 967.6
0.03669 967.7
0.03670 967.7
0.03671 967.8
0.03672 967.8
0.03673 967.9
0.03674 967.9
0.03675 968.0
0.03676 968.1
0.03677 968.1
0.03678 968.2
0.03679 968.2
0.03680 968.3
0.03681 968.3
0.03682 968.4
0.03683 968.4
0.03684 968.5
0.03685 968.5
0.03686 968.6
0.03687 968.6
0.03688 968.7
0.03689 968.7
0.03690 968.8
0.03691 968.8
0.03692 968.9
0.03693 968.9
0.03694 969.0
0.03695 969.1
0.03696 969.1
0.03697 969.2
0.03698 969.2
0.03699 969.3
0.03700 969.3
0.03701 969.4
0.03702 969.4
0.03703 969.5
0.03704 969.5
0.03705 969.6
0.03706 969.6
0.03707 969.7
0.03708 969.8
0.03709 969.8
0.03710 969.9
0.03711 969.9
0.03712 970.0
0.03713 970.0
0.03714 970.1
0.03715 970.1
0.03716 970.2
0.03717 970.2
0.03718 970.3
0.03719 970.4
0.03720 970.4
0.03721 970.5
0.03722 970.5
0.03723 970.6
0.03724 970.6
0.03725 970.7
0.03726 970.7
0.03727 970.8
0.03728 970.9
0.03729 970.9
0.03730 971.0
0.03731 971.0
0.03732 971.1
0.03733 971.1
0.03734 971.2
0.03735 971.2
0.03736 971.3
0.03737 971.4
0.03738 971.4
0.03739 971.5
0.03740 971.5
0.03741 971.6
0.03742 971.6
0.03743 971.7
0.03744 971.7
0.03745 971.8
0.03746 971.9
0.03747 971.9
0.03748 972.0
0.03749 972.0
0.03750 972.1
0.03751 972.1
0.03752 972.2
0.03753 972.3
0.03754 972.3
0.03755 972.4
0.03756 972.4
0.03757 972.5
0.03758 972.5
0.03759 972.6
0.03760 972.6
0.03761 972.7
0.03762 972.8
0.03763 972.8
0.03764 972.9
0.03765 972.9
0.03766 973.0
0.03767 973.0
0.03768 973.1
0.03769 973.2
0.03770 973.2
0.03771 973.3
0.03772 973.3
0.03773 973.4
0.03774 973.4
0.03775 973.5
0.03776 973.6
0.03777 973.6
0.03778 973.7
0.03779 973.7
0.03780 973.8
0.03781 973.8
0.03782 973.9
0.03783 973.9
0.03784 974.0
0.03785 974.1
0.03786 974.1
0.03787 974.2
0.03788 974.2
0.03789 974.3
0.03790 974.3
0.03791 974.4
0.03792 974.5
0.03793 974.5
0.03794 974.6
0.03795 974.6
0.03796 974.7
0.03797 974.7
0.03798 974.8
0.03799 974.9
0.03800 974.9
0.03801 975.0
0.03802 975.0
0.03803 975.1
0.03804 975.1
0.03805 975.2
0.03806 975.3
0.03807 975.3
0.03808 975.4
0.03809 975.4
0.03810 975.5
0.03811 975.5
0.03812 975.6
0.03813 975.7
0.03814 975.7
0.03815 975.8
0.03816 975.8
0.03817 975.9
0.03818 975.9
0.03819 976.0
0.03820 976.1
0.03821 976.1
0.03822 976.2
0.03823 976.2
0.03824 976.3
0.03825 976.3
0.03826 976.4
0.03827 976.5
0.03828 976.5
0.03829 976.6
0.03830 976.6
0.03831 976.7
0.03832 976.7
0.03833 976.8
0.03834 976.9
0.03835 976.9
0.03836 977.0
0.03837 977.0
0.03838 977.1
0.03839 977.1
0.03840 977.2
0.03841 977.3
0.03842 977.3
0.03843 977.4
0.03844 977.4
0.03845 977.5
0.03846 977.5
0.03847 977.6
0.03848 977.6
0.03849 977.7
0.03850 977.8
0.03851 977.8
0.03852 977.9
0.03853 977.9
0.03854 978.0
0.03855 978.0
0.03856 978.1
0.03857 978.2
0.03858 978.2
0.03859 978.3
0.03860 978.3
0.03861 978.4
0.03862 978.4
0.03863 978.5
0.03864 978.6
0.03865 978.6
0.03866 978.7
0.03867 978.7
0.03868 978.8
0.03869 978.8
0.03870 978.9
0.03871 979.0
0.03872 979.0
0.03873 979.1
0.03874 979.1
0.03875 979.2
0.03876 979.2
0.03877 979.3
0.03878 979.3
0.03879 979.4
0.03880 979.5
0.03881 979.5
0.03882 979.6
0.03883 979.6
0.03884 979.7
0.03885 979.7
0.03886 979.8
0.03887 979.8
0.03888 979.9
0.03889 980.0
0.03890 980.0
0.03891 980.1
0.03892 980.1
0.03893 980.2
0.03894 980.2
0.03895 980.3
0.03896 980.4
0.03897 980.4
0.03898 980.5
0.03899 980.5
0.03900 980.6
0.03901 980.6
0.03902 980.7
0.03903 980.7
0.03904 980.8
0.03905 980.9
0.03906 980.9
0.03907 981.0
0.03908 981.0
0.03909 981.1
0.03910 981.1
0.03911 981.2
0.03912 981.2
0.03913 981.3
0.03914 981.4
0.03915 981.4
0.03916 981.5
0.03917 981.5
0.03918 981.6
0.03919 981.6
0.03920 981.7
0.03921 981.7
0.03922 981.8
0.03923 981.8
0.03924 981.9
0.03925 982.0
0.03926 982.0
0.03927 982.1
0.03928 982.1
0.03929 982.2
0.03930 982.2
0.03931 982.3
0.03932 982.3
0.03933 982.4
0.03934 982.4
0.03935 982.5
0.03936 982.6
0.03937 982.6
0.03938 982.7
0.03939 982.7
0.03940 982.8
0.03941 982.8
0.03942 982.9
0.03943 982.9
0.03944 983.0
0.03945 983.0
0.03946 983.1
0.03947 983.2
0.03948 983.2
0.03949 983.3
0.03950 983.3
0.03951 983.4
0.03952 983.4
0.03953 983.5
0.03954 983.5
0.03955 983.6
0.03956 983.6
0.03957 983.7
0.03958 983.7
0.03959 983.8
0.03960 983.9
0.03961 983.9
0.03962 984.0
0.03963 984.0
0.03964 984.1
0.03965 984.1
0.03966 984.2
0.03967 984.2
0.03968 984.3
0.03969 984.3
0.03970 984.4
0.03971 984.4
0.03972 984.5
0.03973 984.5
0.03974 984.6
0.03975 984.6
0.03976 984.7
0.03977 984.8
0.03978 984.8
0.03979 984.9
0.03980 984.9
0.03981 985.0
0.03982 985.0
0.03983 985.1
0.03984 985.1
0.03985 985.2
0.03986 985.2
0.03987 985.3
0.03988 985.3
0.03989 985.4
0.03990 985.4
0.03991 985.5
0.03992 985.5
0.03993 985.6
0.03994 985.6
0.03995 985.7
0.03996 985.7
0.03997 985.8
0.03998 985.9
0.03999 985.9
0.04000 986.0
0.04001 986.0
0.04002 986.1
0.04003 986.1
0.04004 986.2
0.04005 986.2
0.04006 986.3
0.04007 986.3
0.04008 986.4
0.04009 986.4
0.04010 986.5
0.04011 986.5
0.04012 986.6
0.04013 986.6
0.04014 986.7
0.04015 986.7
0.04016 986.8
0.04017 986.8
0.04018 986.9
0.04019 986.9
0.04020 987.0
0.04021 987.0
0.04022 987.1
0.04023 987.1
0.04024 987.2
0.04025 987.2
0.04026 987.3
0.04027 987.3
0.04028 987.4
0.04029 987.4
0.04030 987.5
0.04031 987.5
0.04032 987.6
0.04033 987.6
0.04034 987.7
0.04035 987.7
0.04036 987.8
0.04037 987.8
0.04038 987.9
0.04039 987.9
0.04040 988.0
0.04041 988.0
0.04042 988.1
0.04043 988.1
0.04044 988.2
0.04045 988.2
0.04046 988.3
0.04047 988.3
0.04048 988.4
0.04049 988.4
0.04050 988.5
0.04051 988.5
0.04052 988.6
0.04053 988.6
0.04054 988.7
0.04055 988.7
0.04056 988.8
0.04057 988.8
0.04058 988.9
0.04059 988.9
0.04060 989.0
0.04061 989.0
0.04062 989.1
0.04063 989.1
0.04064 989.2
0.04065 989.2
0.04066 989.3
0.04067 989.3
0.04068 989.3
0.04069 989.4
0.04070 989.4
0.04071 989.5
0.04072 989.5
0.04073 989.6
0.04074 989.6
0.04075 989.7
0.04076 989.7
0.04077 989.8
0.04078 989.8
0.04079 989.9
0.04080 989.9
0.04081 990.0
0.04082 990.0
0.04083 990.1
0.04084 990.1
0.04085 990.2
0.04086 990.2
0.04087 990.3
0.04088 990.3
0.04089 990.3
0.04090 990.4
0.04091 990.4
0.04092 990.5
0.04093 990.5
0.04094 990.6
0.04095 990.6
0.04096 990.7
0.04097 990.7
0.04098 990.8
0.04099 990.8
0.04100 990.9
0.04101 990.9
0.04102 991.0
0.04103 991.0
0.04104 991.0
0.04105 991.1
0.04106 991.1
0.04107 991.2
0.04108 991.2
0.04109 991.3
0.04110 991.3
0.04111 991.4
0.04112 991.4
0.04113 991.5
0.04114 991.5
0.04115 991.6
0.04116 991.6
0.04117 991.6
0.04118 991.7
0.04119 991.7
0.04120 991.8
0.04121 991.8
0.04122 991.9
0.04123 991.9
0.04124 992.0
0.04125 992.0
0.04126 992.0
0.04127 992.1
0.04128 992.1
0.04129 992.2
0.04130 992.2
0.04131 992.3
0.04132 992.3
0.04133 992.4
0.04134 992.4
0.04135 992.4
0.04136 992.5
0.04137 992.5
0.04138 992.6
0.04139 992.6
0.04140 992.7
0.04141 992.7
0.04142 992.8
0.04143 992.8
0.04144 992.8
0.04145 992.9
0.04146 992.9
0.04147 993.0
0.04148 993.0
0.04149 993.1
0.04150 993.1
0.04151 993.2
0.04152 993.2
0.04153 993.2
0.04154 993.3
0.04155 993.3
0.04156 993.4
0.04157 993.4
0.04158 993.5
0.04159 993.5
0.04160 993.5
0.04161 993.6
0.04162 993.6
0.04163 993.7
0.04164 993.7
0.04165 993.8
0.04166 993.8
0.04167 993.8
0.04168 993.9
0.04169 993.9
0.04170 994.0
0.04171 994.0
0.04172 994.1
0.04173 994.1
0.04174 994.1
0.04175 994.2
0.04176 994.2
0.04177 994.3
0.04178 994.3
0.04179 994.3
0.04180 994.4
0.04181 994.4
0.04182 994.5
0.04183 994.5
0.04184 994.6
0.04185 994.6
0.04186 994.6
0.04187 994.7
0.04188 994.7
0.04189 994.8
0.04190 994.8
0.04191 994.8
0.04192 994.9
0.04193 994.9
0.04194 995.0
0.04195 995.0
0.04196 995.0
0.04197 995.1
0.04198 995.1
0.04199 995.2
0.04200 995.2
0.04201 995.2
0.04202 995.3
0.04203 995.3
0.04204 995.4
0.04205 995.4
0.04206 995.5
0.04207 995.5
0.04208 995.5
0.04209 995.6
0.04210 995.6
0.04211 995.7
0.04212 995.7
0.04213 995.7
0.04214 995.8
0.04215 995.8
0.04216 995.9
0.04217 995.9
0.04218 995.9
0.04219 996.0
0.04220 996.0
0.04221 996.0
0.04222 996.1
0.04223 996.1
0.04224 996.2
0.04225 996.2
0.04226 996.2
0.04227 996.3
0.04228 996.3
0.04229 996.4
0.04230 996.4
0.04231 996.4
0.04232 996.5
0.04233 996.5
0.04234 996.6
0.04235 996.6
0.04236 996.6
0.04237 996.7
0.04238 996.7
0.04239 996.7
0.04240 996.8
0.04241 996.8
0.04242 996.9
0.04243 996.9
0.04244 996.9
0.04245 997.0
0.04246 997.0
0.04247 997.1
0.04248 997.1
0.04249 997.1
0.04250 997.2
0.04251 997.2
0.04252 997.2
0.04253 997.3
0.04254 997.3
0.04255 997.4
0.04256 997.4
0.04257 997.4
0.04258 997.5
0.04259 997.5
0.04260 997.5
0.04261 997.6
0.04262 997.6
0.04263 997.6
0.04264 997.7
0.04265 997.7
0.04266 997.8
0.04267 997.8
0.04268 997.8
0.04269 997.9
0.04270 997.9
0.04271 997.9
0.04272 998.0
0.04273 998.0
0.04274 998.1
0.04275 998.1
0.04276 998.1
0.04277 998.2
0.04278 998.2
0.04279 998.2
0.04280 998.3
0.04281 998.3
0.04282 998.3
0.04283 998.4
0.04284 998.4
0.04285 998.4
0.04286 998.5
0.04287 998.5
0.04288 998.6
0.04289 998.6
0.04290 998.6
0.04291 998.7
0.04292 998.7
0.04293 998.7
0.04294 998.8
0.04295 998.8
0.04296 998.8
0.04297 998.9
0.04298 998.9
0.04299 998.9
0.04300 999.0
0.04301 999.0
0.04302 999.0
0.04303 999.1
0.04304 999.1
0.04305 999.2
0.04306 999.2
0.04307 999.2
0.04308 999.3
0.04309 999.3
0.04310 999.3
0.04311 999.4
0.04312 999.4
0.04313 999.4
0.04314 999.5
0.04315 999.5
0.04316 999.5
0.04317 999.6
0.04318 999.6
0.04319 999.6
0.04320 999.7
0.04321 999.7
0.04322 999.7
0.04323 999.8
0.04324 999.8
0.04325 999.8
0.04326 999.9
0.04327 999.9
0.04328 999.9
0.04329 1000.0
0.04330 1000.0
0.04331 1000.0
0.04332 1000.1
0.04333 1000.1
0.04334 1000.1
0.04335 1000.2
0.04336 1000.2
0.04337 1000.2
0.04338 1000.3
0.04339 1000.3
0.04340 1000.3
0.04341 1000.4
0.04342 1000.4
0.04343 1000.4
0.04344 1000.5
0.04345 1000.5
0.04346 1000.5
0.04347 1000.6
0.04348 1000.6
0.04349 1000.6
0.04350 1000.7
0.04351 1000.7
0.04352 1000.7
0.04353 1000.7
0.04354 1000.8
0.04355 1000.8
0.04356 1000.8
0.04357 1000.9
0.04358 1000.9
0.04359 1000.9
0.04360 1001.0
0.04361 1001.0
0.04362 1001.0
0.04363 1001.1
0.04364 1001.1
0.04365 1001.1
0.04366 1001.2
0.04367 1001.2
0.04368 1001.2
0.04369 1001.3
0.04370 1001.3
0.04371 1001.3
0.04372 1001.3
0.04373 1001.4
0.04374 1001.4
0.04375 1001.4
0.04376 1001.5
0.04377 1001.5
0.04378 1001.5
0.04379 1001.6
0.04380 1001.6
0.04381 1001.6
0.04382 1001.7
0.04383 1001.7
0.04384 1001.7
0.04385 1001.7
0.04386 1001.8
0.04387 1001.8
0.04388 1001.8
0.04389 1001.9
0.04390 1001.9
0.04391 1001.9
0.04392 1002.0
0.04393 1002.0
0.04394 1002.0
0.04395 1002.0
0.04396 1002.1
0.04397 1002.1
0.04398 1002.1
0.04399 1002.2
0.04400 1002.2
0.04401 1002.2
0.04402 1002.3
0.04403 1002.3
0.04404 1002.3
0.04405 1002.3
0.04406 1002.4
0.04407 1002.4
0.04408 1002.4
0.04409 1002.5
0.04410 1002.5
0.04411 1002.5
0.04412 1002.5
0.04413 1002.6
0.04414 1002.6
0.04415 1002.6
0.04416 1002.7
0.04417 1002.7
0.04418 1002.7
0.04419 1002.7
0.04420 1002.8
0.04421 1002.8
0.04422 1002.8
0.04423 1002.9
0.04424 1002.9
0.04425 1002.9
0.04426 1002.9
0.04427 1003.0
0.04428 1003.0
0.04429 1003.0
0.04430 1003.1
0.04431 1003.1
0.04432 1003.1
0.04433 1003.1
0.04434 1003.2
0.04435 1003.2
0.04436 1003.2
0.04437 1003.3
0.04438 1003.3
0.04439 1003.3
0.04440 1003.3
0.04441 1003.4
0.04442 1003.4
0.04443 1003.4
0.04444 1003.4
0.04445 1003.5
0.04446 1003.5
0.04447 1003.5
0.04448 1003.6
0.04449 1003.6
0.04450 1003.6
0.04451 1003.6
0.04452 1003.7
0.04453 1003.7
0.04454 1003.7
0.04455 1003.7
0.04456 1003.8
0.04457 1003.8
0.04458 1003.8
0.04459 1003.9
0.04460 1003.9
0.04461 1003.9
0.04462 1003.9
0.04463 1004.0
0.04464 1004.0
0.04465 1004.0
0.04466 1004.0
0.04467 1004.1
0.04468 1004.1
0.04469 1004.1
0.04470 1004.1
0.04471 1004.2
0.04472 1004.2
0.04473 1004.2
0.04474 1004.2
0.04475 1004.3
0.04476 1004.3
0.04477 1004.3
0.04478 1004.3
0.04479 1004.4
0.04480 1004.4
0.04481 1004.4
0.04482 1004.5
0.04483 1004.5
0.04484 1004.5
0.04485 1004.5
0.04486 1004.6
0.04487 1004.6
0.04488 1004.6
0.04489 1004.6
0.04490 1004.7
0.04491 1004.7
0.04492 1004.7
0.04493 1004.7
0.04494 1004.8
0.04495 1004.8
0.04496 1004.8
0.04497 1004.8
0.04498 1004.9
0.04499 1004.9
0.04500 1004.9
0.04501 1004.9
0.04502 1005.0
0.04503 1005.0
0.04504 1005.0
0.04505 1005.0
0.04506 1005.1
0.04507 1005.1
0.04508 1005.1
0.04509 1005.1
0.04510 1005.2
0.04511 1005.2
0.04512 1005.2
0.04513 1005.2
0.04514 1005.2
0.04515 1005.3
0.04516 1005.3
0.04517 1005.3
0.04518 1005.3
0.04519 1005.4
0.04520 1005.4
0.04521 1005.4
0.04522 1005.4
0.04523 1005.5
0.04524 1005.5
0.04525 1005.5
0.04526 1005.5
0.04527 1005.6
0.04528 1005.6
0.04529 1005.6
0.04530 1005.6
0.04531 1005.7
0.04532 1005.7
0.04533 1005.7
0.04534 1005.7
0.04535 1005.7
0.04536 1005.8
0.04537 1005.8
0.04538 1005.8
0.04539 1005.8
0.04540 1005.9
0.04541 1005.9
0.04542 1005.9
0.04543 1005.9
0.04544 1006.0
0.04545 1006.0
0.04546 1006.0
0.04547 1006.0
0.04548 1006.0
0.04549 1006.1
0.04550 1006.1
0.04551 1006.1
0.04552 1006.1
0.04553 1006.2
0.04554 1006.2
0.04555 1006.2
0.04556 1006.2
0.04557 1006.2
0.04558 1006.3
0.04559 1006.3
0.04560 1006.3
0.04561 1006.3
0.04562 1006.4
0.04563 1006.4
0.04564 1006.4
0.04565 1006.4
0.04566 1006.4
0.04567 1006.5
0.04568 1006.5
0.04569 1006.5
0.04570 1006.5
0.04571 1006.6
0.04572 1006.6
0.04573 1006.6
0.04574 1006.6
0.04575 1006.6
0.04576 1006.7
0.04577 1006.7
0.04578 1006.7
0.04579 1006.7
0.04580 1006.8
0.04581 1006.8
0.04582 1006.8
0.04583 1006.8
0.04584 1006.8
0.04585 1006.9
0.04586 1006.9
0.04587 1006.9
0.04588 1006.9
0.04589 1006.9
0.04590 1007.0
0.04591 1007.0
0.04592 1007.0
0.04593 1007.0
0.04594 1007.1
0.04595 1007.1
0.04596 1007.1
0.04597 1007.1
0.04598 1007.1
0.04599 1007.2
0.04600 1007.2
0.04601 1007.2
0.04602 1007.2
0.04603 1007.2
0.04604 1007.3
0.04605 1007.3
0.04606 1007.3
0.04607 1007.3
0.04608 1007.3
0.04609 1007.4
0.04610 1007.4
0.04611 1007.4
0.04612 1007.4
0.04613 1007.4
0.04614 1007.5
0.04615 1007.5
0.04616 1007.5
0.04617 1007.5
0.04618 1007.5
0.04619 1007.6
0.04620 1007.6
0.04621 1007.6
0.04622 1007.6
0.04623 1007.6
0.04624 1007.7
0.04625 1007.7
0.04626 1007.7
0.04627 1007.7
0.04628 1007.7
0.04629 1007.8
0.04630 1007.8
0.04631 1007.8
0.04632 1007.8
0.04633 1007.8
0.04634 1007.9
0.04635 1007.9
0.04636 1007.9
0.04637 1007.9
0.04638 1007.9
0.04639 1008.0
0.04640 1008.0
0.04641 1008.0
0.04642 1008.0
0.04643 1008.0
0.04644 1008.1
0.04645 1008.1
0.04646 1008.1
0.04647 1008.1
0.04648 1008.1
0.04649 1008.1
0.04650 1008.2
0.04651 1008.2
0.04652 1008.2
0.04653 1008.2
0.04654 1008.2
0.04655 1008.3
0.04656 1008.3
0.04657 1008.3
0.04658 1008.3
0.04659 1008.3
0.04660 1008.4
0.04661 1008.4
0.04662 1008.4
0.04663 1008.4
0.04664 1008.4
0.04665 1008.4
0.04666 1008.5
0.04667 1008.5
0.04668 1008.5
0.04669 1008.5
0.04670 1008.5
0.04671 1008.6
0.04672 1008.6
0.04673 1008.6
0.04674 1008.6
0.04675 1008.6
0.04676 1008.6
0.04677 1008.7
0.04678 1008.7
0.04679 1008.7
0.04680 1008.7
0.04681 1008.7
0.04682 1008.8
0.04683 1008.8
0.04684 1008.8
0.04685 1008.8
0.04686 1008.8
0.04687 1008.8
0.04688 1008.9
0.04689 1008.9
0.04690 1008.9
0.04691 1008.9
0.04692 1008.9
0.04693 1008.9
0.04694 1009.0
0.04695 1009.0
0.04696 1009.0
0.04697 1009.0
0.04698 1009.0
0.04699 1009.0
0.04700 1009.1
0.04701 1009.1
0.04702 1009.1
0.04703 1009.1
0.04704 1009.1
0.04705 1009.2
0.04706 1009.2
0.04707 1009.2
0.04708 1009.2
0.04709 1009.2
0.04710 1009.2
0.04711 1009.3
0.04712 1009.3
0.04713 1009.3
0.04714 1009.3
0.04715 1009.3
0.04716 1009.3
0.04717 1009.4
0.04718 1009.4
0.04719 1009.4
0.04720 1009.4
0.04721 1009.4
0.04722 1009.4
0.04723 1009.5
0.04724 1009.5
0.04725 1009.5
0.04726 1009.5
0.04727 1009.5
0.04728 1009.5
0.04729 1009.6
0.04730 1009.6
0.04731 1009.6
0.04732 1009.6
0.04733 1009.6
0.04734 1009.6
0.04735 1009.6
0.04736 1009.7
0.04737 1009.7
0.04738 1009.7
0.04739 1009.7
0.04740 1009.7
0.04741 1009.7
0.04742 1009.8
0.04743 1009.8
0.04744 1009.8
0.04745 1009.8
0.04746 1009.8
0.04747 1009.8
0.04748 1009.9
0.04749 1009.9
0.04750 1009.9
0.04751 1009.9
0.04752 1009.9
0.04753 1009.9
0.04754 1009.9
0.04755 1010.0
0.04756 1010.0
0.04757 1010.0
0.04758 1010.0
0.04759 1010.0
0.04760 1010.0
0.04761 1010.1
0.04762 1010.1
0.04763 1010.1
0.04764 1010.1
0.04765 1010.1
0.04766 1010.1
0.04767 1010.1
0.04768 1010.2
0.04769 1010.2
0.04770 1010.2
0.04771 1010.2
0.04772 1010.2
0.04773 1010.2
0.04774 1010.3
0.04775 1010.3
0.04776 1010.3
0.04777 1010.3
0.04778 1010.3
0.04779 1010.3
0.04780 1010.3
0.04781 1010.4
0.04782 1010.4
0.04783 1010.4
0.04784 1010.4
0.04785 1010.4
0.04786 1010.4
0.04787 1010.4
0.04788 1010.5
0.04789 1010.5
0.04790 1010.5
0.04791 1010.5
0.04792 1010.5
0.04793 1010.5
0.04794 1010.5
0.04795 1010.6
0.04796 1010.6
0.04797 1010.6
0.04798 1010.6
0.04799 1010.6
0.04800 1010.6
0.04801 1010.6
0.04802 1010.7
0.04803 1010.7
0.04804 1010.7
0.04805 1010.7
0.04806 1010.7
0.04807 1010.7
0.04808 1010.7
0.04809 1010.8
0.04810 1010.8
0.04811 1010.8
0.04812 1010.8
0.04813 1010.8
0.04814 1010.8
0.04815 1010.8
0.04816 1010.9
0.04817 1010.9
0.04818 1010.9
0.04819 1010.9
0.04820 1010.9
0.04821 1010.9
0.04822 1010.9
0.04823 1011.0
0.04824 1011.0
0.04825 1011.0
0.04826 1011.0
0.04827 1011.0
0.04828 1011.0
0.04829 1011.0
0.04830 1011.0
0.04831 1011.1
0.04832 1011.1
0.04833 1011.1
0.04834 1011.1
0.04835 1011.1
0.04836 1011.1
0.04837 1011.1
0.04838 1011.2
0.04839 1011.2
0.04840 1011.2
0.04841 1011.2
0.04842 1011.2
0.04843 1011.2
0.04844 1011.2
0.04845 1011.2
0.04846 1011.3
0.04847 1011.3
0.04848 1011.3
0.04849 1011.3
0.04850 1011.3
0.04851 1011.3
0.04852 1011.3
0.04853 1011.3
0.04854 1011.4
0.04855 1011.4
0.04856 1011.4
0.04857 1011.4
0.04858 1011.4
0.04859 1011.4
0.04860 1011.4
0.04861 1011.5
0.04862 1011.5
0.04863 1011.5
0.04864 1011.5
0.04865 1011.5
0.04866 1011.5
0.04867 1011.5
0.04868 1011.5
0.04869 1011.6
0.04870 1011.6
0.04871 1011.6
0.04872 1011.6
0.04873 1011.6
0.04874 1011.6
0.04875 1011.6
0.04876 1011.6
0.04877 1011.7
0.04878 1011.7
0.04879 1011.7
0.04880 1011.7
0.04881 1011.7
0.04882 1011.7
0.04883 1011.7
0.04884 1011.7
0.04885 1011.7
0.04886 1011.8
0.04887 1011.8
0.04888 1011.8
0.04889 1011.8
0.04890 1011.8
0.04891 1011.8
0.04892 1011.8
0.04893 1011.8
0.04894 1011.9
0.04895 1011.9
0.04896 1011.9
0.04897 1011.9
0.04898 1011.9
0.04899 1011.9
0.04900 1011.9
0.04901 1011.9
0.04902 1012.0
0.04903 1012.0
0.04904 1012.0
0.04905 1012.0
0.04906 1012.0
0.04907 1012.0
0.04908 1012.0
0.04909 1012.0
0.04910 1012.0
0.04911 1012.1
0.04912 1012.1
0.04913 1012.1
0.04914 1012.1
0.04915 1012.1
0.04916 1012.1
0.04917 1012.1
0.04918 1012.1
0.04919 1012.1
0.04920 1012.2
0.04921 1012.2
0.04922 1012.2
0.04923 1012.2
0.04924 1012.2
0.04925 1012.2
0.04926 1012.2
0.04927 1012.2
0.04928 1012.3
0.04929 1012.3
0.04930 1012.3
0.04931 1012.3
0.04932 1012.3
0.04933 1012.3
0.04934 1012.3
0.04935 1012.3
0.04936 1012.3
0.04937 1012.3
0.04938 1012.4
0.04939 1012.4
0.04940 1012.4
0.04941 1012.4
0.04942 1012.4
0.04943 1012.4
0.04944 1012.4
0.04945 1012.4
0.04946 1012.4
0.04947 1012.5
0.04948 1012.5
0.04949 1012.5
0.04950 1012.5
0.04951 1012.5
0.04952 1012.5
0.04953 1012.5
0.04954 1012.5
0.04955 1012.5
0.04956 1012.6
0.04957 1012.6
0.04958 1012.6
0.04959 1012.6
0.04960 1012.6
0.04961 1012.6
0.04962 1012.6
0.04963 1012.6
0.04964 1012.6
0.04965 1012.6
0.04966 1012.7
0.04967 1012.7
0.04968 1012.7
0.04969 1012.7
0.04970 1012.7
0.04971 1012.7
0.04972 1012.7
0.04973 1012.7
0.04974 1012.7
0.04975 1012.8
0.04976 1012.8
0.04977 1012.8
0.04978 1012.8
0.04979 1012.8
0.04980 1012.8
0.04981 1012.8
0.04982 1012.8
0.04983 1012.8
0.04984 1012.8
0.04985 1012.9
0.04986 1012.9
0.04987 1012.9
0.04988 1012.9
0.04989 1012.9
0.04990 1012.9
0.04991 1012.9
0.04992 1012.9
0.04993 1012.9
0.04994 1012.9
0.04995 1013.0
0.04996 1013.0
0.04997 1013.0
0.04998 1013.0
0.04999 1013.0
0.05000 1018.8
0.05001 1018.8
0.05002 1018.8
0.05003 1018.8
0.05004 1018.8
0.05005 1018.8
0.05006 1018.8
0.05007 1018.8
0.05008 1018.8
0.05009 1018.8
0.05010 1018.8
0.05011 1018.8
0.05012 1018.8
0.05013 1018.8
0.05014 1018.8
0.05015 1018.8
0.05016 1018.8
0.05017 1018.8
0.05018 1018.8
0.05019 1018.8
0.05020 1018.8
0.05021 1018.8
0.05022 1018.8
0.05023 1018.8
0.05024 1018.8
0.05025 1018.8
0.05026 1018.8
0.05027 1018.8
0.05028 1018.8
0.05029 1018.8
0.05030 1018.8
0.05031 1018.8
0.05032 1018.8
0.05033 1018.8
0.05034 1018.8
0.05035 1018.8
0.05036 1018.8
0.05037 1018.8
0.05038 1018.8
0.05039 1018.8
0.05040 1018.8
0.05041 1018.8
0.05042 1018.8
0.05043 1018.8
0.05044 1018.8
0.05045 1018.8
0.05046 1018.8
0.05047 1018.8
0.05048 1018.8
0.05049 1018.8
0.05050 1018.8
0.05051 1018.8
0.05052 1018.8
0.05053 1018.8
0.05054 1018.8
0.05055 1018.8
0.05056 1018.8
0.05057 1018.8
0.05058 1018.8
0.05059 1018.8
0.05060 1018.8
0.05061 1018.8
0.05062 1018.8
0.05063 1018.8
0.05064 1018.8
0.05065 1018.8
0.05066 1018.8
0.05067 1018.8
0.05068 1018.8
0.05069 1018.8
0.05070 1018.8
0.05071 1018.8
0.05072 1018.8
0.05073 1018.8
0.05074 1018.8
0.05075 1018.8
0.05076 1018.8
0.05077 1018.8
0.05078 1018.8
0.05079 1018.8
0.05080 1018.8
0.05081 1018.8
0.05082 1018.8
0.05083 1018.8
0.05084 1018.8
0.05085 1018.8
0.05086 1018.8
0.05087 1018.8
0.05088 1018.8
0.05089 1018.8
0.05090 1018.8
0.05091 1018.8
0.05092 1018.8
0.05093 1018.8
0.05094 1018.8
0.05095 1018.8
0.05096 1018.8
0.05097 1018.8
0.05098 1018.8
0.05099 1018.8
0.05100 1018.8
0.05101 1018.8
0.05102 1018.8
0.05103 1018.8
0.05104 1018.8
0.05105 1018.8
0.05106 1018.8
0.05107 1018.8
0.05108 1018.8
0.05109 1018.8
0.05110 1018.8
0.05111 1018.8
0.05112 1018.8
0.05113 1018.8
0.05114 1018.8
0.05115 1018.8
0.05116 1018.8
0.05117 1018.8
0.05118 1018.8
0.05119 1018.8
0.05120 1018.8
0.05121 1018.8
0.05122 1018.8
0.05123 1018.8
0.05124 1018.8
0.05125 1018.8
0.05126 1018.8
0.05127 1018.8
0.05128 1018.8
0.05129 1018.8
0.05130 1018.8
0.05131 1018.8
0.05132 1018.8
0.05133 1018.8
0.05134 1018.8
0.05135 1018.8
0.05136 1018.8
0.05137 1018.8
0.05138 1018.8
0.05139 1018.8
0.05140 1018.8
0.05141 1018.8
0.05142 1018.8
0.05143 1018.8
0.05144 1018.8
0.05145 1018.8
0.05146 1018.8
0.05147 1018.8
0.05148 1018.8
0.05149 1018.8
0.05150 1018.8
0.05151 1018.8
0.05152 1018.8
0.05153 1018.8
0.05154 1018.8
0.05155 1018.8
0.05156 1018.8
0.05157 1018.8
0.05158 1018.8
0.05159 1018.8
0.05160 1018.8
0.05161 1018.8
0.05162 1018.8
0.05163 1018.8
0.05164 1018.8
0.05165 1018.8
0.05166 1018.8
0.05167 1018.8
0.05168 1018.8
0.05169 1018.8
0.05170 1018.8
0.05171 1018.8
0.05172 1018.8
0.05173 1018.8
0.05174 1018.8
0.05175 1018.8
0.05176 1018.8
0.05177 1018.8
0.05178 1018.8
0.05179 1018.8
0.05180 1018.8
0.05181 1018.8
0.05182 1018.8
0.05183 1018.8
0.05184 1018.8
0.05185 1018.8
0.05186 1018.8
0.05187 1018.8
0.05188 1018.8
0.05189 1018.8
0.05190 1018.8
0.05191 1018.8
0.05192 1018.8
0.05193 1018.8
0.05194 1018.8
0.05195 1018.8
0.05196 1018.8
0.05197 1018.8
0.05198 1018.8
0.05199 1018.8
0.05200 1018.8
0.05201 1018.8
0.05202 1018.8
0.05203 1018.8
0.05204 1018.8
0.05205 1018.8
0.05206 1018.8
0.05207 1018.8
0.05208 1018.8
0.05209 1018.8
0.05210 1018.8
0.05211 1018.8
0.05212 1018.8
0.05213 1018.8
0.05214 1018.8
0.05215 1018.8
0.05216 1018.8
0.05217 1018.8
0.05218 1018.8
0.05219 1018.8
0.05220 1018.8
0.05221 1018.8
0.05222 1018.8
0.05223 1018.8
0.05224 1018.8
0.05225 1018.8
0.05226 1018.8
0.05227 1018.8
0.05228 1018.8
0.05229 1018.8
0.05230 1018.8
0.05231 1018.8
0.05232 1018.8
0.05233 1018.8
0.05234 1018.8
0.05235 1018.8
0.05236 1018.8
0.05237 1018.8
0.05238 1018.8
0.05239 1018.8
0.05240 1018.8
0.05241 1018.8
0.05242 1018.8
0.05243 1018.8
0.05244 1018.8
0.05245 1018.8
0.05246 1018.8
0.05247 1018.8
0.05248 1018.8
0.05249 1018.8
0.05250 1018.8
0.05251 1018.8
0.05252 1018.8
0.05253 1018.8
0.05254 1018.8
0.05255 1018.8
0.05256 1018.8
0.05257 1018.8
0.05258 1018.8
0.05259 1018.8
0.05260 1018.8
0.05261 1018.8
0.05262 1018.8
0.05263 1018.8
0.05264 1018.8
0.05265 1018.8
0.05266 1018.8
0.05267 1018.8
0.05268 1018.8
0.05269 1018.8
0.05270 1018.8
0.05271 1018.8
0.05272 1018.8
0.05273 1018.8
0.05274 1018.8
0.05275 1018.8
0.05276 1018.8
0.05277 1018.8
0.05278 1018.8
0.05279 1018.8
0.05280 1018.8
0.05281 1018.8
0.05282 1018.8
0.05283 1018.8
0.05284 1018.8
0.05285 1018.8
0.05286 1018.8
0.05287 1018.8
0.05288 1018.8
0.05289 1018.8
0.05290 1018.8
0.05291 1018.8
0.05292 1018.8
0.05293 1018.8
0.05294 1018.8
0.05295 1018.8
0.05296 1018.8
0.05297 1018.8
0.05298 1018.8
0.05299 1018.8
0.05300 1018.8
0.05301 1018.8
0.05302 1018.8
0.05303 1018.8
0.05304 1018.8
0.05305 1018.8
0.05306 1018.8
0.05307 1018.8
0.05308 1018.8
0.05309 1018.8
0.05310 1018.8
0.05311 1018.8
0.05312 1018.8
0.05313 1018.8
0.05314 1018.8
0.05315 1018.8
0.05316 1018.8
0.05317 1018.8
0.05318 1018.8
0.05319 1018.8
0.05320 1018.8
0.05321 1018.8
0.05322 1018.8
0.05323 1018.8
0.05324 1018.8
0.05325 1018.8
0.05326 1018.8
0.05327 1018.8
0.05328 1018.8
0.05329 1018.8
0.05330 1018.8
0.05331 1018.8
0.05332 1018.8
0.05333 1018.8
0.05334 1018.8
0.05335 1018.8
0.05336 1018.8
0.05337 1018.8
0.05338 1018.8
0.05339 1018.8
0.05340 1018.8
0.05341 1018.8
0.05342 1018.8
0.05343 1018.8
0.05344 1018.8
0.05345 1018.8
0.05346 1018.8
0.05347 1018.8
0.05348 1018.8
0.05349 1018.8
0.05350 1018.8
0.05351 1018.8
0.05352 1018.8
0.05353 1018.8
0.05354 1018.8
0.05355 1018.8
0.05356 1018.8
0.05357 1018.8
0.05358 1018.8
0.05359 1018.8
0.05360 1018.8
0.05361 1018.8
0.05362 1018.8
0.05363 1018.8
0.05364 1018.8
0.05365 1018.8
0.05366 1018.8
0.05367 1018.8
0.05368 1018.8
0.05369 1018.8
0.05370 1018.8
0.05371 1018.8
0.05372 1018.8
0.05373 1018.8
0.05374 1018.8
0.05375 1018.8
0.05376 1018.8
0.05377 1018.8
0.05378 1018.8
0.05379 1018.8
0.05380 1018.8
0.05381 1018.8
0.05382 1018.8
0.05383 1018.8
0.05384 1018.8
0.05385 1018.8
0.05386 1018.8
0.05387 1018.8
0.05388 1018.8
0.05389 1018.8
0.05390 1018.8
0.05391 1018.8
0.05392 1018.8
0.05393 1018.8
0.05394 1018.8
0.05395 1018.8
0.05396 1018.8
0.05397 1018.8
0.05398 1018.8
0.05399 1018.8
0.05400 1018.8
0.05401 1018.8
0.05402 1018.8
0.05403 1018.8
0.05404 1018.8
0.05405 1018.8
0.05406 1018.8
0.05407 1018.8
0.05408 1018.8
0.05409 1018.8
0.05410 1018.8
0.05411 1018.8
0.05412 1018.8
0.05413 1018.8
0.05414 1018.8
0.05415 1018.8
0.05416 1018.8
0.05417 1018.8
0.05418 1018.8
0.05419 1018.8
0.05420 1018.8
0.05421 1018.8
0.05422 1018.8
0.05423 1018.8
0.05424 1018.8
0.05425 1018.8
0.05426 1018.8
0.05427 1018.8
0.05428 1018.8
0.05429 1018.8
0.05430 1018.8
0.05431 1018.8
0.05432 1018.8
0.05433 1018.8
0.05434 1018.8
0.05435 1018.8
0.05436 1018.8
0.05437 1018.8
0.05438 1018.8
0.05439 1018.8
0.05440 1018.8
0.05441 1018.8
0.05442 1018.8
0.05443 1018.8
0.05444 1018.8
0.05445 1018.8
0.05446 1018.8
0.05447 1018.8
0.05448 1018.8
0.05449 1018.8
0.05450 1018.8
0.05451 1018.8
0.05452 1018.8
0.05453 1018.8
0.05454 1018.8
0.05455 1018.8
0.05456 1018.8
0.05457 1018.8
0.05458 1018.8
0.05459 1018.8
0.05460 1018.8
0.05461 1018.8
0.05462 1018.8
0.05463 1018.8
0.05464 1018.8
0.05465 1018.8
0.05466 1018.8
0.05467 1018.8
0.05468 1018.8
0.05469 1018.8
0.05470 1018.8
0.05471 1018.8
0.05472 1018.8
0.05473 1018.8
0.05474 1018.8
0.05475 1018.8
0.05476 1018.8
0.05477 1018.8
0.05478 1018.8
0.05479 1018.8
0.05480 1018.8
0.05481 1018.8
0.05482 1018.8
0.05483 1018.8
0.05484 1018.8
0.05485 1018.8
0.05486 1018.8
0.05487 1018.8
0.05488 1018.8
0.05489 1018.8
0.05490 1018.8
0.05491 1018.8
0.05492 1018.8
0.05493 1018.8
0.05494 1018.8
0.05495 1018.8
0.05496 1018.8
0.05497 1018.8
0.05498 1018.8
0.05499 1018.8
0.05500 1018.8
0.05501 1018.8
0.05502 1018.8
0.05503 1018.8
0.05504 1018.8
0.05505 1018.8
0.05506 1018.8
0.05507 1018.8
0.05508 1018.8
0.05509 1018.8
0.05510 1018.8
0.05511 1018.8
0.05512 1018.8
0.05513 1018.8
0.05514 1018.8
0.05515 1018.8
0.05516 1018.8
0.05517 1018.8
0.05518 1018.8
0.05519 1018.8
0.05520 1018.8
0.05521 1018.8
0.05522 1018.8
0.05523 1018.8
0.05524 1018.8
0.05525 1018.8
0.05526 1018.8
0.05527 1018.8
0.05528 1018.8
0.05529 1018.8
0.05530 1018.8
0.05531 1018.8
0.05532 1018.8
0.05533 1018.8
0.05534 1018.8
0.05535 1018.8
0.05536 1018.8
0.05537 1018.8
0.05538 1018.8
0.05539 1018.8
0.05540 1018.8
0.05541 1018.8
0.05542 1018.8
0.05543 1018.8
0.05544 1018.8
0.05545 1018.8
0.05546 1018.8
0.05547 1018.8
0.05548 1018.8
0.05549 1018.8
0.05550 1018.8
0.05551 1018.8
0.05552 1018.8
0.05553 1018.8
0.05554 1018.8
0.05555 1018.8
0.05556 1018.8
0.05557 1018.8
0.05558 1018.8
0.05559 1018.8
0.05560 1018.8
0.05561 1018.8
0.05562 1018.8
0.05563 1018.8
0.05564 1018.8
0.05565 1018.8
0.05566 1018.8
0.05567 1018.8
0.05568 1018.8
0.05569 1018.8
0.05570 1018.8
0.05571 1018.8
0.05572 1018.8
0.05573 1018.8
0.05574 1018.8
0.05575 1018.8
0.05576 1018.8
0.05577 1018.8
0.05578 1018.8
0.05579 1018.8
0.05580 1018.8
0.05581 1018.8
0.05582 1018.8
0.05583 1018.8
0.05584 1018.8
0.05585 1018.8
0.05586 1018.8
0.05587 1018.8
0.05588 1018.8
0.05589 1018.8
0.05590 1018.8
0.05591 1018.8
0.05592 1018.8
0.05593 1018.8
0.05594 1018.8
0.05595 1018.8
0.05596 1018.8
0.05597 1018.8
0.05598 1018.8
0.05599 1018.8
0.05600 1018.8
0.05601 1018.8
0.05602 1018.8
0.05603 1018.8
0.05604 1018.8
0.05605 1018.8
0.05606 1018.8
0.05607 1018.8
0.05608 1018.8
0.05609 1018.8
0.05610 1018.8
0.05611 1018.8
0.05612 1018.8
0.05613 1018.8
0.05614 1018.8
0.05615 1018.8
0.05616 1018.8
0.05617 1018.8
0.05618 1018.8
0.05619 1018.8
0.05620 1018.8
0.05621 1018.8
0.05622 1018.8
0.05623 1018.8
0.05624 1018.8
0.05625 1018.8
0.05626 1018.8
0.05627 1018.8
0.05628 1018.8
0.05629 1018.8
0.05630 1018.8
0.05631 1018.8
0.05632 1018.8
0.05633 1018.8
0.05634 1018.8
0.05635 1018.8
0.05636 1018.8
0.05637 1018.8
0.05638 1018.8
0.05639 1018.8
0.05640 1018.8
0.05641 1018.8
0.05642 1018.8
0.05643 1018.8
0.05644 1018.8
0.05645 1018.8
0.05646 1018.8
0.05647 1018.8
0.05648 1018.8
0.05649 1018.8
0.05650 1018.8
0.05651 1018.8
0.05652 1018.8
0.05653 1018.8
0.05654 1018.8
0.05655 1018.8
0.05656 1018.8
0.05657 1018.8
0.05658 1018.8
0.05659 1018.8
0.05660 1018.8
0.05661 1018.8
0.05662 1018.8
0.05663 1018.8
0.05664 1018.8
0.05665 1018.8
0.05666 1018.8
0.05667 1018.8
0.05668 1018.8
0.05669 1018.8
0.05670 1018.8
0.05671 1018.8
0.05672 1018.8
0.05673 1018.8
0.05674 1018.8
0.05675 1018.8
0.05676 1018.8
0.05677 1018.8
0.05678 1018.8
0.05679 1018.8
0.05680 1018.8
0.05681 1018.8
0.05682 1018.8
0.05683 1018.8
0.05684 1018.8
0.05685 1018.8
0.05686 1018.8
0.05687 1018.8
0.05688 1018.8
0.05689 1018.8
0.05690 1018.8
0.05691 1018.8
0.05692 1018.8
0.05693 1018.8
0.05694 1018.8
0.05695 1018.8
0.05696 1018.8
0.05697 1018.8
0.05698 1018.8
0.05699 1018.8
0.05700 1018.8
0.05701 1018.8
0.05702 1018.8
0.05703 1018.8
0.05704 1018.8
0.05705 1018.8
0.05706 1018.8
0.05707 1018.8
0.05708 1018.8
0.05709 1018.8
0.05710 1018.8
0.05711 1018.8
0.05712 1018.8
0.05713 1018.8
0.05714 1018.8
0.05715 1018.8
0.05716 1018.8
0.05717 1018.8
0.05718 1018.8
0.05719 1018.8
0.05720 1018.8
0.05721 1018.8
0.05722 1018.8
0.05723 1018.8
0.05724 1018.8
0.05725 1018.8
0.05726 1018.8
0.05727 1018.8
0.05728 1018.8
0.05729 1018.8
0.05730 1018.8
0.05731 1018.8
0.05732 1018.8
0.05733 1018.8
0.05734 1018.8
0.05735 1018.8
0.05736 1018.8
0.05737 1018.8
0.05738 1018.8
0.05739 1018.8
0.05740 1018.8
0.05741 1018.8
0.05742 1018.8
0.05743 1018.8
0.05744 1018.8
0.05745 1018.8
0.05746 1018.8
0.05747 1018.8
0.05748 1018.8
0.05749 1018.8
0.05750 1018.8
0.05751 1018.8
0.05752 1018.8
0.05753 1018.8
0.05754 1018.8
0.05755 1018.8
0.05756 1018.8
0.05757 1018.8
0.05758 1018.8
0.05759 1018.8
0.05760 1018.8
0.05761 1018.8
0.05762 1018.8
0.05763 1018.8
0.05764 1018.8
0.05765 1018.8
0.05766 1018.8
0.05767 1018.8
0.05768 1018.8
0.05769 1018.8
0.05770 1018.8
0.05771 1018.8
0.05772 1018.8
0.05773 1018.8
0.05774 1018.8
0.05775 1018.8
0.05776 1018.8
0.05777 1018.8
0.05778 1018.8
0.05779 1018.8
0.05780 1018.8
0.05781 1018.8
0.05782 1018.8
0.05783 1018.8
0.05784 1018.8
0.05785 1018.8
0.05786 1018.8
0.05787 1018.8
0.05788 1018.8
0.05789 1018.8
0.05790 1018.8
0.05791 1018.8
0.05792 1018.8
0.05793 1018.8
0.05794 1018.8
0.05795 1018.8
0.05796 1018.8
0.05797 1018.8
0.05798 1018.8
0.05799 1018.8
0.05800 1018.8
0.05801 1018.8
0.05802 1018.8
0.05803 1018.8
0.05804 1018.8
0.05805 1018.8
0.05806 1018.8
0.05807 1018.8
0.05808 1018.8
0.05809 1018.8
0.05810 1018.8
0.05811 1018.8
0.05812 1018.8
0.05813 1018.8
0.05814 1018.8
0.05815 1018.8
0.05816 1018.8
0.05817 1018.8
0.05818 1018.8
0.05819 1018.8
0.05820 1018.8
0.05821 1018.8
0.05822 1018.8
0.05823 1018.8
0.05824 1018.8
0.05825 1018.8
0.05826 1018.8
0.05827 1018.8
0.05828 1018.8
0.05829 1018.8
0.05830 1018.8
0.05831 1018.8
0.05832 1018.8
0.05833 1018.8
0.05834 1018.8
0.05835 1018.8
0.05836 1018.8
0.05837 1018.8
0.05838 1018.8
0.05839 1018.8
0.05840 1018.8
0.05841 1018.8
0.05842 1018.8
0.05843 1018.8
0.05844 1018.8
0.05845 1018.8
0.05846 1018.8
0.05847 1018.8
0.05848 1018.8
0.05849 1018.8
0.05850 1018.8
0.05851 1018.8
0.05852 1018.8
0.05853 1018.8
0.05854 1018.8
0.05855 1018.8
0.05856 1018.8
0.05857 1018.8
0.05858 1018.8
0.05859 1018.8
0.05860 1018.8
0.05861 1018.8
0.05862 1018.8
0.05863 1018.8
0.05864 1018.8
0.05865 1018.8
0.05866 1018.8
0.05867 1018.8
0.05868 1018.8
0.05869 1018.8
0.05870 1018.8
0.05871 1018.8
0.05872 1018.8
0.05873 1018.8
0.05874 1018.8
0.05875 1018.8
0.05876 1018.8
0.05877 1018.8
0.05878 1018.8
0.05879 1018.8
0.05880 1018.8
0.05881 1018.8
0.05882 1018.8
0.05883 1018.8
0.05884 1018.8
0.05885 1018.8
0.05886 1018.8
0.05887 1018.8
0.05888 1018.8
0.05889 1018.8
0.05890 1018.8
0.05891 1018.8
0.05892 1018.8
0.05893 1018.8
0.05894 1018.8
0.05895 1018.8
0.05896 1018.8
0.05897 1018.8
0.05898 1018.8
0.05899 1018.8
0.05900 1018.8
0.05901 1018.8
0.05902 1018.8
0.05903 1018.8
0.05904 1018.8
0.05905 1018.8
0.05906 1018.8
0.05907 1018.8
0.05908 1018.8
0.05909 1018.8
0.05910 1018.8
0.05911 1018.8
0.05912 1018.8
0.05913 1018.8
0.05914 1018.8
0.05915 1018.8
0.05916 1018.8
0.05917 1018.8
0.05918 1018.8
0.05919 1018.8
0.05920 1018.8
0.05921 1018.8
0.05922 1018.8
0.05923 1018.8
0.05924 1018.8
0.05925 1018.8
0.05926 1018.8
0.05927 1018.8
0.05928 1018.8
0.05929 1018.8
0.05930 1018.8
0.05931 1018.8
0.05932 1018.8
0.05933 1018.8
0.05934 1018.8
0.05935 1018.8
0.05936 1018.8
0.05937 1018.8
0.05938 1018.8
0.05939 1018.8
0.05940 1018.8
0.05941 1018.8
0.05942 1018.8
0.05943 1018.8
0.05944 1018.8
0.05945 1018.8
0.05946 1018.8
0.05947 1018.8
0.05948 1018.8
0.05949 1018.8
0.05950 1018.8
0.05951 1018.8
0.05952 1018.8
0.05953 1018.8
0.05954 1018.8
0.05955 1018.8
0.05956 1018.8
0.05957 1018.8
0.05958 1018.8
0.05959 1018.8
0.05960 1018.8
0.05961 1018.8
0.05962 1018.8
0.05963 1018.8
0.05964 1018.8
0.05965 1018.8
0.05966 1018.8
0.05967 1018.8
0.05968 1018.8
0.05969 1018.8
0.05970 1018.8
0.05971 1018.8
0.05972 1018.8
0.05973 1018.8
0.05974 1018.8
0.05975 1018.8
0.05976 1018.8
0.05977 1018.8
0.05978 1018.8
0.05979 1018.8
0.05980 1018.8
0.05981 1018.8
0.05982 1018.8
0.05983 1018.8
0.05984 1018.8
0.05985 1018.8
0.05986 1018.8
0.05987 1018.8
0.05988 1018.8
0.05989 1018.8
0.05990 1018.8
0.05991 1018.8
0.05992 1018.8
0.05993 1018.8
0.05994 1018.8
0.05995 1018.8
0.05996 1018.8
0.05997 1018.8
0.05998 1018.8
0.05999 1018.8
0.06000 1018.8
