0.00000 780.5
0.00001 780.5
0.00002 780.5
0.00003 780.5
0.00004 780.5
0.00005 780.5
0.00006 780.5
0.00007 780.5
0.00008 780.5
0.00009 780.5
0.00010 780.5
0.00011 780.5
0.00012 780.5
0.00013 780.5
0.00014 780.5
0.00015 780.5
0.00016 780.5
0.00017 780.5
0.00018 780.5
0.00019 780.5
0.00020 780.5
0.00021 780.5
0.00022 780.5
0.00023 780.5
0.00024 780.5
0.00025 780.5
0.00026 780.5
0.00027 780.5
0.00028 780.5
0.00029 780.5
0.00030 780.5
0.00031 780.5
0.00032 780.5
0.00033 780.5
0.00034 780.5
0.00035 780.5
0.00036 780.5
0.00037 780.5
0.00038 780.5
0.00039 780.5
0.00040 780.5
0.00041 780.5
0.00042 780.5
0.00043 780.5
0.00044 780.5
0.00045 780.5
0.00046 780.5
0.00047 780.5
0.00048 780.5
0.00049 780.5
0.00050 780.5
0.00051 780.5
0.00052 780.5
0.00053 780.5
0.00054 780.5
0.00055 780.5
0.00056 780.5
0.00057 780.5
0.00058 780.5
0.00059 780.5
0.00060 780.5
0.00061 780.5
0.00062 780.5
0.00063 780.5
0.00064 780.5
0.00065 780.5
0.00066 780.5
0.00067 780.5
0.00068 780.5
0.00069 780.5
0.00070 780.5
0.00071 780.5
0.00072 780.5
0.00073 780.5
0.00074 780.5
0.00075 780.5
0.00076 780.5
0.00077 780.5
0.00078 780.5
0.00079 780.5
0.00080 780.5
0.00081 780.5
0.00082 780.5
0.00083 780.5
0.00084 780.5
0.00085 780.5
0.00086 780.5
0.00087 780.5
0.00088 780.5
0.00089 780.5
0.00090 780.5
0.00091 780.5
0.00092 780.5
0.00093 780.5
0.00094 780.5
0.00095 780.5
0.00096 780.5
0.00097 780.5
0.00098 780.5
0.00099 780.5
0.00100 780.5
0.00101 796.5
0.00102 812.8
0.00103 829.4
0.00104 846.3
0.00105 863.4
0.00106 880.9
0.00107 898.6
0.00108 916.7
0.00109 935.1
0.00110 953.8
0.00111 972.8
0.00112 992.1
0.00113 1011.8
0.00114 1031.8
0.00115 1052.1
0.00116 1072.8
0.00117 1093.9
0.00118 1115.3
0.00119 1137.1
0.00120 1159.3
0.00121 1182.0
0.00122 1205.0
0.00123 1228.5
0.00124 1252.4
0.00125 1276.9
0.00126 1301.8
0.00127 1327.3
0.00128 1353.3
0.00129 1380.0
0.00130 1407.3
0.00131 1435.4
0.00132 1464.3
0.00133 1494.0
0.00134 1524.7
0.00135 1556.5
0.00136 1589.5
0.00137 1623.8
0.00138 1659.7
0.00139 1697.3
0.00140 1736.8
0.00141 1778.7
0.00142 1823.1
0.00143 1870.6
0.00144 1921.5
0.00145 1976.6
0.00146 2036.5
0.00147 2102.0
0.00148 2174.2
0.00149 2254.3
0.00150 2343.9
0.00151 2395.9
0.00152 2458.6
0.00153 2533.4
0.00154 2622.2
0.00155 2727.0
0.00156 2850.7
0.00157 2996.1
0.00158 3166.9
0.00159 3367.1
0.00160 3601.0
0.00161 3872.8
0.00162 4186.0
0.00163 4542.1
0.00164 4939.3
0.00165 5370.9
0.00166 5824.2
0.00167 6281.9
0.00168 6724.4
0.00169 7134.8
0.00170 7501.4
0.00171 7819.0
0.00172 8087.5
0.00173 8310.2
0.00174 8491.7
0.00175 8636.9
0.00176 8750.5
0.00177 8836.4
0.00178 8898.0
0.00179 8938.3
0.00180 8959.5
0.00181 8963.6
0.00182 8952.3
0.00183 8926.9
0.00184 8888.5
0.00185 8838.1
0.00186 8776.5
0.00187 8704.4
0.00188 8622.5
0.00189 8531.4
0.00190 8431.5
0.00191 8323.6
0.00192 8207.9
0.00193 8085.2
0.00194 7955.7
0.00195 7820.1
0.00196 7678.9
0.00197 7532.6
0.00198 7381.6
0.00199 7226.6
0.00200 7068.1
0.00201 6906.6
0.00202 6742.7
0.00203 6577.0
0.00204 6409.8
0.00205 6241.9
0.00206 6073.7
0.00207 5905.8
0.00208 5738.5
0.00209 5572.4
0.00210 5407.9
0.00211 5245.4
0.00212 5085.3
0.00213 4927.9
0.00214 4773.5
0.00215 4622.5
0.00216 4475.0
0.00217 4331.2
0.00218 4191.4
0.00219 4055.7
0.00220 3924.1
0.00221 3796.8
0.00222 3673.8
0.00223 3555.1
0.00224 3440.8
0.00225 3330.8
0.00226 3225.0
0.00227 3123.5
0.00228 3026.0
0.00229 2932.6
0.00230 2843.2
0.00231 2757.5
0.00232 2675.6
0.00233 2597.3
0.00234 2522.4
0.00235 2450.8
0.00236 2382.5
0.00237 2317.2
0.00238 2254.8
0.00239 2195.2
0.00240 2138.3
0.00241 2083.9
0.00242 2032.0
0.00243 1982.3
0.00244 1934.9
0.00245 1889.5
0.00246 1846.1
0.00247 1804.6
0.00248 1764.8
0.00249 1726.8
0.00250 1690.3
0.00251 1655.4
0.00252 1621.9
0.00253 1589.7
0.00254 1558.9
0.00255 1529.2
0.00256 1500.8
0.00257 1473.4
0.00258 1447.2
0.00259 1421.9
0.00260 1397.6
0.00261 1374.1
0.00262 1351.6
0.00263 1329.9
0.00264 1309.0
0.00265 1288.9
0.00266 1269.4
0.00267 1250.7
0.00268 1232.7
0.00269 1215.3
0.00270 1198.5
0.00271 1182.3
0.00272 1166.7
0.00273 1151.7
0.00274 1137.2
0.00275 1123.2
0.00276 1109.7
0.00277 1096.7
0.00278 1084.1
0.00279 1072.0
0.00280 1060.3
0.00281 1049.1
0.00282 1038.2
0.00283 1027.8
0.00284 1017.7
0.00285 1008.0
0.00286 998.6
0.00287 989.6
0.00288 980.9
0.00289 972.5
0.00290 964.4
0.00291 956.6
0.00292 949.1
0.00293 941.9
0.00294 935.0
0.00295 928.3
0.00296 921.8
0.00297 915.6
0.00298 909.6
0.00299 903.8
0.00300 898.2
0.00301 892.8
0.00302 887.6
0.00303 882.6
0.00304 877.8
0.00305 873.2
0.00306 868.7
0.00307 864.4
0.00308 860.2
0.00309 856.2
0.00310 852.3
0.00311 848.5
0.00312 844.9
0.00313 841.4
0.00314 838.1
0.00315 834.8
0.00316 831.7
0.00317 828.6
0.00318 825.7
0.00319 822.8
0.00320 820.1
0.00321 817.5
0.00322 814.9
0.00323 812.4
0.00324 810.0
0.00325 807.7
0.00326 805.5
0.00327 803.3
0.00328 801.2
0.00329 799.2
0.00330 797.2
0.00331 795.3
0.00332 793.4
0.00333 791.6
0.00334 789.9
0.00335 788.2
0.00336 786.6
0.00337 785.0
0.00338 783.5
0.00339 782.0
0.00340 780.6
0.00341 779.2
0.00342 777.9
0.00343 776.6
0.00344 775.3
0.00345 774.1
0.00346 772.9
0.00347 771.7
0.00348 770.6
0.00349 769.5
0.00350 768.4
0.00351 767.4
0.00352 766.4
0.00353 765.4
0.00354 764.5
0.00355 763.6
0.00356 762.7
0.00357 761.8
0.00358 761.0
0.00359 760.2
0.00360 759.4
0.00361 758.6
0.00362 757.9
0.00363 757.1
0.00364 756.4
0.00365 755.7
0.00366 755.1
0.00367 754.4
0.00368 753.8
0.00369 753.2
0.00370 752.6
0.00371 752.0
0.00372 751.4
0.00373 750.9
0.00374 750.4
0.00375 749.8
0.00376 749.3
0.00377 748.8
0.00378 748.4
0.00379 747.9
0.00380 747.4
0.00381 747.0
0.00382 746.6
0.00383 746.1
0.00384 745.7
0.00385 745.3
0.00386 745.0
0.00387 744.6
0.00388 744.2
0.00389 743.9
0.00390 743.5
0.00391 743.2
0.00392 742.8
0.00393 742.5
0.00394 742.2
0.00395 741.9
0.00396 741.6
0.00397 741.3
0.00398 741.0
0.00399 740.8
0.00400 740.5
0.00401 740.2
0.00402 740.0
0.00403 739.7
0.00404 739.5
0.00405 739.3
0.00406 739.0
0.00407 738.8
0.00408 738.6
0.00409 738.4
0.00410 738.2
0.00411 738.0
0.00412 737.8
0.00413 737.6
0.00414 737.4
0.00415 737.2
0.00416 737.0
0.00417 736.9
0.00418 736.7
0.00419 736.5
0.00420 736.4
0.00421 736.2
0.00422 736.1
0.00423 735.9
0.00424 735.8
0.00425 735.7
0.00426 735.5
0.00427 735.4
0.00428 735.3
0.00429 735.1
0.00430 735.0
0.00431 734.9
0.00432 734.8
0.00433 734.7
0.00434 734.6
0.00435 734.5
0.00436 734.4
0.00437 734.3
0.00438 734.2
0.00439 734.1
0.00440 734.0
0.00441 733.9
0.00442 733.8
0.00443 733.7
0.00444 733.6
0.00445 733.6
0.00446 733.5
0.00447 733.4
0.00448 733.3
0.00449 733.3
0.00450 733.2
0.00451 733.1
0.00452 733.1
0.00453 733.0
0.00454 732.9
0.00455 732.9
0.00456 732.8
0.00457 732.8
0.00458 732.7
0.00459 732.7
0.00460 732.6
0.00461 732.6
0.00462 732.5
0.00463 732.5
0.00464 732.4
0.00465 732.4
0.00466 732.3
0.00467 732.3
0.00468 732.3
0.00469 732.2
0.00470 732.2
0.00471 732.2
0.00472 732.1
0.00473 732.1
0.00474 732.1
0.00475 732.0
0.00476 732.0
0.00477 732.0
0.00478 732.0
0.00479 731.9
0.00480 731.9
0.00481 731.9
0.00482 731.9
0.00483 731.9
0.00484 731.8
0.00485 731.8
0.00486 731.8
0.00487 731.8
0.00488 731.8
0.00489 731.8
0.00490 731.8
0.00491 731.7
0.00492 731.7
0.00493 731.7
0.00494 731.7
0.00495 731.7
0.00496 731.7
0.00497 731.7
0.00498 731.7
0.00499 731.7
0.00500 731.7
0.00501 731.7
0.00502 731.7
0.00503 731.7
0.00504 731.7
0.00505 731.7
0.00506 731.7
0.00507 731.7
0.00508 731.7
0.00509 731.7
0.00510 731.7
0.00511 731.7
0.00512 731.7
0.00513 731.7
0.00514 731.7
0.00515 731.7
0.00516 731.7
0.00517 731.7
0.00518 731.7
0.00519 731.7
0.00520 731.8
0.00521 731.8
0.00522 731.8
0.00523 731.8
0.00524 731.8
0.00525 731.8
0.00526 731.8
0.00527 731.8
0.00528 731.9
0.00529 731.9
0.00530 731.9
0.00531 731.9
0.00532 731.9
0.00533 731.9
0.00534 731.9
0.00535 732.0
0.00536 732.0
0.00537 732.0
0.00538 732.0
0.00539 732.0
0.00540 732.1
0.00541 732.1
0.00542 732.1
0.00543 732.1
0.00544 732.1
0.00545 732.2
0.00546 732.2
0.00547 732.2
0.00548 732.2
0.00549 732.2
0.00550 732.3
0.00551 732.3
0.00552 732.3
0.00553 732.3
0.00554 732.4
0.00555 732.4
0.00556 732.4
0.00557 732.4
0.00558 732.5
0.00559 732.5
0.00560 732.5
0.00561 732.5
0.00562 732.6
0.00563 732.6
0.00564 732.6
0.00565 732.6
0.00566 732.7
0.00567 732.7
0.00568 732.7
0.00569 732.8
0.00570 732.8
0.00571 732.8
0.00572 732.8
0.00573 732.9
0.00574 732.9
0.00575 732.9
0.00576 733.0
0.00577 733.0
0.00578 733.0
0.00579 733.1
0.00580 733.1
0.00581 733.1
0.00582 733.1
0.00583 733.2
0.00584 733.2
0.00585 733.2
0.00586 733.3
0.00587 733.3
0.00588 733.3
0.00589 733.4
0.00590 733.4
0.00591 733.4
0.00592 733.5
0.00593 733.5
0.00594 733.5
0.00595 733.6
0.00596 733.6
0.00597 733.6
0.00598 733.7
0.00599 733.7
0.00600 733.8
0.00601 733.8
0.00602 733.8
0.00603 733.9
0.00604 733.9
0.00605 733.9
0.00606 734.0
0.00607 734.0
0.00608 734.0
0.00609 734.1
0.00610 734.1
0.00611 734.2
0.00612 734.2
0.00613 734.2
0.00614 734.3
0.00615 734.3
0.00616 734.3
0.00617 734.4
0.00618 734.4
0.00619 734.5
0.00620 734.5
0.00621 734.5
0.00622 734.6
0.00623 734.6
0.00624 734.7
0.00625 734.7
0.00626 734.7
0.00627 734.8
0.00628 734.8
0.00629 734.9
0.00630 734.9
0.00631 734.9
0.00632 735.0
0.00633 735.0
0.00634 735.1
0.00635 735.1
0.00636 735.1
0.00637 735.2
0.00638 735.2
0.00639 735.3
0.00640 735.3
0.00641 735.3
0.00642 735.4
0.00643 735.4
0.00644 735.5
0.00645 735.5
0.00646 735.5
0.00647 735.6
0.00648 735.6
0.00649 735.7
0.00650 735.7
0.00651 735.8
0.00652 735.8
0.00653 735.8
0.00654 735.9
0.00655 735.9
0.00656 736.0
0.00657 736.0
0.00658 736.1
0.00659 736.1
0.00660 736.1
0.00661 736.2
0.00662 736.2
0.00663 736.3
0.00664 736.3
0.00665 736.4
0.00666 736.4
0.00667 736.4
0.00668 736.5
0.00669 736.5
0.00670 736.6
0.00671 736.6
0.00672 736.7
0.00673 736.7
0.00674 736.8
0.00675 736.8
0.00676 736.8
0.00677 736.9
0.00678 736.9
0.00679 737.0
0.00680 737.0
0.00681 737.1
0.00682 737.1
0.00683 737.2
0.00684 737.2
0.00685 737.3
0.00686 737.3
0.00687 737.3
0.00688 737.4
0.00689 737.4
0.00690 737.5
0.00691 737.5
0.00692 737.6
0.00693 737.6
0.00694 737.7
0.00695 737.7
0.00696 737.8
0.00697 737.8
0.00698 737.8
0.00699 737.9
0.00700 737.9
0.00701 738.0
0.00702 738.0
0.00703 738.1
0.00704 738.1
0.00705 738.2
0.00706 738.2
0.00707 738.3
0.00708 738.3
0.00709 738.4
0.00710 738.4
0.00711 738.4
0.00712 738.5
0.00713 738.5
0.00714 738.6
0.00715 738.6
0.00716 738.7
0.00717 738.7
0.00718 738.8
0.00719 738.8
0.00720 738.9
0.00721 738.9
0.00722 739.0
0.00723 739.0
0.00724 739.1
0.00725 739.1
0.00726 739.2
0.00727 739.2
0.00728 739.2
0.00729 739.3
0.00730 739.3
0.00731 739.4
0.00732 739.4
0.00733 739.5
0.00734 739.5
0.00735 739.6
0.00736 739.6
0.00737 739.7
0.00738 739.7
0.00739 739.8
0.00740 739.8
0.00741 739.9
0.00742 739.9
0.00743 740.0
0.00744 740.0
0.00745 740.1
0.00746 740.1
0.00747 740.2
0.00748 740.2
0.00749 740.3
0.00750 740.3
0.00751 740.3
0.00752 740.4
0.00753 740.4
0.00754 740.5
0.00755 740.5
0.00756 740.6
0.00757 740.6
0.00758 740.7
0.00759 740.7
0.00760 740.8
0.00761 740.8
0.00762 740.9
0.00763 740.9
0.00764 741.0
0.00765 741.0
0.00766 741.1
0.00767 741.1
0.00768 741.2
0.00769 741.2
0.00770 741.3
0.00771 741.3
0.00772 741.4
0.00773 741.4
0.00774 741.5
0.00775 741.5
0.00776 741.6
0.00777 741.6
0.00778 741.7
0.00779 741.7
0.00780 741.8
0.00781 741.8
0.00782 741.9
0.00783 741.9
0.00784 741.9
0.00785 742.0
0.00786 742.0
0.00787 742.1
0.00788 742.1
0.00789 742.2
0.00790 742.2
0.00791 742.3
0.00792 742.3
0.00793 742.4
0.00794 742.4
0.00795 742.5
0.00796 742.5
0.00797 742.6
0.00798 742.6
0.00799 742.7
0.00800 742.7
0.00801 742.8
0.00802 742.8
0.00803 742.9
0.00804 742.9
0.00805 743.0
0.00806 743.0
0.00807 743.1
0.00808 743.1
0.00809 743.2
0.00810 743.2
0.00811 743.3
0.00812 743.3
0.00813 743.4
0.00814 743.4
0.00815 743.5
0.00816 743.5
0.00817 743.6
0.00818 743.6
0.00819 743.7
0.00820 743.7
0.00821 743.8
0.00822 743.8
0.00823 743.9
0.00824 743.9
0.00825 744.0
0.00826 744.0
0.00827 744.1
0.00828 744.1
0.00829 744.1
0.00830 744.2
0.00831 744.2
0.00832 744.3
0.00833 744.3
0.00834 744.4
0.00835 744.4
0.00836 744.5
0.00837 744.5
0.00838 744.6
0.00839 744.6
0.00840 744.7
0.00841 744.7
0.00842 744.8
0.00843 744.8
0.00844 744.9
0.00845 744.9
0.00846 745.0
0.00847 745.0
0.00848 745.1
0.00849 745.1
0.00850 745.2
0.00851 745.2
0.00852 745.3
0.00853 745.3
0.00854 745.4
0.00855 745.4
0.00856 745.5
0.00857 745.5
0.00858 745.6
0.00859 745.6
0.00860 745.7
0.00861 745.7
0.00862 745.8
0.00863 745.8
0.00864 745.9
0.00865 745.9
0.00866 745.9
0.00867 746.0
0.00868 746.0
0.00869 746.1
0.00870 746.1
0.00871 746.2
0.00872 746.2
0.00873 746.3
0.00874 746.3
0.00875 746.4
0.00876 746.4
0.00877 746.5
0.00878 746.5
0.00879 746.6
0.00880 746.6
0.00881 746.7
0.00882 746.7
0.00883 746.8
0.00884 746.8
0.00885 746.9
0.00886 746.9
0.00887 747.0
0.00888 747.0
0.00889 747.1
0.00890 747.1
0.00891 747.2
0.00892 747.2
0.00893 747.2
0.00894 747.3
0.00895 747.3
0.00896 747.4
0.00897 747.4
0.00898 747.5
0.00899 747.5
0.00900 747.6
0.00901 747.6
0.00902 747.7
0.00903 747.7
0.00904 747.8
0.00905 747.8
0.00906 747.9
0.00907 747.9
0.00908 748.0
0.00909 748.0
0.00910 748.1
0.00911 748.1
0.00912 748.2
0.00913 748.2
0.00914 748.3
0.00915 748.3
0.00916 748.3
0.00917 748.4
0.00918 748.4
0.00919 748.5
0.00920 748.5
0.00921 748.6
0.00922 748.6
0.00923 748.7
0.00924 748.7
0.00925 748.8
0.00926 748.8
0.00927 748.9
0.00928 748.9
0.00929 749.0
0.00930 749.0
0.00931 749.1
0.00932 749.1
0.00933 749.1
0.00934 749.2
0.00935 749.2
0.00936 749.3
0.00937 749.3
0.00938 749.4
0.00939 749.4
0.00940 749.5
0.00941 749.5
0.00942 749.6
0.00943 749.6
0.00944 749.7
0.00945 749.7
0.00946 749.8
0.00947 749.8
0.00948 749.8
0.00949 749.9
0.00950 749.9
0.00951 750.0
0.00952 750.0
0.00953 750.1
0.00954 750.1
0.00955 750.2
0.00956 750.2
0.00957 750.3
0.00958 750.3
0.00959 750.4
0.00960 750.4
0.00961 750.4
0.00962 750.5
0.00963 750.5
0.00964 750.6
0.00965 750.6
0.00966 750.7
0.00967 750.7
0.00968 750.8
0.00969 750.8
0.00970 750.9
0.00971 750.9
0.00972 750.9
0.00973 751.0
0.00974 751.0
0.00975 751.1
0.00976 751.1
0.00977 751.2
0.00978 751.2
0.00979 751.3
0.00980 751.3
0.00981 751.4
0.00982 751.4
0.00983 751.4
0.00984 751.5
0.00985 751.5
0.00986 751.6
0.00987 751.6
0.00988 751.7
0.00989 751.7
0.00990 751.8
0.00991 751.8
0.00992 751.8
0.00993 751.9
0.00994 751.9
0.00995 752.0
0.00996 752.0
0.00997 752.1
0.00998 752.1
0.00999 752.2
0.01000 752.2
0.01001 752.2
0.01002 752.3
0.01003 752.3
0.01004 752.4
0.01005 752.4
0.01006 752.5
0.01007 752.5
0.01008 752.6
0.01009 752.6
0.01010 752.6
0.01011 752.7
0.01012 752.7
0.01013 752.8
0.01014 752.8
0.01015 752.9
0.01016 752.9
0.01017 753.0
0.01018 753.0
0.01019 753.0
0.01020 753.1
0.01021 753.1
0.01022 753.2
0.01023 753.2
0.01024 753.3
0.01025 753.3
0.01026 753.3
0.01027 753.4
0.01028 753.4
0.01029 753.5
0.01030 753.5
0.01031 753.6
0.01032 753.6
0.01033 753.6
0.01034 753.7
0.01035 753.7
0.01036 753.8
0.01037 753.8
0.01038 753.9
0.01039 753.9
0.01040 753.9
0.01041 754.0
0.01042 754.0
0.01043 754.1
0.01044 754.1
0.01045 754.2
0.01046 754.2
0.01047 754.2
0.01048 754.3
0.01049 754.3
0.01050 754.4
0.01051 754.4
0.01052 754.5
0.01053 754.5
0.01054 754.5
0.01055 754.6
0.01056 754.6
0.01057 754.7
0.01058 754.7
0.01059 754.7
0.01060 754.8
0.01061 754.8
0.01062 754.9
0.01063 754.9
0.01064 755.0
0.01065 755.0
0.01066 755.0
0.01067 755.1
0.01068 755.1
0.01069 755.2
0.01070 755.2
0.01071 755.2
0.01072 755.3
0.01073 755.3
0.01074 755.4
0.01075 755.4
0.01076 755.4
0.01077 755.5
0.01078 755.5
0.01079 755.6
0.01080 755.6
0.01081 755.7
0.01082 755.7
0.01083 755.7
0.01084 755.8
0.01085 755.8
0.01086 755.9
0.01087 755.9
0.01088 755.9
0.01089 756.0
0.01090 756.0
0.01091 756.1
0.01092 756.1
0.01093 756.1
0.01094 756.2
0.01095 756.2
0.01096 756.3
0.01097 756.3
0.01098 756.3
0.01099 756.4
0.01100 756.4
0.01101 756.5
0.01102 756.5
0.01103 756.5
0.01104 756.6
0.01105 756.6
0.01106 756.7
0.01107 756.7
0.01108 756.7
0.01109 756.8
0.01110 756.8
0.01111 756.9
0.01112 756.9
0.01113 756.9
0.01114 757.0
0.01115 757.0
0.01116 757.0
0.01117 757.1
0.01118 757.1
0.01119 757.2
0.01120 757.2
0.01121 757.2
0.01122 757.3
0.01123 757.3
0.01124 757.4
0.01125 757.4
0.01126 757.4
0.01127 757.5
0.01128 757.5
0.01129 757.6
0.01130 757.6
0.01131 757.6
0.01132 757.7
0.01133 757.7
0.01134 757.7
0.01135 757.8
0.01136 757.8
0.01137 757.9
0.01138 757.9
0.01139 757.9
0.01140 758.0
0.01141 758.0
0.01142 758.0
0.01143 758.1
0.01144 758.1
0.01145 758.2
0.01146 758.2
0.01147 758.2
0.01148 758.3
0.01149 758.3
0.01150 758.3
0.01151 758.4
0.01152 758.4
0.01153 758.5
0.01154 758.5
0.01155 758.5
0.01156 758.6
0.01157 758.6
0.01158 758.6
0.01159 758.7
0.01160 758.7
0.01161 758.8
0.01162 758.8
0.01163 758.8
0.01164 758.9
0.01165 758.9
0.01166 758.9
0.01167 759.0
0.01168 759.0
0.01169 759.0
0.01170 759.1
0.01171 759.1
0.01172 759.2
0.01173 759.2
0.01174 759.2
0.01175 759.3
0.01176 759.3
0.01177 759.3
0.01178 759.4
0.01179 759.4
0.01180 759.4
0.01181 759.5
0.01182 759.5
0.01183 759.6
0.01184 759.6
0.01185 759.6
0.01186 759.7
0.01187 759.7
0.01188 759.7
0.01189 759.8
0.01190 759.8
0.01191 759.8
0.01192 759.9
0.01193 759.9
0.01194 759.9
0.01195 760.0
0.01196 760.0
0.01197 760.0
0.01198 760.1
0.01199 760.1
0.01200 760.2
0.01201 760.2
0.01202 760.2
0.01203 760.3
0.01204 760.3
0.01205 760.3
0.01206 760.4
0.01207 760.4
0.01208 760.4
0.01209 760.5
0.01210 760.5
0.01211 760.5
0.01212 760.6
0.01213 760.6
0.01214 760.6
0.01215 760.7
0.01216 760.7
0.01217 760.7
0.01218 760.8
0.01219 760.8
0.01220 760.8
0.01221 760.9
0.01222 760.9
0.01223 760.9
0.01224 761.0
0.01225 761.0
0.01226 761.0
0.01227 761.1
0.01228 761.1
0.01229 761.1
0.01230 761.2
0.01231 761.2
0.01232 761.2
0.01233 761.3
0.01234 761.3
0.01235 761.3
0.01236 761.4
0.01237 761.4
0.01238 761.4
0.01239 761.5
0.01240 761.5
0.01241 761.5
0.01242 761.6
0.01243 761.6
0.01244 761.6
0.01245 761.7
0.01246 761.7
0.01247 761.7
0.01248 761.8
0.01249 761.8
0.01250 761.8
0.01251 761.9
0.01252 761.9
0.01253 761.9
0.01254 762.0
0.01255 762.0
0.01256 762.0
0.01257 762.1
0.01258 762.1
0.01259 762.1
0.01260 762.2
0.01261 762.2
0.01262 762.2
0.01263 762.3
0.01264 762.3
0.01265 762.3
0.01266 762.3
0.01267 762.4
0.01268 762.4
0.01269 762.4
0.01270 762.5
0.01271 762.5
0.01272 762.5
0.01273 762.6
0.01274 762.6
0.01275 762.6
0.01276 762.7
0.01277 762.7
0.01278 762.7
0.01279 762.8
0.01280 762.8
0.01281 762.8
0.01282 762.8
0.01283 762.9
0.01284 762.9
0.01285 762.9
0.01286 763.0
0.01287 763.0
0.01288 763.0
0.01289 763.1
0.01290 763.1
0.01291 763.1
0.01292 763.2
0.01293 763.2
0.01294 763.2
0.01295 763.2
0.01296 763.3
0.01297 763.3
0.01298 763.3
0.01299 763.4
0.01300 763.4
0.01301 763.4
0.01302 763.5
0.01303 763.5
0.01304 763.5
0.01305 763.5
0.01306 763.6
0.01307 763.6
0.01308 763.6
0.01309 763.7
0.01310 763.7
0.01311 763.7
0.01312 763.8
0.01313 763.8
0.01314 763.8
0.01315 763.8
0.01316 763.9
0.01317 763.9
0.01318 763.9
0.01319 764.0
0.01320 764.0
0.01321 764.0
0.01322 764.0
0.01323 764.1
0.01324 764.1
0.01325 764.1
0.01326 764.2
0.01327 764.2
0.01328 764.2
0.01329 764.2
0.01330 764.3
0.01331 764.3
0.01332 764.3
0.01333 764.4
0.01334 764.4
0.01335 764.4
0.01336 764.4
0.01337 764.5
0.01338 764.5
0.01339 764.5
0.01340 764.6
0.01341 764.6
0.01342 764.6
0.01343 764.6
0.01344 764.7
0.01345 764.7
0.01346 764.7
0.01347 764.8
0.01348 764.8
0.01349 764.8
0.01350 764.8
0.01351 764.9
0.01352 764.9
0.01353 764.9
0.01354 764.9
0.01355 765.0
0.01356 765.0
0.01357 765.0
0.01358 765.1
0.01359 765.1
0.01360 765.1
0.01361 765.1
0.01362 765.2
0.01363 765.2
0.01364 765.2
0.01365 765.2
0.01366 765.3
0.01367 765.3
0.01368 765.3
0.01369 765.4
0.01370 765.4
0.01371 765.4
0.01372 765.4
0.01373 765.5
0.01374 765.5
0.01375 765.5
0.01376 765.5
0.01377 765.6
0.01378 765.6
0.01379 765.6
0.01380 765.6
0.01381 765.7
0.01382 765.7
0.01383 765.7
0.01384 765.7
0.01385 765.8
0.01386 765.8
0.01387 765.8
0.01388 765.9
0.01389 765.9
0.01390 765.9
0.01391 765.9
0.01392 766.0
0.01393 766.0
0.01394 766.0
0.01395 766.0
0.01396 766.1
0.01397 766.1
0.01398 766.1
0.01399 766.1
0.01400 766.2
0.01401 766.2
0.01402 766.2
0.01403 766.2
0.01404 766.3
0.01405 766.3
0.01406 766.3
0.01407 766.3
0.01408 766.4
0.01409 766.4
0.01410 766.4
0.01411 766.4
0.01412 766.5
0.01413 766.5
0.01414 766.5
0.01415 766.5
0.01416 766.6
0.01417 766.6
0.01418 766.6
0.01419 766.6
0.01420 766.7
0.01421 766.7
0.01422 766.7
0.01423 766.7
0.01424 766.8
0.01425 766.8
0.01426 766.8
0.01427 766.8
0.01428 766.9
0.01429 766.9
0.01430 766.9
0.01431 766.9
0.01432 767.0
0.01433 767.0
0.01434 767.0
0.01435 767.0
0.01436 767.0
0.01437 767.1
0.01438 767.1
0.01439 767.1
0.01440 767.1
0.01441 767.2
0.01442 767.2
0.01443 767.2
0.01444 767.2
0.01445 767.3
0.01446 767.3
0.01447 767.3
0.01448 767.3
0.01449 767.4
0.01450 767.4
0.01451 767.4
0.01452 767.4
0.01453 767.4
0.01454 767.5
0.01455 767.5
0.01456 767.5
0.01457 767.5
0.01458 767.6
0.01459 767.6
0.01460 767.6
0.01461 767.6
0.01462 767.7
0.01463 767.7
0.01464 767.7
0.01465 767.7
0.01466 767.7
0.01467 767.8
0.01468 767.8
0.01469 767.8
0.01470 767.8
0.01471 767.9
0.01472 767.9
0.01473 767.9
0.01474 767.9
0.01475 767.9
0.01476 768.0
0.01477 768.0
0.01478 768.0
0.01479 768.0
0.01480 768.1
0.01481 768.1
0.01482 768.1
0.01483 768.1
0.01484 768.1
0.01485 768.2
0.01486 768.2
0.01487 768.2
0.01488 768.2
0.01489 768.3
0.01490 768.3
0.01491 768.3
0.01492 768.3
0.01493 768.3
0.01494 768.4
0.01495 768.4
0.01496 768.4
0.01497 768.4
0.01498 768.5
0.01499 768.5
0.01500 768.5
0.01501 768.5
0.01502 768.5
0.01503 768.6
0.01504 768.6
0.01505 768.6
0.01506 768.6
0.01507 768.6
0.01508 768.7
0.01509 768.7
0.01510 768.7
0.01511 768.7
0.01512 768.7
0.01513 768.8
0.01514 768.8
0.01515 768.8
0.01516 768.8
0.01517 768.9
0.01518 768.9
0.01519 768.9
0.01520 768.9
0.01521 768.9
0.01522 769.0
0.01523 769.0
0.01524 769.0
0.01525 769.0
0.01526 769.0
0.01527 769.1
0.01528 769.1
0.01529 769.1
0.01530 769.1
0.01531 769.1
0.01532 769.2
0.01533 769.2
0.01534 769.2
0.01535 769.2
0.01536 769.2
0.01537 769.3
0.01538 769.3
0.01539 769.3
0.01540 769.3
0.01541 769.3
0.01542 769.4
0.01543 769.4
0.01544 769.4
0.01545 769.4
0.01546 769.4
0.01547 769.5
0.01548 769.5
0.01549 769.5
0.01550 769.5
0.01551 769.5
0.01552 769.6
0.01553 769.6
0.01554 769.6
0.01555 769.6
0.01556 769.6
0.01557 769.7
0.01558 769.7
0.01559 769.7
0.01560 769.7
0.01561 769.7
0.01562 769.7
0.01563 769.8
0.01564 769.8
0.01565 769.8
0.01566 769.8
0.01567 769.8
0.01568 769.9
0.01569 769.9
0.01570 769.9
0.01571 769.9
0.01572 769.9
0.01573 770.0
0.01574 770.0
0.01575 770.0
0.01576 770.0
0.01577 770.0
0.01578 770.0
0.01579 770.1
0.01580 770.1
0.01581 770.1
0.01582 770.1
0.01583 770.1
0.01584 770.2
0.01585 770.2
0.01586 770.2
0.01587 770.2
0.01588 770.2
0.01589 770.3
0.01590 770.3
0.01591 770.3
0.01592 770.3
0.01593 770.3
0.01594 770.3
0.01595 770.4
0.01596 770.4
0.01597 770.4
0.01598 770.4
0.01599 770.4
0.01600 770.4
0.01601 770.5
0.01602 770.5
0.01603 770.5
0.01604 770.5
0.01605 770.5
0.01606 770.6
0.01607 770.6
0.01608 770.6
0.01609 770.6
0.01610 770.6
0.01611 770.6
0.01612 770.7
0.01613 770.7
0.01614 770.7
0.01615 770.7
0.01616 770.7
0.01617 770.7
0.01618 770.8
0.01619 770.8
0.01620 770.8
0.01621 770.8
0.01622 770.8
0.01623 770.9
0.01624 770.9
0.01625 770.9
0.01626 770.9
0.01627 770.9
0.01628 770.9
0.01629 771.0
0.01630 771.0
0.01631 771.0
0.01632 771.0
0.01633 771.0
0.01634 771.0
0.01635 771.1
0.01636 771.1
0.01637 771.1
0.01638 771.1
0.01639 771.1
0.01640 771.1
0.01641 771.2
0.01642 771.2
0.01643 771.2
0.01644 771.2
0.01645 771.2
0.01646 771.2
0.01647 771.3
0.01648 771.3
0.01649 771.3
0.01650 771.3
0.01651 771.3
0.01652 771.3
0.01653 771.3
0.01654 771.4
0.01655 771.4
0.01656 771.4
0.01657 771.4
0.01658 771.4
0.01659 771.4
0.01660 771.5
0.01661 771.5
0.01662 771.5
0.01663 771.5
0.01664 771.5
0.01665 771.5
0.01666 771.6
0.01667 771.6
0.01668 771.6
0.01669 771.6
0.01670 771.6
0.01671 771.6
0.01672 771.7
0.01673 771.7
0.01674 771.7
0.01675 771.7
0.01676 771.7
0.01677 771.7
0.01678 771.7
0.01679 771.8
0.01680 771.8
0.01681 771.8
0.01682 771.8
0.01683 771.8
0.01684 771.8
0.01685 771.9
0.01686 771.9
0.01687 771.9
0.01688 771.9
0.01689 771.9
0.01690 771.9
0.01691 771.9
0.01692 772.0
0.01693 772.0
0.01694 772.0
0.01695 772.0
0.01696 772.0
0.01697 772.0
0.01698 772.0
0.01699 772.1
0.01700 772.1
0.01701 772.1
0.01702 772.1
0.01703 772.1
0.01704 772.1
0.01705 772.2
0.01706 772.2
0.01707 772.2
0.01708 772.2
0.01709 772.2
0.01710 772.2
0.01711 772.2
0.01712 772.3
0.01713 772.3
0.01714 772.3
0.01715 772.3
0.01716 772.3
0.01717 772.3
0.01718 772.3
0.01719 772.4
0.01720 772.4
0.01721 772.4
0.01722 772.4
0.01723 772.4
0.01724 772.4
0.01725 772.4
0.01726 772.5
0.01727 772.5
0.01728 772.5
0.01729 772.5
0.01730 772.5
0.01731 772.5
0.01732 772.5
0.01733 772.6
0.01734 772.6
0.01735 772.6
0.01736 772.6
0.01737 772.6
0.01738 772.6
0.01739 772.6
0.01740 772.6
0.01741 772.7
0.01742 772.7
0.01743 772.7
0.01744 772.7
0.01745 772.7
0.01746 772.7
0.01747 772.7
0.01748 772.8
0.01749 772.8
0.01750 772.8
0.01751 772.8
0.01752 772.8
0.01753 772.8
0.01754 772.8
0.01755 772.9
0.01756 772.9
0.01757 772.9
0.01758 772.9
0.01759 772.9
0.01760 772.9
0.01761 772.9
0.01762 772.9
0.01763 773.0
0.01764 773.0
0.01765 773.0
0.01766 773.0
0.01767 773.0
0.01768 773.0
0.01769 773.0
0.01770 773.0
0.01771 773.1
0.01772 773.1
0.01773 773.1
0.01774 773.1
0.01775 773.1
0.01776 773.1
0.01777 773.1
0.01778 773.2
0.01779 773.2
0.01780 773.2
0.01781 773.2
0.01782 773.2
0.01783 773.2
0.01784 773.2
0.01785 773.2
0.01786 773.3
0.01787 773.3
0.01788 773.3
0.01789 773.3
0.01790 773.3
0.01791 773.3
0.01792 773.3
0.01793 773.3
0.01794 773.4
0.01795 773.4
0.01796 773.4
0.01797 773.4
0.01798 773.4
0.01799 773.4
0.01800 773.4
0.01801 773.4
0.01802 773.5
0.01803 773.5
0.01804 773.5
0.01805 773.5
0.01806 773.5
0.01807 773.5
0.01808 773.5
0.01809 773.5
0.01810 773.5
0.01811 773.6
0.01812 773.6
0.01813 773.6
0.01814 773.6
0.01815 773.6
0.01816 773.6
0.01817 773.6
0.01818 773.6
0.01819 773.7
0.01820 773.7
0.01821 773.7
0.01822 773.7
0.01823 773.7
0.01824 773.7
0.01825 773.7
0.01826 773.7
0.01827 773.7
0.01828 773.8
0.01829 773.8
0.01830 773.8
0.01831 773.8
0.01832 773.8
0.01833 773.8
0.01834 773.8
0.01835 773.8
0.01836 773.9
0.01837 773.9
0.01838 773.9
0.01839 773.9
0.01840 773.9
0.01841 773.9
0.01842 773.9
0.01843 773.9
0.01844 773.9
0.01845 774.0
0.01846 774.0
0.01847 774.0
0.01848 774.0
0.01849 774.0
0.01850 774.0
0.01851 774.0
0.01852 774.0
0.01853 774.0
0.01854 774.1
0.01855 774.1
0.01856 774.1
0.01857 774.1
0.01858 774.1
0.01859 774.1
0.01860 774.1
0.01861 774.1
0.01862 774.1
0.01863 774.2
0.01864 774.2
0.01865 774.2
0.01866 774.2
0.01867 774.2
0.01868 774.2
0.01869 774.2
0.01870 774.2
0.01871 774.2
0.01872 774.3
0.01873 774.3
0.01874 774.3
0.01875 774.3
0.01876 774.3
0.01877 774.3
0.01878 774.3
0.01879 774.3
0.01880 774.3
0.01881 774.3
0.01882 774.4
0.01883 774.4
0.01884 774.4
0.01885 774.4
0.01886 774.4
0.01887 774.4
0.01888 774.4
0.01889 774.4
0.01890 774.4
0.01891 774.5
0.01892 774.5
0.01893 774.5
0.01894 774.5
0.01895 774.5
0.01896 774.5
0.01897 774.5
0.01898 774.5
0.01899 774.5
0.01900 774.5
0.01901 774.6
0.01902 774.6
0.01903 774.6
0.01904 774.6
0.01905 774.6
0.01906 774.6
0.01907 774.6
0.01908 774.6
0.01909 774.6
0.01910 774.6
0.01911 774.7
0.01912 774.7
0.01913 774.7
0.01914 774.7
0.01915 774.7
0.01916 774.7
0.01917 774.7
0.01918 774.7
0.01919 774.7
0.01920 774.7
0.01921 774.8
0.01922 774.8
0.01923 774.8
0.01924 774.8
0.01925 774.8
0.01926 774.8
0.01927 774.8
0.01928 774.8
0.01929 774.8
0.01930 774.8
0.01931 774.8
0.01932 774.9
0.01933 774.9
0.01934 774.9
0.01935 774.9
0.01936 774.9
0.01937 774.9
0.01938 774.9
0.01939 774.9
0.01940 774.9
0.01941 774.9
0.01942 775.0
0.01943 775.0
0.01944 775.0
0.01945 775.0
0.01946 775.0
0.01947 775.0
0.01948 775.0
0.01949 775.0
0.01950 775.0
0.01951 775.0
0.01952 775.0
0.01953 775.1
0.01954 775.1
0.01955 775.1
0.01956 775.1
0.01957 775.1
0.01958 775.1
0.01959 775.1
0.01960 775.1
0.01961 775.1
0.01962 775.1
0.01963 775.1
0.01964 775.2
0.01965 775.2
0.01966 775.2
0.01967 775.2
0.01968 775.2
0.01969 775.2
0.01970 775.2
0.01971 775.2
0.01972 775.2
0.01973 775.2
0.01974 775.2
0.01975 775.3
0.01976 775.3
0.01977 775.3
0.01978 775.3
0.01979 775.3
0.01980 775.3
0.01981 775.3
0.01982 775.3
0.01983 775.3
0.01984 775.3
0.01985 775.3
0.01986 775.3
0.01987 775.4
0.01988 775.4
0.01989 775.4
0.01990 775.4
0.01991 775.4
0.01992 775.4
0.01993 775.4
0.01994 775.4
0.01995 775.4
0.01996 775.4
0.01997 775.4
0.01998 775.5
0.01999 775.5
0.02000 780.5
0.02001 780.5
0.02002 780.5
0.02003 780.5
0.02004 780.5
0.02005 780.5
0.02006 780.5
0.02007 780.5
0.02008 780.5
0.02009 780.5
0.02010 780.5
0.02011 780.5
0.02012 780.5
0.02013 780.5
0.02014 780.5
0.02015 780.5
0.02016 780.5
0.02017 780.5
0.02018 780.5
0.02019 780.5
0.02020 780.5
0.02021 780.5
0.02022 780.5
0.02023 780.5
0.02024 780.5
0.02025 780.5
0.02026 780.5
0.02027 780.5
0.02028 780.5
0.02029 780.5
0.02030 780.5
0.02031 780.5
0.02032 780.5
0.02033 780.5
0.02034 780.5
0.02035 780.5
0.02036 780.5
0.02037 780.5
0.02038 780.5
0.02039 780.5
0.02040 780.5
0.02041 780.5
0.02042 780.5
0.02043 780.5
0.02044 780.5
0.02045 780.5
0.02046 780.5
0.02047 780.5
0.02048 780.5
0.02049 780.5
0.02050 780.5
0.02051 780.5
0.02052 780.5
0.02053 780.5
0.02054 780.5
0.02055 780.5
0.02056 780.5
0.02057 780.5
0.02058 780.5
0.02059 780.5
0.02060 780.5
0.02061 780.5
0.02062 780.5
0.02063 780.5
0.02064 780.5
0.02065 780.5
0.02066 780.5
0.02067 780.5
0.02068 780.5
0.02069 780.5
0.02070 780.5
0.02071 780.5
0.02072 780.5
0.02073 780.5
0.02074 780.5
0.02075 780.5
0.02076 780.5
0.02077 780.5
0.02078 780.5
0.02079 780.5
0.02080 780.5
0.02081 780.5
0.02082 780.5
0.02083 780.5
0.02084 780.5
0.02085 780.5
0.02086 780.5
0.02087 780.5
0.02088 780.5
0.02089 780.5
0.02090 780.5
0.02091 780.5
0.02092 780.5
0.02093 780.5
0.02094 780.5
0.02095 780.5
0.02096 780.5
0.02097 780.5
0.02098 780.5
0.02099 780.5
0.02100 780.5
0.02101 796.5
0.02102 812.8
0.02103 829.4
0.02104 846.3
0.02105 863.4
0.02106 880.9
0.02107 898.6
0.02108 916.7
0.02109 935.1
0.02110 953.8
0.02111 972.8
0.02112 992.1
0.02113 1011.8
0.02114 1031.8
0.02115 1052.1
0.02116 1072.8
0.02117 1093.9
0.02118 1115.3
0.02119 1137.1
0.02120 1159.3
0.02121 1182.0
0.02122 1205.0
0.02123 1228.5
0.02124 1252.4
0.02125 1276.9
0.02126 1301.8
0.02127 1327.3
0.02128 1353.3
0.02129 1380.0
0.02130 1407.3
0.02131 1435.4
0.02132 1464.3
0.02133 1494.0
0.02134 1524.7
0.02135 1556.5
0.02136 1589.5
0.02137 1623.8
0.02138 1659.7
0.02139 1697.3
0.02140 1736.8
0.02141 1778.7
0.02142 1823.1
0.02143 1870.6
0.02144 1921.5
0.02145 1976.6
0.02146 2036.5
0.02147 2102.0
0.02148 2174.2
0.02149 2254.3
0.02150 2343.9
0.02151 2395.9
0.02152 2458.6
0.02153 2533.4
0.02154 2622.2
0.02155 2727.0
0.02156 2850.7
0.02157 2996.1
0.02158 3166.9
0.02159 3367.1
0.02160 3601.0
0.02161 3872.8
0.02162 4186.0
0.02163 4542.1
0.02164 4939.3
0.02165 5370.9
0.02166 5824.2
0.02167 6281.9
0.02168 6724.4
0.02169 7134.8
0.02170 7501.4
0.02171 7819.0
0.02172 8087.5
0.02173 8310.2
0.02174 8491.7
0.02175 8636.9
0.02176 8750.5
0.02177 8836.4
0.02178 8898.0
0.02179 8938.3
0.02180 8959.5
0.02181 8963.6
0.02182 8952.3
0.02183 8926.9
0.02184 8888.5
0.02185 8838.1
0.02186 8776.5
0.02187 8704.4
0.02188 8622.5
0.02189 8531.4
0.02190 8431.5
0.02191 8323.6
0.02192 8207.9
0.02193 8085.2
0.02194 7955.7
0.02195 7820.1
0.02196 7678.9
0.02197 7532.6
0.02198 7381.6
0.02199 7226.6
0.02200 7068.1
0.02201 6906.6
0.02202 6742.7
0.02203 6577.0
0.02204 6409.8
0.02205 6241.9
0.02206 6073.7
0.02207 5905.8
0.02208 5738.5
0.02209 5572.4
0.02210 5407.9
0.02211 5245.4
0.02212 5085.3
0.02213 4927.9
0.02214 4773.5
0.02215 4622.5
0.02216 4475.0
0.02217 4331.2
0.02218 4191.4
0.02219 4055.7
0.02220 3924.1
0.02221 3796.8
0.02222 3673.8
0.02223 3555.1
0.02224 3440.8
0.02225 3330.8
0.02226 3225.0
0.02227 3123.5
0.02228 3026.0
0.02229 2932.6
0.02230 2843.2
0.02231 2757.5
0.02232 2675.6
0.02233 2597.3
0.02234 2522.4
0.02235 2450.8
0.02236 2382.5
0.02237 2317.2
0.02238 2254.8
0.02239 2195.2
0.02240 2138.3
0.02241 2083.9
0.02242 2032.0
0.02243 1982.3
0.02244 1934.9
0.02245 1889.5
0.02246 1846.1
0.02247 1804.6
0.02248 1764.8
0.02249 1726.8
0.02250 1690.3
0.02251 1655.4
0.02252 1621.9
0.02253 1589.7
0.02254 1558.9
0.02255 1529.2
0.02256 1500.8
0.02257 1473.4
0.02258 1447.2
0.02259 1421.9
0.02260 1397.6
0.02261 1374.1
0.02262 1351.6
0.02263 1329.9
0.02264 1309.0
0.02265 1288.9
0.02266 1269.4
0.02267 1250.7
0.02268 1232.7
0.02269 1215.3
0.02270 1198.5
0.02271 1182.3
0.02272 1166.7
0.02273 1151.7
0.02274 1137.2
0.02275 1123.2
0.02276 1109.7
0.02277 1096.7
0.02278 1084.1
0.02279 1072.0
0.02280 1060.3
0.02281 1049.1
0.02282 1038.2
0.02283 1027.8
0.02284 1017.7
0.02285 1008.0
0.02286 998.6
0.02287 989.6
0.02288 980.9
0.02289 972.5
0.02290 964.4
0.02291 956.6
0.02292 949.1
0.02293 941.9
0.02294 935.0
0.02295 928.3
0.02296 921.8
0.02297 915.6
0.02298 909.6
0.02299 903.8
0.02300 898.2
0.02301 892.8
0.02302 887.6
0.02303 882.6
0.02304 877.8
0.02305 873.2
0.02306 868.7
0.02307 864.4
0.02308 860.2
0.02309 856.2
0.02310 852.3
0.02311 848.5
0.02312 844.9
0.02313 841.4
0.02314 838.1
0.02315 834.8
0.02316 831.7
0.02317 828.6
0.02318 825.7
0.02319 822.8
0.02320 820.1
0.02321 817.5
0.02322 814.9
0.02323 812.4
0.02324 810.0
0.02325 807.7
0.02326 805.5
0.02327 803.3
0.02328 801.2
0.02329 799.2
0.02330 797.2
0.02331 795.3
0.02332 793.4
0.02333 791.6
0.02334 789.9
0.02335 788.2
0.02336 786.6
0.02337 785.0
0.02338 783.5
0.02339 782.0
0.02340 780.6
0.02341 779.2
0.02342 777.9
0.02343 776.6
0.02344 775.3
0.02345 774.1
0.02346 772.9
0.02347 771.7
0.02348 770.6
0.02349 769.5
0.02350 768.4
0.02351 767.4
0.02352 766.4
0.02353 765.4
0.02354 764.5
0.02355 763.6
0.02356 762.7
0.02357 761.8
0.02358 761.0
0.02359 760.2
0.02360 759.4
0.02361 758.6
0.02362 757.9
0.02363 757.1
0.02364 756.4
0.02365 755.7
0.02366 755.1
0.02367 754.4
0.02368 753.8
0.02369 753.2
0.02370 752.6
0.02371 752.0
0.02372 751.4
0.02373 750.9
0.02374 750.4
0.02375 749.8
0.02376 749.3
0.02377 748.8
0.02378 748.4
0.02379 747.9
0.02380 747.4
0.02381 747.0
0.02382 746.6
0.02383 746.1
0.02384 745.7
0.02385 745.3
0.02386 745.0
0.02387 744.6
0.02388 744.2
0.02389 743.9
0.02390 743.5
0.02391 743.2
0.02392 742.8
0.02393 742.5
0.02394 742.2
0.02395 741.9
0.02396 741.6
0.02397 741.3
0.02398 741.0
0.02399 740.8
0.02400 740.5
0.02401 740.2
0.02402 740.0
0.02403 739.7
0.02404 739.5
0.02405 739.3
0.02406 739.0
0.02407 738.8
0.02408 738.6
0.02409 738.4
0.02410 738.2
0.02411 738.0
0.02412 737.8
0.02413 737.6
0.02414 737.4
0.02415 737.2
0.02416 737.0
0.02417 736.9
0.02418 736.7
0.02419 736.5
0.02420 736.4
0.02421 736.2
0.02422 736.1
0.02423 735.9
0.02424 735.8
0.02425 735.7
0.02426 735.5
0.02427 735.4
0.02428 735.3
0.02429 735.1
0.02430 735.0
0.02431 734.9
0.02432 734.8
0.02433 734.7
0.02434 734.6
0.02435 734.5
0.02436 734.4
0.02437 734.3
0.02438 734.2
0.02439 734.1
0.02440 734.0
0.02441 733.9
0.02442 733.8
0.02443 733.7
0.02444 733.6
0.02445 733.6
0.02446 733.5
0.02447 733.4
0.02448 733.3
0.02449 733.3
0.02450 733.2
0.02451 733.1
0.02452 733.1
0.02453 733.0
0.02454 732.9
0.02455 732.9
0.02456 732.8
0.02457 732.8
0.02458 732.7
0.02459 732.7
0.02460 732.6
0.02461 732.6
0.02462 732.5
0.02463 732.5
0.02464 732.4
0.02465 732.4
0.02466 732.3
0.02467 732.3
0.02468 732.3
0.02469 732.2
0.02470 732.2
0.02471 732.2
0.02472 732.1
0.02473 732.1
0.02474 732.1
0.02475 732.0
0.02476 732.0
0.02477 732.0
0.02478 732.0
0.02479 731.9
0.02480 731.9
0.02481 731.9
0.02482 731.9
0.02483 731.9
0.02484 731.8
0.02485 731.8
0.02486 731.8
0.02487 731.8
0.02488 731.8
0.02489 731.8
0.02490 731.8
0.02491 731.7
0.02492 731.7
0.02493 731.7
0.02494 731.7
0.02495 731.7
0.02496 731.7
0.02497 731.7
0.02498 731.7
0.02499 731.7
0.02500 731.7
0.02501 731.7
0.02502 731.7
0.02503 731.7
0.02504 731.7
0.02505 731.7
0.02506 731.7
0.02507 731.7
0.02508 731.7
0.02509 731.7
0.02510 731.7
0.02511 731.7
0.02512 731.7
0.02513 731.7
0.02514 731.7
0.02515 731.7
0.02516 731.7
0.02517 731.7
0.02518 731.7
0.02519 731.7
0.02520 731.8
0.02521 731.8
0.02522 731.8
0.02523 731.8
0.02524 731.8
0.02525 731.8
0.02526 731.8
0.02527 731.8
0.02528 731.9
0.02529 731.9
0.02530 731.9
0.02531 731.9
0.02532 731.9
0.02533 731.9
0.02534 731.9
0.02535 732.0
0.02536 732.0
0.02537 732.0
0.02538 732.0
0.02539 732.0
0.02540 732.1
0.02541 732.1
0.02542 732.1
0.02543 732.1
0.02544 732.1
0.02545 732.2
0.02546 732.2
0.02547 732.2
0.02548 732.2
0.02549 732.2
0.02550 732.3
0.02551 732.3
0.02552 732.3
0.02553 732.3
0.02554 732.4
0.02555 732.4
0.02556 732.4
0.02557 732.4
0.02558 732.5
0.02559 732.5
0.02560 732.5
0.02561 732.5
0.02562 732.6
0.02563 732.6
0.02564 732.6
0.02565 732.6
0.02566 732.7
0.02567 732.7
0.02568 732.7
0.02569 732.8
0.02570 732.8
0.02571 732.8
0.02572 732.8
0.02573 732.9
0.02574 732.9
0.02575 732.9
0.02576 733.0
0.02577 733.0
0.02578 733.0
0.02579 733.1
0.02580 733.1
0.02581 733.1
0.02582 733.1
0.02583 733.2
0.02584 733.2
0.02585 733.2
0.02586 733.3
0.02587 733.3
0.02588 733.3
0.02589 733.4
0.02590 733.4
0.02591 733.4
0.02592 733.5
0.02593 733.5
0.02594 733.5
0.02595 733.6
0.02596 733.6
0.02597 733.6
0.02598 733.7
0.02599 733.7
0.02600 733.8
0.02601 733.8
0.02602 733.8
0.02603 733.9
0.02604 733.9
0.02605 733.9
0.02606 734.0
0.02607 734.0
0.02608 734.0
0.02609 734.1
0.02610 734.1
0.02611 734.2
0.02612 734.2
0.02613 734.2
0.02614 734.3
0.02615 734.3
0.02616 734.3
0.02617 734.4
0.02618 734.4
0.02619 734.5
0.02620 734.5
0.02621 734.5
0.02622 734.6
0.02623 734.6
0.02624 734.7
0.02625 734.7
0.02626 734.7
0.02627 734.8
0.02628 734.8
0.02629 734.9
0.02630 734.9
0.02631 734.9
0.02632 735.0
0.02633 735.0
0.02634 735.1
0.02635 735.1
0.02636 735.1
0.02637 735.2
0.02638 735.2
0.02639 735.3
0.02640 735.3
0.02641 735.3
0.02642 735.4
0.02643 735.4
0.02644 735.5
0.02645 735.5
0.02646 735.5
0.02647 735.6
0.02648 735.6
0.02649 735.7
0.02650 735.7
0.02651 735.8
0.02652 735.8
0.02653 735.8
0.02654 735.9
0.02655 735.9
0.02656 736.0
0.02657 736.0
0.02658 736.1
0.02659 736.1
0.02660 736.1
0.02661 736.2
0.02662 736.2
0.02663 736.3
0.02664 736.3
0.02665 736.4
0.02666 736.4
0.02667 736.4
0.02668 736.5
0.02669 736.5
0.02670 736.6
0.02671 736.6
0.02672 736.7
0.02673 736.7
0.02674 736.8
0.02675 736.8
0.02676 736.8
0.02677 736.9
0.02678 736.9
0.02679 737.0
0.02680 737.0
0.02681 737.1
0.02682 737.1
0.02683 737.2
0.02684 737.2
0.02685 737.3
0.02686 737.3
0.02687 737.3
0.02688 737.4
0.02689 737.4
0.02690 737.5
0.02691 737.5
0.02692 737.6
0.02693 737.6
0.02694 737.7
0.02695 737.7
0.02696 737.8
0.02697 737.8
0.02698 737.8
0.02699 737.9
0.02700 737.9
0.02701 738.0
0.02702 738.0
0.02703 738.1
0.02704 738.1
0.02705 738.2
0.02706 738.2
0.02707 738.3
0.02708 738.3
0.02709 738.4
0.02710 738.4
0.02711 738.4
0.02712 738.5
0.02713 738.5
0.02714 738.6
0.02715 738.6
0.02716 738.7
0.02717 738.7
0.02718 738.8
0.02719 738.8
0.02720 738.9
0.02721 738.9
0.02722 739.0
0.02723 739.0
0.02724 739.1
0.02725 739.1
0.02726 739.2
0.02727 739.2
0.02728 739.2
0.02729 739.3
0.02730 739.3
0.02731 739.4
0.02732 739.4
0.02733 739.5
0.02734 739.5
0.02735 739.6
0.02736 739.6
0.02737 739.7
0.02738 739.7
0.02739 739.8
0.02740 739.8
0.02741 739.9
0.02742 739.9
0.02743 740.0
0.02744 740.0
0.02745 740.1
0.02746 740.1
0.02747 740.2
0.02748 740.2
0.02749 740.3
0.02750 740.3
0.02751 740.3
0.02752 740.4
0.02753 740.4
0.02754 740.5
0.02755 740.5
0.02756 740.6
0.02757 740.6
0.02758 740.7
0.02759 740.7
0.02760 740.8
0.02761 740.8
0.02762 740.9
0.02763 740.9
0.02764 741.0
0.02765 741.0
0.02766 741.1
0.02767 741.1
0.02768 741.2
0.02769 741.2
0.02770 741.3
0.02771 741.3
0.02772 741.4
0.02773 741.4
0.02774 741.5
0.02775 741.5
0.02776 741.6
0.02777 741.6
0.02778 741.7
0.02779 741.7
0.02780 741.8
0.02781 741.8
0.02782 741.9
0.02783 741.9
0.02784 741.9
0.02785 742.0
0.02786 742.0
0.02787 742.1
0.02788 742.1
0.02789 742.2
0.02790 742.2
0.02791 742.3
0.02792 742.3
0.02793 742.4
0.02794 742.4
0.02795 742.5
0.02796 742.5
0.02797 742.6
0.02798 742.6
0.02799 742.7
0.02800 742.7
0.02801 742.8
0.02802 742.8
0.02803 742.9
0.02804 742.9
0.02805 743.0
0.02806 743.0
0.02807 743.1
0.02808 743.1
0.02809 743.2
0.02810 743.2
0.02811 743.3
0.02812 743.3
0.02813 743.4
0.02814 743.4
0.02815 743.5
0.02816 743.5
0.02817 743.6
0.02818 743.6
0.02819 743.7
0.02820 743.7
0.02821 743.8
0.02822 743.8
0.02823 743.9
0.02824 743.9
0.02825 744.0
0.02826 744.0
0.02827 744.1
0.02828 744.1
0.02829 744.1
0.02830 744.2
0.02831 744.2
0.02832 744.3
0.02833 744.3
0.02834 744.4
0.02835 744.4
0.02836 744.5
0.02837 744.5
0.02838 744.6
0.02839 744.6
0.02840 744.7
0.02841 744.7
0.02842 744.8
0.02843 744.8
0.02844 744.9
0.02845 744.9
0.02846 745.0
0.02847 745.0
0.02848 745.1
0.02849 745.1
0.02850 745.2
0.02851 745.2
0.02852 745.3
0.02853 745.3
0.02854 745.4
0.02855 745.4
0.02856 745.5
0.02857 745.5
0.02858 745.6
0.02859 745.6
0.02860 745.7
0.02861 745.7
0.02862 745.8
0.02863 745.8
0.02864 745.9
0.02865 745.9
0.02866 745.9
0.02867 746.0
0.02868 746.0
0.02869 746.1
0.02870 746.1
0.02871 746.2
0.02872 746.2
0.02873 746.3
0.02874 746.3
0.02875 746.4
0.02876 746.4
0.02877 746.5
0.02878 746.5
0.02879 746.6
0.02880 746.6
0.02881 746.7
0.02882 746.7
0.02883 746.8
0.02884 746.8
0.02885 746.9
0.02886 746.9
0.02887 747.0
0.02888 747.0
0.02889 747.1
0.02890 747.1
0.02891 747.2
0.02892 747.2
0.02893 747.2
0.02894 747.3
0.02895 747.3
0.02896 747.4
0.02897 747.4
0.02898 747.5
0.02899 747.5
0.02900 747.6
0.02901 747.6
0.02902 747.7
0.02903 747.7
0.02904 747.8
0.02905 747.8
0.02906 747.9
0.02907 747.9
0.02908 748.0
0.02909 748.0
0.02910 748.1
0.02911 748.1
0.02912 748.2
0.02913 748.2
0.02914 748.3
0.02915 748.3
0.02916 748.3
0.02917 748.4
0.02918 748.4
0.02919 748.5
0.02920 748.5
0.02921 748.6
0.02922 748.6
0.02923 748.7
0.02924 748.7
0.02925 748.8
0.02926 748.8
0.02927 748.9
0.02928 748.9
0.02929 749.0
0.02930 749.0
0.02931 749.1
0.02932 749.1
0.02933 749.1
0.02934 749.2
0.02935 749.2
0.02936 749.3
0.02937 749.3
0.02938 749.4
0.02939 749.4
0.02940 749.5
0.02941 749.5
0.02942 749.6
0.02943 749.6
0.02944 749.7
0.02945 749.7
0.02946 749.8
0.02947 749.8
0.02948 749.8
0.02949 749.9
0.02950 749.9
0.02951 750.0
0.02952 750.0
0.02953 750.1
0.02954 750.1
0.02955 750.2
0.02956 750.2
0.02957 750.3
0.02958 750.3
0.02959 750.4
0.02960 750.4
0.02961 750.4
0.02962 750.5
0.02963 750.5
0.02964 750.6
0.02965 750.6
0.02966 750.7
0.02967 750.7
0.02968 750.8
0.02969 750.8
0.02970 750.9
0.02971 750.9
0.02972 750.9
0.02973 751.0
0.02974 751.0
0.02975 751.1
0.02976 751.1
0.02977 751.2
0.02978 751.2
0.02979 751.3
0.02980 751.3
0.02981 751.4
0.02982 751.4
0.02983 751.4
0.02984 751.5
0.02985 751.5
0.02986 751.6
0.02987 751.6
0.02988 751.7
0.02989 751.7
0.02990 751.8
0.02991 751.8
0.02992 751.8
0.02993 751.9
0.02994 751.9
0.02995 752.0
0.02996 752.0
0.02997 752.1
0.02998 752.1
0.02999 752.2
0.03000 752.2
0.03001 752.2
0.03002 752.3
0.03003 752.3
0.03004 752.4
0.03005 752.4
0.03006 752.5
0.03007 752.5
0.03008 752.6
0.03009 752.6
0.03010 752.6
0.03011 752.7
0.03012 752.7
0.03013 752.8
0.03014 752.8
0.03015 752.9
0.03016 752.9
0.03017 753.0
0.03018 753.0
0.03019 753.0
0.03020 753.1
0.03021 753.1
0.03022 753.2
0.03023 753.2
0.03024 753.3
0.03025 753.3
0.03026 753.3
0.03027 753.4
0.03028 753.4
0.03029 753.5
0.03030 753.5
0.03031 753.6
0.03032 753.6
0.03033 753.6
0.03034 753.7
0.03035 753.7
0.03036 753.8
0.03037 753.8
0.03038 753.9
0.03039 753.9
0.03040 753.9
0.03041 754.0
0.03042 754.0
0.03043 754.1
0.03044 754.1
0.03045 754.2
0.03046 754.2
0.03047 754.2
0.03048 754.3
0.03049 754.3
0.03050 754.4
0.03051 754.4
0.03052 754.5
0.03053 754.5
0.03054 754.5
0.03055 754.6
0.03056 754.6
0.03057 754.7
0.03058 754.7
0.03059 754.7
0.03060 754.8
0.03061 754.8
0.03062 754.9
0.03063 754.9
0.03064 755.0
0.03065 755.0
0.03066 755.0
0.03067 755.1
0.03068 755.1
0.03069 755.2
0.03070 755.2
0.03071 755.2
0.03072 755.3
0.03073 755.3
0.03074 755.4
0.03075 755.4
0.03076 755.4
0.03077 755.5
0.03078 755.5
0.03079 755.6
0.03080 755.6
0.03081 755.7
0.03082 755.7
0.03083 755.7
0.03084 755.8
0.03085 755.8
0.03086 755.9
0.03087 755.9
0.03088 755.9
0.03089 756.0
0.03090 756.0
0.03091 756.1
0.03092 756.1
0.03093 756.1
0.03094 756.2
0.03095 756.2
0.03096 756.3
0.03097 756.3
0.03098 756.3
0.03099 756.4
0.03100 756.4
0.03101 756.5
0.03102 756.5
0.03103 756.5
0.03104 756.6
0.03105 756.6
0.03106 756.7
0.03107 756.7
0.03108 756.7
0.03109 756.8
0.03110 756.8
0.03111 756.9
0.03112 756.9
0.03113 756.9
0.03114 757.0
0.03115 757.0
0.03116 757.0
0.03117 757.1
0.03118 757.1
0.03119 757.2
0.03120 757.2
0.03121 757.2
0.03122 757.3
0.03123 757.3
0.03124 757.4
0.03125 757.4
0.03126 757.4
0.03127 757.5
0.03128 757.5
0.03129 757.6
0.03130 757.6
0.03131 757.6
0.03132 757.7
0.03133 757.7
0.03134 757.7
0.03135 757.8
0.03136 757.8
0.03137 757.9
0.03138 757.9
0.03139 757.9
0.03140 758.0
0.03141 758.0
0.03142 758.0
0.03143 758.1
0.03144 758.1
0.03145 758.2
0.03146 758.2
0.03147 758.2
0.03148 758.3
0.03149 758.3
0.03150 758.3
0.03151 758.4
0.03152 758.4
0.03153 758.5
0.03154 758.5
0.03155 758.5
0.03156 758.6
0.03157 758.6
0.03158 758.6
0.03159 758.7
0.03160 758.7
0.03161 758.8
0.03162 758.8
0.03163 758.8
0.03164 758.9
0.03165 758.9
0.03166 758.9
0.03167 759.0
0.03168 759.0
0.03169 759.0
0.03170 759.1
0.03171 759.1
0.03172 759.2
0.03173 759.2
0.03174 759.2
0.03175 759.3
0.03176 759.3
0.03177 759.3
0.03178 759.4
0.03179 759.4
0.03180 759.4
0.03181 759.5
0.03182 759.5
0.03183 759.6
0.03184 759.6
0.03185 759.6
0.03186 759.7
0.03187 759.7
0.03188 759.7
0.03189 759.8
0.03190 759.8
0.03191 759.8
0.03192 759.9
0.03193 759.9
0.03194 759.9
0.03195 760.0
0.03196 760.0
0.03197 760.0
0.03198 760.1
0.03199 760.1
0.03200 760.2
0.03201 760.2
0.03202 760.2
0.03203 760.3
0.03204 760.3
0.03205 760.3
0.03206 760.4
0.03207 760.4
0.03208 760.4
0.03209 760.5
0.03210 760.5
0.03211 760.5
0.03212 760.6
0.03213 760.6
0.03214 760.6
0.03215 760.7
0.03216 760.7
0.03217 760.7
0.03218 760.8
0.03219 760.8
0.03220 760.8
0.03221 760.9
0.03222 760.9
0.03223 760.9
0.03224 761.0
0.03225 761.0
0.03226 761.0
0.03227 761.1
0.03228 761.1
0.03229 761.1
0.03230 761.2
0.03231 761.2
0.03232 761.2
0.03233 761.3
0.03234 761.3
0.03235 761.3
0.03236 761.4
0.03237 761.4
0.03238 761.4
0.03239 761.5
0.03240 761.5
0.03241 761.5
0.03242 761.6
0.03243 761.6
0.03244 761.6
0.03245 761.7
0.03246 761.7
0.03247 761.7
0.03248 761.8
0.03249 761.8
0.03250 761.8
0.03251 761.9
0.03252 761.9
0.03253 761.9
0.03254 762.0
0.03255 762.0
0.03256 762.0
0.03257 762.1
0.03258 762.1
0.03259 762.1
0.03260 762.2
0.03261 762.2
0.03262 762.2
0.03263 762.3
0.03264 762.3
0.03265 762.3
0.03266 762.3
0.03267 762.4
0.03268 762.4
0.03269 762.4
0.03270 762.5
0.03271 762.5
0.03272 762.5
0.03273 762.6
0.03274 762.6
0.03275 762.6
0.03276 762.7
0.03277 762.7
0.03278 762.7
0.03279 762.8
0.03280 762.8
0.03281 762.8
0.03282 762.8
0.03283 762.9
0.03284 762.9
0.03285 762.9
0.03286 763.0
0.03287 763.0
0.03288 763.0
0.03289 763.1
0.03290 763.1
0.03291 763.1
0.03292 763.2
0.03293 763.2
0.03294 763.2
0.03295 763.2
0.03296 763.3
0.03297 763.3
0.03298 763.3
0.03299 763.4
0.03300 763.4
0.03301 763.4
0.03302 763.5
0.03303 763.5
0.03304 763.5
0.03305 763.5
0.03306 763.6
0.03307 763.6
0.03308 763.6
0.03309 763.7
0.03310 763.7
0.03311 763.7
0.03312 763.8
0.03313 763.8
0.03314 763.8
0.03315 763.8
0.03316 763.9
0.03317 763.9
0.03318 763.9
0.03319 764.0
0.03320 764.0
0.03321 764.0
0.03322 764.0
0.03323 764.1
0.03324 764.1
0.03325 764.1
0.03326 764.2
0.03327 764.2
0.03328 764.2
0.03329 764.2
0.03330 764.3
0.03331 764.3
0.03332 764.3
0.03333 764.4
0.03334 764.4
0.03335 764.4
0.03336 764.4
0.03337 764.5
0.03338 764.5
0.03339 764.5
0.03340 764.6
0.03341 764.6
0.03342 764.6
0.03343 764.6
0.03344 764.7
0.03345 764.7
0.03346 764.7
0.03347 764.8
0.03348 764.8
0.03349 764.8
0.03350 764.8
0.03351 764.9
0.03352 764.9
0.03353 764.9
0.03354 764.9
0.03355 765.0
0.03356 765.0
0.03357 765.0
0.03358 765.1
0.03359 765.1
0.03360 765.1
0.03361 765.1
0.03362 765.2
0.03363 765.2
0.03364 765.2
0.03365 765.2
0.03366 765.3
0.03367 765.3
0.03368 765.3
0.03369 765.4
0.03370 765.4
0.03371 765.4
0.03372 765.4
0.03373 765.5
0.03374 765.5
0.03375 765.5
0.03376 765.5
0.03377 765.6
0.03378 765.6
0.03379 765.6
0.03380 765.6
0.03381 765.7
0.03382 765.7
0.03383 765.7
0.03384 765.7
0.03385 765.8
0.03386 765.8
0.03387 765.8
0.03388 765.9
0.03389 765.9
0.03390 765.9
0.03391 765.9
0.03392 766.0
0.03393 766.0
0.03394 766.0
0.03395 766.0
0.03396 766.1
0.03397 766.1
0.03398 766.1
0.03399 766.1
0.03400 766.2
0.03401 766.2
0.03402 766.2
0.03403 766.2
0.03404 766.3
0.03405 766.3
0.03406 766.3
0.03407 766.3
0.03408 766.4
0.03409 766.4
0.03410 766.4
0.03411 766.4
0.03412 766.5
0.03413 766.5
0.03414 766.5
0.03415 766.5
0.03416 766.6
0.03417 766.6
0.03418 766.6
0.03419 766.6
0.03420 766.7
0.03421 766.7
0.03422 766.7
0.03423 766.7
0.03424 766.8
0.03425 766.8
0.03426 766.8
0.03427 766.8
0.03428 766.9
0.03429 766.9
0.03430 766.9
0.03431 766.9
0.03432 767.0
0.03433 767.0
0.03434 767.0
0.03435 767.0
0.03436 767.0
0.03437 767.1
0.03438 767.1
0.03439 767.1
0.03440 767.1
0.03441 767.2
0.03442 767.2
0.03443 767.2
0.03444 767.2
0.03445 767.3
0.03446 767.3
0.03447 767.3
0.03448 767.3
0.03449 767.4
0.03450 767.4
0.03451 767.4
0.03452 767.4
0.03453 767.4
0.03454 767.5
0.03455 767.5
0.03456 767.5
0.03457 767.5
0.03458 767.6
0.03459 767.6
0.03460 767.6
0.03461 767.6
0.03462 767.7
0.03463 767.7
0.03464 767.7
0.03465 767.7
0.03466 767.7
0.03467 767.8
0.03468 767.8
0.03469 767.8
0.03470 767.8
0.03471 767.9
0.03472 767.9
0.03473 767.9
0.03474 767.9
0.03475 767.9
0.03476 768.0
0.03477 768.0
0.03478 768.0
0.03479 768.0
0.03480 768.1
0.03481 768.1
0.03482 768.1
0.03483 768.1
0.03484 768.1
0.03485 768.2
0.03486 768.2
0.03487 768.2
0.03488 768.2
0.03489 768.3
0.03490 768.3
0.03491 768.3
0.03492 768.3
0.03493 768.3
0.03494 768.4
0.03495 768.4
0.03496 768.4
0.03497 768.4
0.03498 768.5
0.03499 768.5
0.03500 768.5
0.03501 768.5
0.03502 768.5
0.03503 768.6
0.03504 768.6
0.03505 768.6
0.03506 768.6
0.03507 768.6
0.03508 768.7
0.03509 768.7
0.03510 768.7
0.03511 768.7
0.03512 768.7
0.03513 768.8
0.03514 768.8
0.03515 768.8
0.03516 768.8
0.03517 768.9
0.03518 768.9
0.03519 768.9
0.03520 768.9
0.03521 768.9
0.03522 769.0
0.03523 769.0
0.03524 769.0
0.03525 769.0
0.03526 769.0
0.03527 769.1
0.03528 769.1
0.03529 769.1
0.03530 769.1
0.03531 769.1
0.03532 769.2
0.03533 769.2
0.03534 769.2
0.03535 769.2
0.03536 769.2
0.03537 769.3
0.03538 769.3
0.03539 769.3
0.03540 769.3
0.03541 769.3
0.03542 769.4
0.03543 769.4
0.03544 769.4
0.03545 769.4
0.03546 769.4
0.03547 769.5
0.03548 769.5
0.03549 769.5
0.03550 769.5
0.03551 769.5
0.03552 769.6
0.03553 769.6
0.03554 769.6
0.03555 769.6
0.03556 769.6
0.03557 769.7
0.03558 769.7
0.03559 769.7
0.03560 769.7
0.03561 769.7
0.03562 769.7
0.03563 769.8
0.03564 769.8
0.03565 769.8
0.03566 769.8
0.03567 769.8
0.03568 769.9
0.03569 769.9
0.03570 769.9
0.03571 769.9
0.03572 769.9
0.03573 770.0
0.03574 770.0
0.03575 770.0
0.03576 770.0
0.03577 770.0
0.03578 770.0
0.03579 770.1
0.03580 770.1
0.03581 770.1
0.03582 770.1
0.03583 770.1
0.03584 770.2
0.03585 770.2
0.03586 770.2
0.03587 770.2
0.03588 770.2
0.03589 770.3
0.03590 770.3
0.03591 770.3
0.03592 770.3
0.03593 770.3
0.03594 770.3
0.03595 770.4
0.03596 770.4
0.03597 770.4
0.03598 770.4
0.03599 770.4
0.03600 770.4
0.03601 770.5
0.03602 770.5
0.03603 770.5
0.03604 770.5
0.03605 770.5
0.03606 770.6
0.03607 770.6
0.03608 770.6
0.03609 770.6
0.03610 770.6
0.03611 770.6
0.03612 770.7
0.03613 770.7
0.03614 770.7
0.03615 770.7
0.03616 770.7
0.03617 770.7
0.03618 770.8
0.03619 770.8
0.03620 770.8
0.03621 770.8
0.03622 770.8
0.03623 770.9
0.03624 770.9
0.03625 770.9
0.03626 770.9
0.03627 770.9
0.03628 770.9
0.03629 771.0
0.03630 771.0
0.03631 771.0
0.03632 771.0
0.03633 771.0
0.03634 771.0
0.03635 771.1
0.03636 771.1
0.03637 771.1
0.03638 771.1
0.03639 771.1
0.03640 771.1
0.03641 771.2
0.03642 771.2
0.03643 771.2
0.03644 771.2
0.03645 771.2
0.03646 771.2
0.03647 771.3
0.03648 771.3
0.03649 771.3
0.03650 771.3
0.03651 771.3
0.03652 771.3
0.03653 771.3
0.03654 771.4
0.03655 771.4
0.03656 771.4
0.03657 771.4
0.03658 771.4
0.03659 771.4
0.03660 771.5
0.03661 771.5
0.03662 771.5
0.03663 771.5
0.03664 771.5
0.03665 771.5
0.03666 771.6
0.03667 771.6
0.03668 771.6
0.03669 771.6
0.03670 771.6
0.03671 771.6
0.03672 771.7
0.03673 771.7
0.03674 771.7
0.03675 771.7
0.03676 771.7
0.03677 771.7
0.03678 771.7
0.03679 771.8
0.03680 771.8
0.03681 771.8
0.03682 771.8
0.03683 771.8
0.03684 771.8
0.03685 771.9
0.03686 771.9
0.03687 771.9
0.03688 771.9
0.03689 771.9
0.03690 771.9
0.03691 771.9
0.03692 772.0
0.03693 772.0
0.03694 772.0
0.03695 772.0
0.03696 772.0
0.03697 772.0
0.03698 772.0
0.03699 772.1
0.03700 772.1
0.03701 772.1
0.03702 772.1
0.03703 772.1
0.03704 772.1
0.03705 772.2
0.03706 772.2
0.03707 772.2
0.03708 772.2
0.03709 772.2
0.03710 772.2
0.03711 772.2
0.03712 772.3
0.03713 772.3
0.03714 772.3
0.03715 772.3
0.03716 772.3
0.03717 772.3
0.03718 772.3
0.03719 772.4
0.03720 772.4
0.03721 772.4
0.03722 772.4
0.03723 772.4
0.03724 772.4
0.03725 772.4
0.03726 772.5
0.03727 772.5
0.03728 772.5
0.03729 772.5
0.03730 772.5
0.03731 772.5
0.03732 772.5
0.03733 772.6
0.03734 772.6
0.03735 772.6
0.03736 772.6
0.03737 772.6
0.03738 772.6
0.03739 772.6
0.03740 772.6
0.03741 772.7
0.03742 772.7
0.03743 772.7
0.03744 772.7
0.03745 772.7
0.03746 772.7
0.03747 772.7
0.03748 772.8
0.03749 772.8
0.03750 772.8
0.03751 772.8
0.03752 772.8
0.03753 772.8
0.03754 772.8
0.03755 772.9
0.03756 772.9
0.03757 772.9
0.03758 772.9
0.03759 772.9
0.03760 772.9
0.03761 772.9
0.03762 772.9
0.03763 773.0
0.03764 773.0
0.03765 773.0
0.03766 773.0
0.03767 773.0
0.03768 773.0
0.03769 773.0
0.03770 773.0
0.03771 773.1
0.03772 773.1
0.03773 773.1
0.03774 773.1
0.03775 773.1
0.03776 773.1
0.03777 773.1
0.03778 773.2
0.03779 773.2
0.03780 773.2
0.03781 773.2
0.03782 773.2
0.03783 773.2
0.03784 773.2
0.03785 773.2
0.03786 773.3
0.03787 773.3
0.03788 773.3
0.03789 773.3
0.03790 773.3
0.03791 773.3
0.03792 773.3
0.03793 773.3
0.03794 773.4
0.03795 773.4
0.03796 773.4
0.03797 773.4
0.03798 773.4
0.03799 773.4
0.03800 773.4
0.03801 773.4
0.03802 773.5
0.03803 773.5
0.03804 773.5
0.03805 773.5
0.03806 773.5
0.03807 773.5
0.03808 773.5
0.03809 773.5
0.03810 773.5
0.03811 773.6
0.03812 773.6
0.03813 773.6
0.03814 773.6
0.03815 773.6
0.03816 773.6
0.03817 773.6
0.03818 773.6
0.03819 773.7
0.03820 773.7
0.03821 773.7
0.03822 773.7
0.03823 773.7
0.03824 773.7
0.03825 773.7
0.03826 773.7
0.03827 773.7
0.03828 773.8
0.03829 773.8
0.03830 773.8
0.03831 773.8
0.03832 773.8
0.03833 773.8
0.03834 773.8
0.03835 773.8
0.03836 773.9
0.03837 773.9
0.03838 773.9
0.03839 773.9
0.03840 773.9
0.03841 773.9
0.03842 773.9
0.03843 773.9
0.03844 773.9
0.03845 774.0
0.03846 774.0
0.03847 774.0
0.03848 774.0
0.03849 774.0
0.03850 774.0
0.03851 774.0
0.03852 774.0
0.03853 774.0
0.03854 774.1
0.03855 774.1
0.03856 774.1
0.03857 774.1
0.03858 774.1
0.03859 774.1
0.03860 774.1
0.03861 774.1
0.03862 774.1
0.03863 774.2
0.03864 774.2
0.03865 774.2
0.03866 774.2
0.03867 774.2
0.03868 774.2
0.03869 774.2
0.03870 774.2
0.03871 774.2
0.03872 774.3
0.03873 774.3
0.03874 774.3
0.03875 774.3
0.03876 774.3
0.03877 774.3
0.03878 774.3
0.03879 774.3
0.03880 774.3
0.03881 774.3
0.03882 774.4
0.03883 774.4
0.03884 774.4
0.03885 774.4
0.03886 774.4
0.03887 774.4
0.03888 774.4
0.03889 774.4
0.03890 774.4
0.03891 774.5
0.03892 774.5
0.03893 774.5
0.03894 774.5
0.03895 774.5
0.03896 774.5
0.03897 774.5
0.03898 774.5
0.03899 774.5
0.03900 774.5
0.03901 774.6
0.03902 774.6
0.03903 774.6
0.03904 774.6
0.03905 774.6
0.03906 774.6
0.03907 774.6
0.03908 774.6
0.03909 774.6
0.03910 774.6
0.03911 774.7
0.03912 774.7
0.03913 774.7
0.03914 774.7
0.03915 774.7
0.03916 774.7
0.03917 774.7
0.03918 774.7
0.03919 774.7
0.03920 774.7
0.03921 774.8
0.03922 774.8
0.03923 774.8
0.03924 774.8
0.03925 774.8
0.03926 774.8
0.03927 774.8
0.03928 774.8
0.03929 774.8
0.03930 774.8
0.03931 774.8
0.03932 774.9
0.03933 774.9
0.03934 774.9
0.03935 774.9
0.03936 774.9
0.03937 774.9
0.03938 774.9
0.03939 774.9
0.03940 774.9
0.03941 774.9
0.03942 775.0
0.03943 775.0
0.03944 775.0
0.03945 775.0
0.03946 775.0
0.03947 775.0
0.03948 775.0
0.03949 775.0
0.03950 775.0
0.03951 775.0
0.03952 775.0
0.03953 775.1
0.03954 775.1
0.03955 775.1
0.03956 775.1
0.03957 775.1
0.03958 775.1
0.03959 775.1
0.03960 775.1
0.03961 775.1
0.03962 775.1
0.03963 775.1
0.03964 775.2
0.03965 775.2
0.03966 775.2
0.03967 775.2
0.03968 775.2
0.03969 775.2
0.03970 775.2
0.03971 775.2
0.03972 775.2
0.03973 775.2
0.03974 775.2
0.03975 775.3
0.03976 775.3
0.03977 775.3
0.03978 775.3
0.03979 775.3
0.03980 775.3
0.03981 775.3
0.03982 775.3
0.03983 775.3
0.03984 775.3
0.03985 775.3
0.03986 775.3
0.03987 775.4
0.03988 775.4
0.03989 775.4
0.03990 775.4
0.03991 775.4
0.03992 775.4
0.03993 775.4
0.03994 775.4
0.03995 775.4
0.03996 775.4
0.03997 775.4
0.03998 775.5
0.03999 775.5
0.04000 780.5
0.04001 780.5
0.04002 780.5
0.04003 780.5
0.04004 780.5
0.04005 780.5
0.04006 780.5
0.04007 780.5
0.04008 780.5
0.04009 780.5
0.04010 780.5
0.04011 780.5
0.04012 780.5
0.04013 780.5
0.04014 780.5
0.04015 780.5
0.04016 780.5
0.04017 780.5
0.04018 780.5
0.04019 780.5
0.04020 780.5
0.04021 780.5
0.04022 780.5
0.04023 780.5
0.04024 780.5
0.04025 780.5
0.04026 780.5
0.04027 780.5
0.04028 780.5
0.04029 780.5
0.04030 780.5
0.04031 780.5
0.04032 780.5
0.04033 780.5
0.04034 780.5
0.04035 780.5
0.04036 780.5
0.04037 780.5
0.04038 780.5
0.04039 780.5
0.04040 780.5
0.04041 780.5
0.04042 780.5
0.04043 780.5
0.04044 780.5
0.04045 780.5
0.04046 780.5
0.04047 780.5
0.04048 780.5
0.04049 780.5
0.04050 780.5
0.04051 780.5
0.04052 780.5
0.04053 780.5
0.04054 780.5
0.04055 780.5
0.04056 780.5
0.04057 780.5
0.04058 780.5
0.04059 780.5
0.04060 780.5
0.04061 780.5
0.04062 780.5
0.04063 780.5
0.04064 780.5
0.04065 780.5
0.04066 780.5
0.04067 780.5
0.04068 780.5
0.04069 780.5
0.04070 780.5
0.04071 780.5
0.04072 780.5
0.04073 780.5
0.04074 780.5
0.04075 780.5
0.04076 780.5
0.04077 780.5
0.04078 780.5
0.04079 780.5
0.04080 780.5
0.04081 780.5
0.04082 780.5
0.04083 780.5
0.04084 780.5
0.04085 780.5
0.04086 780.5
0.04087 780.5
0.04088 780.5
0.04089 780.5
0.04090 780.5
0.04091 780.5
0.04092 780.5
0.04093 780.5
0.04094 780.5
0.04095 780.5
0.04096 780.5
0.04097 780.5
0.04098 780.5
0.04099 780.5
0.04100 780.5
0.04101 780.5
0.04102 780.5
0.04103 780.5
0.04104 780.5
0.04105 780.5
0.04106 780.5
0.04107 780.5
0.04108 780.5
0.04109 780.5
0.04110 780.5
0.04111 780.5
0.04112 780.5
0.04113 780.5
0.04114 780.5
0.04115 780.5
0.04116 780.5
0.04117 780.5
0.04118 780.5
0.04119 780.5
0.04120 780.5
0.04121 780.5
0.04122 780.5
0.04123 780.5
0.04124 780.5
0.04125 780.5
0.04126 780.5
0.04127 780.5
0.04128 780.5
0.04129 780.5
0.04130 780.5
0.04131 780.5
0.04132 780.5
0.04133 780.5
0.04134 780.5
0.04135 780.5
0.04136 780.5
0.04137 780.5
0.04138 780.5
0.04139 780.5
0.04140 780.5
0.04141 780.5
0.04142 780.5
0.04143 780.5
0.04144 780.5
0.04145 780.5
0.04146 780.5
0.04147 780.5
0.04148 780.5
0.04149 780.5
0.04150 780.5
0.04151 780.5
0.04152 780.5
0.04153 780.5
0.04154 780.5
0.04155 780.5
0.04156 780.5
0.04157 780.5
0.04158 780.5
0.04159 780.5
0.04160 780.5
0.04161 780.5
0.04162 780.5
0.04163 780.5
0.04164 780.5
0.04165 780.5
0.04166 780.5
0.04167 780.5
0.04168 780.5
0.04169 780.5
0.04170 780.5
0.04171 780.5
0.04172 780.5
0.04173 780.5
0.04174 780.5
0.04175 780.5
0.04176 780.5
0.04177 780.5
0.04178 780.5
0.04179 780.5
0.04180 780.5
0.04181 780.5
0.04182 780.5
0.04183 780.5
0.04184 780.5
0.04185 780.5
0.04186 780.5
0.04187 780.5
0.04188 780.5
0.04189 780.5
0.04190 780.5
0.04191 780.5
0.04192 780.5
0.04193 780.5
0.04194 780.5
0.04195 780.5
0.04196 780.5
0.04197 780.5
0.04198 780.5
0.04199 780.5
0.04200 780.5
0.04201 780.5
0.04202 780.5
0.04203 780.5
0.04204 780.5
0.04205 780.5
0.04206 780.5
0.04207 780.5
0.04208 780.5
0.04209 780.5
0.04210 780.5
0.04211 780.5
0.04212 780.5
0.04213 780.5
0.04214 780.5
0.04215 780.5
0.04216 780.5
0.04217 780.5
0.04218 780.5
0.04219 780.5
0.04220 780.5
0.04221 780.5
0.04222 780.5
0.04223 780.5
0.04224 780.5
0.04225 780.5
0.04226 780.5
0.04227 780.5
0.04228 780.5
0.04229 780.5
0.04230 780.5
0.04231 780.5
0.04232 780.5
0.04233 780.5
0.04234 780.5
0.04235 780.5
0.04236 780.5
0.04237 780.5
0.04238 780.5
0.04239 780.5
0.04240 780.5
0.04241 780.5
0.04242 780.5
0.04243 780.5
0.04244 780.5
0.04245 780.5
0.04246 780.5
0.04247 780.5
0.04248 780.5
0.04249 780.5
0.04250 780.5
0.04251 780.5
0.04252 780.5
0.04253 780.5
0.04254 780.5
0.04255 780.5
0.04256 780.5
0.04257 780.5
0.04258 780.5
0.04259 780.5
0.04260 780.5
0.04261 780.5
0.04262 780.5
0.04263 780.5
0.04264 780.5
0.04265 780.5
0.04266 780.5
0.04267 780.5
0.04268 780.5
0.04269 780.5
0.04270 780.5
0.04271 780.5
0.04272 780.5
0.04273 780.5
0.04274 780.5
0.04275 780.5
0.04276 780.5
0.04277 780.5
0.04278 780.5
0.04279 780.5
0.04280 780.5
0.04281 780.5
0.04282 780.5
0.04283 780.5
0.04284 780.5
0.04285 780.5
0.04286 780.5
0.04287 780.5
0.04288 780.5
0.04289 780.5
0.04290 780.5
0.04291 780.5
0.04292 780.5
0.04293 780.5
0.04294 780.5
0.04295 780.5
0.04296 780.5
0.04297 780.5
0.04298 780.5
0.04299 780.5
0.04300 780.5
0.04301 780.5
0.04302 780.5
0.04303 780.5
0.04304 780.5
0.04305 780.5
0.04306 780.5
0.04307 780.5
0.04308 780.5
0.04309 780.5
0.04310 780.5
0.04311 780.5
0.04312 780.5
0.04313 780.5
0.04314 780.5
0.04315 780.5
0.04316 780.5
0.04317 780.5
0.04318 780.5
0.04319 780.5
0.04320 780.5
0.04321 780.5
0.04322 780.5
0.04323 780.5
0.04324 780.5
0.04325 780.5
0.04326 780.5
0.04327 780.5
0.04328 780.5
0.04329 780.5
0.04330 780.5
0.04331 780.5
0.04332 780.5
0.04333 780.5
0.04334 780.5
0.04335 780.5
0.04336 780.5
0.04337 780.5
0.04338 780.5
0.04339 780.5
0.04340 780.5
0.04341 780.5
0.04342 780.5
0.04343 780.5
0.04344 780.5
0.04345 780.5
0.04346 780.5
0.04347 780.5
0.04348 780.5
0.04349 780.5
0.04350 780.5
0.04351 780.5
0.04352 780.5
0.04353 780.5
0.04354 780.5
0.04355 780.5
0.04356 780.5
0.04357 780.5
0.04358 780.5
0.04359 780.5
0.04360 780.5
0.04361 780.5
0.04362 780.5
0.04363 780.5
0.04364 780.5
0.04365 780.5
0.04366 780.5
0.04367 780.5
0.04368 780.5
0.04369 780.5
0.04370 780.5
0.04371 780.5
0.04372 780.5
0.04373 780.5
0.04374 780.5
0.04375 780.5
0.04376 780.5
0.04377 780.5
0.04378 780.5
0.04379 780.5
0.04380 780.5
0.04381 780.5
0.04382 780.5
0.04383 780.5
0.04384 780.5
0.04385 780.5
0.04386 780.5
0.04387 780.5
0.04388 780.5
0.04389 780.5
0.04390 780.5
0.04391 780.5
0.04392 780.5
0.04393 780.5
0.04394 780.5
0.04395 780.5
0.04396 780.5
0.04397 780.5
0.04398 780.5
0.04399 780.5
0.04400 780.5
0.04401 780.5
0.04402 780.5
0.04403 780.5
0.04404 780.5
0.04405 780.5
0.04406 780.5
0.04407 780.5
0.04408 780.5
0.04409 780.5
0.04410 780.5
0.04411 780.5
0.04412 780.5
0.04413 780.5
0.04414 780.5
0.04415 780.5
0.04416 780.5
0.04417 780.5
0.04418 780.5
0.04419 780.5
0.04420 780.5
0.04421 780.5
0.04422 780.5
0.04423 780.5
0.04424 780.5
0.04425 780.5
0.04426 780.5
0.04427 780.5
0.04428 780.5
0.04429 780.5
0.04430 780.5
0.04431 780.5
0.04432 780.5
0.04433 780.5
0.04434 780.5
0.04435 780.5
0.04436 780.5
0.04437 780.5
0.04438 780.5
0.04439 780.5
0.04440 780.5
0.04441 780.5
0.04442 780.5
0.04443 780.5
0.04444 780.5
0.04445 780.5
0.04446 780.5
0.04447 780.5
0.04448 780.5
0.04449 780.5
0.04450 780.5
0.04451 780.5
0.04452 780.5
0.04453 780.5
0.04454 780.5
0.04455 780.5
0.04456 780.5
0.04457 780.5
0.04458 780.5
0.04459 780.5
0.04460 780.5
0.04461 780.5
0.04462 780.5
0.04463 780.5
0.04464 780.5
0.04465 780.5
0.04466 780.5
0.04467 780.5
0.04468 780.5
0.04469 780.5
0.04470 780.5
0.04471 780.5
0.04472 780.5
0.04473 780.5
0.04474 780.5
0.04475 780.5
0.04476 780.5
0.04477 780.5
0.04478 780.5
0.04479 780.5
0.04480 780.5
0.04481 780.5
0.04482 780.5
0.04483 780.5
0.04484 780.5
0.04485 780.5
0.04486 780.5
0.04487 780.5
0.04488 780.5
0.04489 780.5
0.04490 780.5
0.04491 780.5
0.04492 780.5
0.04493 780.5
0.04494 780.5
0.04495 780.5
0.04496 780.5
0.04497 780.5
0.04498 780.5
0.04499 780.5
0.04500 780.5
0.04501 780.5
0.04502 780.5
0.04503 780.5
0.04504 780.5
0.04505 780.5
0.04506 780.5
0.04507 780.5
0.04508 780.5
0.04509 780.5
0.04510 780.5
0.04511 780.5
0.04512 780.5
0.04513 780.5
0.04514 780.5
0.04515 780.5
0.04516 780.5
0.04517 780.5
0.04518 780.5
0.04519 780.5
0.04520 780.5
0.04521 780.5
0.04522 780.5
0.04523 780.5
0.04524 780.5
0.04525 780.5
0.04526 780.5
0.04527 780.5
0.04528 780.5
0.04529 780.5
0.04530 780.5
0.04531 780.5
0.04532 780.5
0.04533 780.5
0.04534 780.5
0.04535 780.5
0.04536 780.5
0.04537 780.5
0.04538 780.5
0.04539 780.5
0.04540 780.5
0.04541 780.5
0.04542 780.5
0.04543 780.5
0.04544 780.5
0.04545 780.5
0.04546 780.5
0.04547 780.5
0.04548 780.5
0.04549 780.5
0.04550 780.5
0.04551 780.5
0.04552 780.5
0.04553 780.5
0.04554 780.5
0.04555 780.5
0.04556 780.5
0.04557 780.5
0.04558 780.5
0.04559 780.5
0.04560 780.5
0.04561 780.5
0.04562 780.5
0.04563 780.5
0.04564 780.5
0.04565 780.5
0.04566 780.5
0.04567 780.5
0.04568 780.5
0.04569 780.5
0.04570 780.5
0.04571 780.5
0.04572 780.5
0.04573 780.5
0.04574 780.5
0.04575 780.5
0.04576 780.5
0.04577 780.5
0.04578 780.5
0.04579 780.5
0.04580 780.5
0.04581 780.5
0.04582 780.5
0.04583 780.5
0.04584 780.5
0.04585 780.5
0.04586 780.5
0.04587 780.5
0.04588 780.5
0.04589 780.5
0.04590 780.5
0.04591 780.5
0.04592 780.5
0.04593 780.5
0.04594 780.5
0.04595 780.5
0.04596 780.5
0.04597 780.5
0.04598 780.5
0.04599 780.5
0.04600 780.5
0.04601 780.5
0.04602 780.5
0.04603 780.5
0.04604 780.5
0.04605 780.5
0.04606 780.5
0.04607 780.5
0.04608 780.5
0.04609 780.5
0.04610 780.5
0.04611 780.5
0.04612 780.5
0.04613 780.5
0.04614 780.5
0.04615 780.5
0.04616 780.5
0.04617 780.5
0.04618 780.5
0.04619 780.5
0.04620 780.5
0.04621 780.5
0.04622 780.5
0.04623 780.5
0.04624 780.5
0.04625 780.5
0.04626 780.5
0.04627 780.5
0.04628 780.5
0.04629 780.5
0.04630 780.5
0.04631 780.5
0.04632 780.5
0.04633 780.5
0.04634 780.5
0.04635 780.5
0.04636 780.5
0.04637 780.5
0.04638 780.5
0.04639 780.5
0.04640 780.5
0.04641 780.5
0.04642 780.5
0.04643 780.5
0.04644 780.5
0.04645 780.5
0.04646 780.5
0.04647 780.5
0.04648 780.5
0.04649 780.5
0.04650 780.5
0.04651 780.5
0.04652 780.5
0.04653 780.5
0.04654 780.5
0.04655 780.5
0.04656 780.5
0.04657 780.5
0.04658 780.5
0.04659 780.5
0.04660 780.5
0.04661 780.5
0.04662 780.5
0.04663 780.5
0.04664 780.5
0.04665 780.5
0.04666 780.5
0.04667 780.5
0.04668 780.5
0.04669 780.5
0.04670 780.5
0.04671 780.5
0.04672 780.5
0.04673 780.5
0.04674 780.5
0.04675 780.5
0.04676 780.5
0.04677 780.5
0.04678 780.5
0.04679 780.5
0.04680 780.5
0.04681 780.5
0.04682 780.5
0.04683 780.5
0.04684 780.5
0.04685 780.5
0.04686 780.5
0.04687 780.5
0.04688 780.5
0.04689 780.5
0.04690 780.5
0.04691 780.5
0.04692 780.5
0.04693 780.5
0.04694 780.5
0.04695 780.5
0.04696 780.5
0.04697 780.5
0.04698 780.5
0.04699 780.5
0.04700 780.5
0.04701 780.5
0.04702 780.5
0.04703 780.5
0.04704 780.5
0.04705 780.5
0.04706 780.5
0.04707 780.5
0.04708 780.5
0.04709 780.5
0.04710 780.5
0.04711 780.5
0.04712 780.5
0.04713 780.5
0.04714 780.5
0.04715 780.5
0.04716 780.5
0.04717 780.5
0.04718 780.5
0.04719 780.5
0.04720 780.5
0.04721 780.5
0.04722 780.5
0.04723 780.5
0.04724 780.5
0.04725 780.5
0.04726 780.5
0.04727 780.5
0.04728 780.5
0.04729 780.5
0.04730 780.5
0.04731 780.5
0.04732 780.5
0.04733 780.5
0.04734 780.5
0.04735 780.5
0.04736 780.5
0.04737 780.5
0.04738 780.5
0.04739 780.5
0.04740 780.5
0.04741 780.5
0.04742 780.5
0.04743 780.5
0.04744 780.5
0.04745 780.5
0.04746 780.5
0.04747 780.5
0.04748 780.5
0.04749 780.5
0.04750 780.5
0.04751 780.5
0.04752 780.5
0.04753 780.5
0.04754 780.5
0.04755 780.5
0.04756 780.5
0.04757 780.5
0.04758 780.5
0.04759 780.5
0.04760 780.5
0.04761 780.5
0.04762 780.5
0.04763 780.5
0.04764 780.5
0.04765 780.5
0.04766 780.5
0.04767 780.5
0.04768 780.5
0.04769 780.5
0.04770 780.5
0.04771 780.5
0.04772 780.5
0.04773 780.5
0.04774 780.5
0.04775 780.5
0.04776 780.5
0.04777 780.5
0.04778 780.5
0.04779 780.5
0.04780 780.5
0.04781 780.5
0.04782 780.5
0.04783 780.5
0.04784 780.5
0.04785 780.5
0.04786 780.5
0.04787 780.5
0.04788 780.5
0.04789 780.5
0.04790 780.5
0.04791 780.5
0.04792 780.5
0.04793 780.5
0.04794 780.5
0.04795 780.5
0.04796 780.5
0.04797 780.5
0.04798 780.5
0.04799 780.5
0.04800 780.5
0.04801 780.5
0.04802 780.5
0.04803 780.5
0.04804 780.5
0.04805 780.5
0.04806 780.5
0.04807 780.5
0.04808 780.5
0.04809 780.5
0.04810 780.5
0.04811 780.5
0.04812 780.5
0.04813 780.5
0.04814 780.5
0.04815 780.5
0.04816 780.5
0.04817 780.5
0.04818 780.5
0.04819 780.5
0.04820 780.5
0.04821 780.5
0.04822 780.5
0.04823 780.5
0.04824 780.5
0.04825 780.5
0.04826 780.5
0.04827 780.5
0.04828 780.5
0.04829 780.5
0.04830 780.5
0.04831 780.5
0.04832 780.5
0.04833 780.5
0.04834 780.5
0.04835 780.5
0.04836 780.5
0.04837 780.5
0.04838 780.5
0.04839 780.5
0.04840 780.5
0.04841 780.5
0.04842 780.5
0.04843 780.5
0.04844 780.5
0.04845 780.5
0.04846 780.5
0.04847 780.5
0.04848 780.5
0.04849 780.5
0.04850 780.5
0.04851 780.5
0.04852 780.5
0.04853 780.5
0.04854 780.5
0.04855 780.5
0.04856 780.5
0.04857 780.5
0.04858 780.5
0.04859 780.5
0.04860 780.5
0.04861 780.5
0.04862 780.5
0.04863 780.5
0.04864 780.5
0.04865 780.5
0.04866 780.5
0.04867 780.5
0.04868 780.5
0.04869 780.5
0.04870 780.5
0.04871 780.5
0.04872 780.5
0.04873 780.5
0.04874 780.5
0.04875 780.5
0.04876 780.5
0.04877 780.5
0.04878 780.5
0.04879 780.5
0.04880 780.5
0.04881 780.5
0.04882 780.5
0.04883 780.5
0.04884 780.5
0.04885 780.5
0.04886 780.5
0.04887 780.5
0.04888 780.5
0.04889 780.5
0.04890 780.5
0.04891 780.5
0.04892 780.5
0.04893 780.5
0.04894 780.5
0.04895 780.5
0.04896 780.5
0.04897 780.5
0.04898 780.5
0.04899 780.5
0.04900 780.5
0.04901 780.5
0.04902 780.5
0.04903 780.5
0.04904 780.5
0.04905 780.5
0.04906 780.5
0.04907 780.5
0.04908 780.5
0.04909 780.5
0.04910 780.5
0.04911 780.5
0.04912 780.5
0.04913 780.5
0.04914 780.5
0.04915 780.5
0.04916 780.5
0.04917 780.5
0.04918 780.5
0.04919 780.5
0.04920 780.5
0.04921 780.5
0.04922 780.5
0.04923 780.5
0.04924 780.5
0.04925 780.5
0.04926 780.5
0.04927 780.5
0.04928 780.5
0.04929 780.5
0.04930 780.5
0.04931 780.5
0.04932 780.5
0.04933 780.5
0.04934 780.5
0.04935 780.5
0.04936 780.5
0.04937 780.5
0.04938 780.5
0.04939 780.5
0.04940 780.5
0.04941 780.5
0.04942 780.5
0.04943 780.5
0.04944 780.5
0.04945 780.5
0.04946 780.5
0.04947 780.5
0.04948 780.5
0.04949 780.5
0.04950 780.5
0.04951 780.5
0.04952 780.5
0.04953 780.5
0.04954 780.5
0.04955 780.5
0.04956 780.5
0.04957 780.5
0.04958 780.5
0.04959 780.5
0.04960 780.5
0.04961 780.5
0.04962 780.5
0.04963 780.5
0.04964 780.5
0.04965 780.5
0.04966 780.5
0.04967 780.5
0.04968 780.5
0.04969 780.5
0.04970 780.5
0.04971 780.5
0.04972 780.5
0.04973 780.5
0.04974 780.5
0.04975 780.5
0.04976 780.5
0.04977 780.5
0.04978 780.5
0.04979 780.5
0.04980 780.5
0.04981 780.5
0.04982 780.5
0.04983 780.5
0.04984 780.5
0.04985 780.5
0.04986 780.5
0.04987 780.5
0.04988 780.5
0.04989 780.5
0.04990 780.5
0.04991 780.5
0.04992 780.5
0.04993 780.5
0.04994 780.5
0.04995 780.5
0.04996 780.5
0.04997 780.5
0.04998 780.5
0.04999 780.5
0.05000 780.5
