0.00000 721675.7
0.00001 721675.7
0.00002 721675.7
0.00003 721675.7
0.00004 721675.7
0.00005 721675.7
0.00006 721675.7
0.00007 721675.7
0.00008 721675.7
0.00009 721675.7
0.00010 721675.7
0.00011 721675.7
0.00012 721675.7
0.00013 721675.7
0.00014 721675.7
0.00015 721675.7
0.00016 721675.7
0.00017 721675.7
0.00018 721675.7
0.00019 721675.7
0.00020 721675.7
0.00021 721675.7
0.00022 721675.7
0.00023 721675.7
0.00024 721675.7
0.00025 721675.7
0.00026 721675.7
0.00027 721675.7
0.00028 721675.7
0.00029 721675.7
0.00030 721675.7
0.00031 721675.7
0.00032 721675.7
0.00033 721675.7
0.00034 721675.7
0.00035 721675.7
0.00036 721675.7
0.00037 721675.7
0.00038 721675.7
0.00039 721675.7
0.00040 721675.7
0.00041 721675.7
0.00042 721675.7
0.00043 721675.7
0.00044 721675.7
0.00045 721675.7
0.00046 721675.7
0.00047 721675.7
0.00048 721675.7
0.00049 721675.7
0.00050 721675.7
0.00051 721675.7
0.00052 721675.7
0.00053 721675.7
0.00054 721675.7
0.00055 721675.7
0.00056 721675.7
0.00057 721675.7
0.00058 721675.7
0.00059 721675.7
0.00060 721675.7
0.00061 721675.7
0.00062 721675.7
0.00063 721675.7
0.00064 721675.7
0.00065 721675.7
0.00066 721675.7
0.00067 721675.7
0.00068 721675.7
0.00069 721675.7
0.00070 721675.7
0.00071 721675.7
0.00072 721675.7
0.00073 721675.7
0.00074 721675.7
0.00075 721675.7
0.00076 721675.7
0.00077 721675.7
0.00078 721675.7
0.00079 721675.7
0.00080 721675.7
0.00081 721675.7
0.00082 721675.7
0.00083 721675.7
0.00084 721675.7
0.00085 721675.7
0.00086 721675.7
0.00087 721675.7
0.00088 721675.7
0.00089 721675.7
0.00090 721675.7
0.00091 721675.7
0.00092 721675.7
0.00093 721675.7
0.00094 721675.7
0.00095 721675.7
0.00096 721675.7
0.00097 721675.7
0.00098 721675.7
0.00099 721675.7
0.00100 721675.7
0.00101 707581.2
0.00102 693774.0
0.00103 680247.6
0.00104 666995.5
0.00105 654011.5
0.00106 641289.4
0.00107 628823.1
0.00108 616606.9
0.00109 604634.7
0.00110 592900.9
0.00111 581399.8
0.00112 570125.7
0.00113 559073.0
0.00114 548236.1
0.00115 537609.4
0.00116 527187.2
0.00117 516963.8
0.00118 506933.5
0.00119 497090.3
0.00120 487428.1
0.00121 477940.8
0.00122 468622.0
0.00123 459464.7
0.00124 450462.1
0.00125 441606.7
0.00126 432890.7
0.00127 424305.6
0.00128 415842.6
0.00129 407492.2
0.00130 399244.0
0.00131 391087.0
0.00132 383009.1
0.00133 374997.3
0.00134 367037.4
0.00135 359114.2
0.00136 351210.8
0.00137 343309.1
0.00138 335389.1
0.00139 327429.5
0.00140 319406.8
0.00141 311295.6
0.00142 303068.5
0.00143 294696.1
0.00144 286146.6
0.00145 277386.3
0.00146 268379.7
0.00147 259089.4
0.00148 249477.2
0.00149 239504.6
0.00150 229134.2
0.00151 223451.4
0.00152 216920.7
0.00153 209536.3
0.00154 201305.3
0.00155 192250.0
0.00156 182411.2
0.00157 171851.9
0.00158 160662.4
0.00159 148965.7
0.00160 136921.4
0.00161 124729.5
0.00162 112628.0
0.00163 100885.9
0.00164 89785.6
0.00165 79595.1
0.00166 70532.2
0.00167 62729.4
0.00168 56213.4
0.00169 50911.3
0.00170 46680.0
0.00171 43346.1
0.00172 40739.0
0.00173 38709.8
0.00174 37138.2
0.00175 35930.3
0.00176 35015.1
0.00177 34339.3
0.00178 33862.7
0.00179 33555.2
0.00180 33394.3
0.00181 33363.0
0.00182 33448.7
0.00183 33642.0
0.00184 33936.0
0.00185 34326.2
0.00186 34809.4
0.00187 35383.7
0.00188 36048.6
0.00189 36804.1
0.00190 37651.2
0.00191 38591.6
0.00192 39627.3
0.00193 40760.9
0.00194 41995.4
0.00195 43334.3
0.00196 44781.1
0.00197 46339.9
0.00198 48014.6
0.00199 49809.8
0.00200 51729.8
0.00201 53779.2
0.00202 55962.6
0.00203 58284.8
0.00204 60750.3
0.00205 63363.7
0.00206 66129.5
0.00207 69051.8
0.00208 72134.8
0.00209 75382.4
0.00210 78797.8
0.00211 82384.2
0.00212 86144.3
0.00213 90080.3
0.00214 94193.7
0.00215 98485.6
0.00216 102956.5
0.00217 107606.1
0.00218 112433.6
0.00219 117437.3
0.00220 122615.0
0.00221 127963.7
0.00222 133479.6
0.00223 139158.4
0.00224 144995.2
0.00225 150984.3
0.00226 157119.6
0.00227 163394.4
0.00228 169801.7
0.00229 176334.2
0.00230 182984.0
0.00231 189743.2
0.00232 196603.9
0.00233 203557.8
0.00234 210596.8
0.00235 217712.8
0.00236 224897.8
0.00237 232143.9
0.00238 239443.7
0.00239 246789.7
0.00240 254174.9
0.00241 261592.6
0.00242 269036.3
0.00243 276500.1
0.00244 283978.2
0.00245 291465.3
0.00246 298956.5
0.00247 306447.0
0.00248 313932.8
0.00249 321409.6
0.00250 328874.0
0.00251 336322.3
0.00252 343751.4
0.00253 351158.4
0.00254 358540.3
0.00255 365894.6
0.00256 373218.5
0.00257 380509.7
0.00258 387765.8
0.00259 394984.3
0.00260 402162.9
0.00261 409299.2
0.00262 416390.8
0.00263 423435.2
0.00264 430430.1
0.00265 437372.8
0.00266 444260.7
0.00267 451091.3
0.00268 457861.8
0.00269 464569.4
0.00270 471211.5
0.00271 477785.3
0.00272 484287.8
0.00273 490716.4
0.00274 497068.3
0.00275 503340.7
0.00276 509531.0
0.00277 515636.7
0.00278 521655.3
0.00279 527584.3
0.00280 533421.7
0.00281 539165.4
0.00282 544813.5
0.00283 550364.2
0.00284 555816.1
0.00285 561167.8
0.00286 566418.3
0.00287 571566.5
0.00288 576611.9
0.00289 581553.9
0.00290 586392.2
0.00291 591126.8
0.00292 595757.6
0.00293 600285.1
0.00294 604709.7
0.00295 609031.9
0.00296 613252.7
0.00297 617372.8
0.00298 621393.4
0.00299 625315.6
0.00300 629140.8
0.00301 632870.3
0.00302 636505.5
0.00303 640048.1
0.00304 643499.7
0.00305 646861.9
0.00306 650136.4
0.00307 653324.9
0.00308 656429.3
0.00309 659451.4
0.00310 662392.9
0.00311 665255.7
0.00312 668041.5
0.00313 670752.3
0.00314 673389.8
0.00315 675955.7
0.00316 678452.0
0.00317 680880.3
0.00318 683242.3
0.00319 685539.9
0.00320 687774.6
0.00321 689948.1
0.00322 692062.1
0.00323 694118.1
0.00324 696117.7
0.00325 698062.5
0.00326 699953.9
0.00327 701793.5
0.00328 703582.5
0.00329 705322.5
0.00330 707014.8
0.00331 708660.8
0.00332 710261.7
0.00333 711818.7
0.00334 713333.2
0.00335 714806.3
0.00336 716239.3
0.00337 717633.1
0.00338 718989.0
0.00339 720308.0
0.00340 721591.2
0.00341 722839.5
0.00342 724054.1
0.00343 725235.7
0.00344 726385.4
0.00345 727504.1
0.00346 728592.6
0.00347 729651.9
0.00348 730682.7
0.00349 731685.8
0.00350 732662.0
0.00351 733612.2
0.00352 734537.0
0.00353 735437.1
0.00354 736313.3
0.00355 737166.1
0.00356 737996.4
0.00357 738804.7
0.00358 739591.6
0.00359 740357.7
0.00360 741103.6
0.00361 741829.9
0.00362 742537.2
0.00363 743225.9
0.00364 743896.5
0.00365 744549.6
0.00366 745185.7
0.00367 745805.2
0.00368 746408.6
0.00369 746996.3
0.00370 747568.8
0.00371 748126.4
0.00372 748669.6
0.00373 749198.8
0.00374 749714.4
0.00375 750216.6
0.00376 750706.0
0.00377 751182.8
0.00378 751647.3
0.00379 752100.0
0.00380 752541.1
0.00381 752970.9
0.00382 753389.8
0.00383 753797.9
0.00384 754195.7
0.00385 754583.4
0.00386 754961.2
0.00387 755329.4
0.00388 755688.3
0.00389 756038.0
0.00390 756379.0
0.00391 756711.3
0.00392 757035.1
0.00393 757350.8
0.00394 757658.6
0.00395 757958.5
0.00396 758250.9
0.00397 758535.9
0.00398 758813.7
0.00399 759084.5
0.00400 759348.5
0.00401 759605.8
0.00402 759856.6
0.00403 760101.1
0.00404 760339.4
0.00405 760571.8
0.00406 760798.2
0.00407 761018.9
0.00408 761234.1
0.00409 761443.8
0.00410 761648.2
0.00411 761847.4
0.00412 762041.6
0.00413 762230.8
0.00414 762415.2
0.00415 762595.0
0.00416 762770.1
0.00417 762940.8
0.00418 763107.1
0.00419 763269.2
0.00420 763427.1
0.00421 763580.9
0.00422 763730.8
0.00423 763876.8
0.00424 764019.0
0.00425 764157.5
0.00426 764292.4
0.00427 764423.8
0.00428 764551.8
0.00429 764676.4
0.00430 764797.7
0.00431 764915.7
0.00432 765030.7
0.00433 765142.6
0.00434 765251.5
0.00435 765357.4
0.00436 765460.5
0.00437 765560.8
0.00438 765658.4
0.00439 765753.3
0.00440 765845.5
0.00441 765935.2
0.00442 766022.4
0.00443 766107.2
0.00444 766189.5
0.00445 766269.5
0.00446 766347.2
0.00447 766422.7
0.00448 766496.0
0.00449 766567.1
0.00450 766636.1
0.00451 766703.1
0.00452 766768.1
0.00453 766831.1
0.00454 766892.1
0.00455 766951.3
0.00456 767008.6
0.00457 767064.1
0.00458 767117.8
0.00459 767169.8
0.00460 767220.1
0.00461 767268.7
0.00462 767315.7
0.00463 767361.1
0.00464 767404.9
0.00465 767447.2
0.00466 767488.0
0.00467 767527.3
0.00468 767565.1
0.00469 767601.6
0.00470 767636.6
0.00471 767670.3
0.00472 767702.7
0.00473 767733.7
0.00474 767763.5
0.00475 767792.0
0.00476 767819.2
0.00477 767845.3
0.00478 767870.2
0.00479 767893.9
0.00480 767916.4
0.00481 767937.9
0.00482 767958.2
0.00483 767977.5
0.00484 767995.7
0.00485 768012.9
0.00486 768029.0
0.00487 768044.2
0.00488 768058.3
0.00489 768071.5
0.00490 768083.8
0.00491 768095.1
0.00492 768105.5
0.00493 768115.0
0.00494 768123.7
0.00495 768131.5
0.00496 768138.4
0.00497 768144.5
0.00498 768149.7
0.00499 768154.2
0.00500 768157.9
0.00501 768160.8
0.00502 768162.9
0.00503 768164.3
0.00504 768165.0
0.00505 768164.9
0.00506 768164.1
0.00507 768162.6
0.00508 768160.5
0.00509 768157.6
0.00510 768154.1
0.00511 768149.9
0.00512 768145.1
0.00513 768139.7
0.00514 768133.6
0.00515 768127.0
0.00516 768119.7
0.00517 768111.8
0.00518 768103.4
0.00519 768094.4
0.00520 768084.8
0.00521 768074.7
0.00522 768064.0
0.00523 768052.8
0.00524 768041.0
0.00525 768028.8
0.00526 768016.0
0.00527 768002.7
0.00528 767989.0
0.00529 767974.7
0.00530 767960.0
0.00531 767944.8
0.00532 767929.1
0.00533 767913.0
0.00534 767896.4
0.00535 767879.4
0.00536 767862.0
0.00537 767844.1
0.00538 767825.8
0.00539 767807.1
0.00540 767787.9
0.00541 767768.4
0.00542 767748.5
0.00543 767728.1
0.00544 767707.4
0.00545 767686.3
0.00546 767664.9
0.00547 767643.0
0.00548 767620.8
0.00549 767598.2
0.00550 767575.3
0.00551 767552.0
0.00552 767528.4
0.00553 767504.5
0.00554 767480.2
0.00555 767455.6
0.00556 767430.6
0.00557 767405.4
0.00558 767379.8
0.00559 767353.9
0.00560 767327.7
0.00561 767301.2
0.00562 767274.4
0.00563 767247.4
0.00564 767220.0
0.00565 767192.3
0.00566 767164.4
0.00567 767136.1
0.00568 767107.6
0.00569 767078.9
0.00570 767049.8
0.00571 767020.5
0.00572 766991.0
0.00573 766961.2
0.00574 766931.1
0.00575 766900.8
0.00576 766870.2
0.00577 766839.4
0.00578 766808.4
0.00579 766777.1
0.00580 766745.6
0.00581 766713.8
0.00582 766681.8
0.00583 766649.6
0.00584 766617.2
0.00585 766584.6
0.00586 766551.7
0.00587 766518.7
0.00588 766485.4
0.00589 766451.9
0.00590 766418.2
0.00591 766384.3
0.00592 766350.2
0.00593 766315.9
0.00594 766281.4
0.00595 766246.7
0.00596 766211.9
0.00597 766176.8
0.00598 766141.6
0.00599 766106.1
0.00600 766070.5
0.00601 766034.8
0.00602 765998.8
0.00603 765962.7
0.00604 765926.4
0.00605 765889.9
0.00606 765853.2
0.00607 765816.4
0.00608 765779.5
0.00609 765742.3
0.00610 765705.0
0.00611 765667.6
0.00612 765630.0
0.00613 765592.2
0.00614 765554.3
0.00615 765516.3
0.00616 765478.1
0.00617 765439.7
0.00618 765401.2
0.00619 765362.6
0.00620 765323.8
0.00621 765284.9
0.00622 765245.8
0.00623 765206.6
0.00624 765167.3
0.00625 765127.8
0.00626 765088.2
0.00627 765048.5
0.00628 765008.7
0.00629 764968.7
0.00630 764928.6
0.00631 764888.4
0.00632 764848.0
0.00633 764807.6
0.00634 764767.0
0.00635 764726.3
0.00636 764685.5
0.00637 764644.5
0.00638 764603.5
0.00639 764562.3
0.00640 764521.1
0.00641 764479.7
0.00642 764438.2
0.00643 764396.6
0.00644 764354.9
0.00645 764313.1
0.00646 764271.2
0.00647 764229.2
0.00648 764187.1
0.00649 764144.9
0.00650 764102.6
0.00651 764060.2
0.00652 764017.7
0.00653 763975.1
0.00654 763932.4
0.00655 763889.7
0.00656 763846.8
0.00657 763803.8
0.00658 763760.8
0.00659 763717.7
0.00660 763674.5
0.00661 763631.2
0.00662 763587.8
0.00663 763544.3
0.00664 763500.8
0.00665 763457.1
0.00666 763413.4
0.00667 763369.6
0.00668 763325.8
0.00669 763281.8
0.00670 763237.8
0.00671 763193.7
0.00672 763149.5
0.00673 763105.3
0.00674 763061.0
0.00675 763016.6
0.00676 762972.1
0.00677 762927.6
0.00678 762883.0
0.00679 762838.3
0.00680 762793.6
0.00681 762748.8
0.00682 762703.9
0.00683 762659.0
0.00684 762614.0
0.00685 762568.9
0.00686 762523.8
0.00687 762478.6
0.00688 762433.4
0.00689 762388.1
0.00690 762342.7
0.00691 762297.3
0.00692 762251.9
0.00693 762206.3
0.00694 762160.7
0.00695 762115.1
0.00696 762069.4
0.00697 762023.7
0.00698 761977.9
0.00699 761932.0
0.00700 761886.1
0.00701 761840.2
0.00702 761794.2
0.00703 761748.1
0.00704 761702.0
0.00705 761655.9
0.00706 761609.7
0.00707 761563.5
0.00708 761517.2
0.00709 761470.9
0.00710 761424.5
0.00711 761378.1
0.00712 761331.6
0.00713 761285.1
0.00714 761238.6
0.00715 761192.0
0.00716 761145.4
0.00717 761098.7
0.00718 761052.0
0.00719 761005.3
0.00720 760958.5
0.00721 760911.7
0.00722 760864.9
0.00723 760818.0
0.00724 760771.1
0.00725 760724.1
0.00726 760677.1
0.00727 760630.1
0.00728 760583.1
0.00729 760536.0
0.00730 760488.9
0.00731 760441.7
0.00732 760394.6
0.00733 760347.4
0.00734 760300.1
0.00735 760252.9
0.00736 760205.6
0.00737 760158.3
0.00738 760110.9
0.00739 760063.6
0.00740 760016.2
0.00741 759968.8
0.00742 759921.3
0.00743 759873.9
0.00744 759826.4
0.00745 759778.8
0.00746 759731.3
0.00747 759683.8
0.00748 759636.2
0.00749 759588.6
0.00750 759541.0
0.00751 759493.3
0.00752 759445.7
0.00753 759398.0
0.00754 759350.3
0.00755 759302.6
0.00756 759254.8
0.00757 759207.1
0.00758 759159.3
0.00759 759111.5
0.00760 759063.7
0.00761 759015.9
0.00762 758968.1
0.00763 758920.3
0.00764 758872.4
0.00765 758824.5
0.00766 758776.7
0.00767 758728.8
0.00768 758680.9
0.00769 758632.9
0.00770 758585.0
0.00771 758537.1
0.00772 758489.1
0.00773 758441.2
0.00774 758393.2
0.00775 758345.2
0.00776 758297.3
0.00777 758249.3
0.00778 758201.3
0.00779 758153.3
0.00780 758105.2
0.00781 758057.2
0.00782 758009.2
0.00783 757961.2
0.00784 757913.1
0.00785 757865.1
0.00786 757817.1
0.00787 757769.0
0.00788 757721.0
0.00789 757672.9
0.00790 757624.9
0.00791 757576.8
0.00792 757528.7
0.00793 757480.7
0.00794 757432.6
0.00795 757384.6
0.00796 757336.5
0.00797 757288.4
0.00798 757240.4
0.00799 757192.3
0.00800 757144.3
0.00801 757096.2
0.00802 757048.1
0.00803 757000.1
0.00804 756952.0
0.00805 756904.0
0.00806 756855.9
0.00807 756807.9
0.00808 756759.9
0.00809 756711.8
0.00810 756663.8
0.00811 756615.8
0.00812 756567.8
0.00813 756519.8
0.00814 756471.8
0.00815 756423.8
0.00816 756375.8
0.00817 756327.8
0.00818 756279.8
0.00819 756231.8
0.00820 756183.9
0.00821 756135.9
0.00822 756088.0
0.00823 756040.1
0.00824 755992.1
0.00825 755944.2
0.00826 755896.3
0.00827 755848.4
0.00828 755800.5
0.00829 755752.7
0.00830 755704.8
0.00831 755657.0
0.00832 755609.1
0.00833 755561.3
0.00834 755513.5
0.00835 755465.7
0.00836 755417.9
0.00837 755370.2
0.00838 755322.4
0.00839 755274.7
0.00840 755226.9
0.00841 755179.2
0.00842 755131.5
0.00843 755083.8
0.00844 755036.2
0.00845 754988.5
0.00846 754940.9
0.00847 754893.3
0.00848 754845.7
0.00849 754798.1
0.00850 754750.5
0.00851 754703.0
0.00852 754655.4
0.00853 754607.9
0.00854 754560.4
0.00855 754513.0
0.00856 754465.5
0.00857 754418.1
0.00858 754370.6
0.00859 754323.2
0.00860 754275.9
0.00861 754228.5
0.00862 754181.2
0.00863 754133.9
0.00864 754086.6
0.00865 754039.3
0.00866 753992.0
0.00867 753944.8
0.00868 753897.6
0.00869 753850.4
0.00870 753803.2
0.00871 753756.1
0.00872 753709.0
0.00873 753661.9
0.00874 753614.8
0.00875 753567.8
0.00876 753520.7
0.00877 753473.7
0.00878 753426.8
0.00879 753379.8
0.00880 753332.9
0.00881 753286.0
0.00882 753239.1
0.00883 753192.3
0.00884 753145.4
0.00885 753098.6
0.00886 753051.9
0.00887 753005.1
0.00888 752958.4
0.00889 752911.7
0.00890 752865.1
0.00891 752818.4
0.00892 752771.8
0.00893 752725.2
0.00894 752678.7
0.00895 752632.2
0.00896 752585.7
0.00897 752539.2
0.00898 752492.8
0.00899 752446.3
0.00900 752400.0
0.00901 752353.6
0.00902 752307.3
0.00903 752261.0
0.00904 752214.7
0.00905 752168.5
0.00906 752122.3
0.00907 752076.1
0.00908 752030.0
0.00909 751983.9
0.00910 751937.8
0.00911 751891.8
0.00912 751845.7
0.00913 751799.8
0.00914 751753.8
0.00915 751707.9
0.00916 751662.0
0.00917 751616.2
0.00918 751570.3
0.00919 751524.6
0.00920 751478.8
0.00921 751433.1
0.00922 751387.4
0.00923 751341.7
0.00924 751296.1
0.00925 751250.5
0.00926 751205.0
0.00927 751159.5
0.00928 751114.0
0.00929 751068.5
0.00930 751023.1
0.00931 750977.7
0.00932 750932.4
0.00933 750887.1
0.00934 750841.8
0.00935 750796.6
0.00936 750751.4
0.00937 750706.2
0.00938 750661.1
0.00939 750616.0
0.00940 750570.9
0.00941 750525.9
0.00942 750480.9
0.00943 750436.0
0.00944 750391.1
0.00945 750346.2
0.00946 750301.4
0.00947 750256.6
0.00948 750211.8
0.00949 750167.1
0.00950 750122.4
0.00951 750077.7
0.00952 750033.1
0.00953 749988.6
0.00954 749944.0
0.00955 749899.5
0.00956 749855.1
0.00957 749810.7
0.00958 749766.3
0.00959 749722.0
0.00960 749677.7
0.00961 749633.4
0.00962 749589.2
0.00963 749545.0
0.00964 749500.9
0.00965 749456.8
0.00966 749412.7
0.00967 749368.7
0.00968 749324.7
0.00969 749280.8
0.00970 749236.9
0.00971 749193.0
0.00972 749149.2
0.00973 749105.4
0.00974 749061.7
0.00975 749018.0
0.00976 748974.4
0.00977 748930.7
0.00978 748887.2
0.00979 748843.7
0.00980 748800.2
0.00981 748756.7
0.00982 748713.3
0.00983 748670.0
0.00984 748626.7
0.00985 748583.4
0.00986 748540.1
0.00987 748497.0
0.00988 748453.8
0.00989 748410.7
0.00990 748367.6
0.00991 748324.6
0.00992 748281.7
0.00993 748238.7
0.00994 748195.8
0.00995 748153.0
0.00996 748110.2
0.00997 748067.4
0.00998 748024.7
0.00999 747982.1
0.01000 747939.4
0.01001 747896.8
0.01002 747854.3
0.01003 747811.8
0.01004 747769.4
0.01005 747727.0
0.01006 747684.6
0.01007 747642.3
0.01008 747600.0
0.01009 747557.8
0.01010 747515.6
0.01011 747473.5
0.01012 747431.4
0.01013 747389.3
0.01014 747347.3
0.01015 747305.4
0.01016 747263.5
0.01017 747221.6
0.01018 747179.8
0.01019 747138.0
0.01020 747096.3
0.01021 747054.6
0.01022 747013.0
0.01023 746971.4
0.01024 746929.8
0.01025 746888.3
0.01026 746846.9
0.01027 746805.5
0.01028 746764.1
0.01029 746722.8
0.01030 746681.5
0.01031 746640.3
0.01032 746599.1
0.01033 746558.0
0.01034 746516.9
0.01035 746475.9
0.01036 746434.9
0.01037 746394.0
0.01038 746353.1
0.01039 746312.2
0.01040 746271.4
0.01041 746230.7
0.01042 746190.0
0.01043 746149.3
0.01044 746108.7
0.01045 746068.1
0.01046 746027.6
0.01047 745987.2
0.01048 745946.7
0.01049 745906.4
0.01050 745866.0
0.01051 745825.8
0.01052 745785.5
0.01053 745745.4
0.01054 745705.2
0.01055 745665.1
0.01056 745625.1
0.01057 745585.1
0.01058 745545.2
0.01059 745505.3
0.01060 745465.4
0.01061 745425.6
0.01062 745385.9
0.01063 745346.2
0.01064 745306.5
0.01065 745266.9
0.01066 745227.4
0.01067 745187.9
0.01068 745148.4
0.01069 745109.0
0.01070 745069.6
0.01071 745030.3
0.01072 744991.1
0.01073 744951.9
0.01074 744912.7
0.01075 744873.6
0.01076 744834.5
0.01077 744795.5
0.01078 744756.5
0.01079 744717.6
0.01080 744678.7
0.01081 744639.9
0.01082 744601.1
0.01083 744562.4
0.01084 744523.8
0.01085 744485.1
0.01086 744446.6
0.01087 744408.0
0.01088 744369.5
0.01089 744331.1
0.01090 744292.7
0.01091 744254.4
0.01092 744216.1
0.01093 744177.9
0.01094 744139.7
0.01095 744101.6
0.01096 744063.5
0.01097 744025.5
0.01098 743987.5
0.01099 743949.6
0.01100 743911.7
0.01101 743873.9
0.01102 743836.1
0.01103 743798.3
0.01104 743760.7
0.01105 743723.0
0.01106 743685.5
0.01107 743647.9
0.01108 743610.4
0.01109 743573.0
0.01110 743535.6
0.01111 743498.3
0.01112 743461.0
0.01113 743423.8
0.01114 743386.6
0.01115 743349.5
0.01116 743312.4
0.01117 743275.3
0.01118 743238.4
0.01119 743201.4
0.01120 743164.5
0.01121 743127.7
0.01122 743090.9
0.01123 743054.2
0.01124 743017.5
0.01125 742980.9
0.01126 742944.3
0.01127 742907.8
0.01128 742871.3
0.01129 742834.9
0.01130 742798.5
0.01131 742762.1
0.01132 742725.9
0.01133 742689.6
0.01134 742653.5
0.01135 742617.3
0.01136 742581.2
0.01137 742545.2
0.01138 742509.2
0.01139 742473.3
0.01140 742437.4
0.01141 742401.6
0.01142 742365.8
0.01143 742330.1
0.01144 742294.4
0.01145 742258.8
0.01146 742223.2
0.01147 742187.7
0.01148 742152.2
0.01149 742116.8
0.01150 742081.4
0.01151 742046.1
0.01152 742010.8
0.01153 741975.6
0.01154 741940.4
0.01155 741905.3
0.01156 741870.2
0.01157 741835.2
0.01158 741800.2
0.01159 741765.3
0.01160 741730.4
0.01161 741695.6
0.01162 741660.8
0.01163 741626.1
0.01164 741591.4
0.01165 741556.8
0.01166 741522.2
0.01167 741487.7
0.01168 741453.3
0.01169 741418.8
0.01170 741384.5
0.01171 741350.2
0.01172 741315.9
0.01173 741281.7
0.01174 741247.5
0.01175 741213.4
0.01176 741179.3
0.01177 741145.3
0.01178 741111.3
0.01179 741077.4
0.01180 741043.5
0.01181 741009.7
0.01182 740976.0
0.01183 740942.2
0.01184 740908.6
0.01185 740874.9
0.01186 740841.4
0.01187 740807.9
0.01188 740774.4
0.01189 740741.0
0.01190 740707.6
0.01191 740674.3
0.01192 740641.0
0.01193 740607.8
0.01194 740574.6
0.01195 740541.5
0.01196 740508.5
0.01197 740475.4
0.01198 740442.5
0.01199 740409.6
0.01200 740376.7
0.01201 740343.9
0.01202 740311.1
0.01203 740278.4
0.01204 740245.7
0.01205 740213.1
0.01206 740180.5
0.01207 740148.0
0.01208 740115.5
0.01209 740083.1
0.01210 740050.7
0.01211 740018.4
0.01212 739986.1
0.01213 739953.9
0.01214 739921.7
0.01215 739889.6
0.01216 739857.5
0.01217 739825.5
0.01218 739793.5
0.01219 739761.6
0.01220 739729.7
0.01221 739697.9
0.01222 739666.1
0.01223 739634.4
0.01224 739602.7
0.01225 739571.1
0.01226 739539.5
0.01227 739508.0
0.01228 739476.5
0.01229 739445.1
0.01230 739413.7
0.01231 739382.3
0.01232 739351.1
0.01233 739319.8
0.01234 739288.6
0.01235 739257.5
0.01236 739226.4
0.01237 739195.4
0.01238 739164.4
0.01239 739133.4
0.01240 739102.5
0.01241 739071.7
0.01242 739040.9
0.01243 739010.1
0.01244 738979.4
0.01245 738948.8
0.01246 738918.2
0.01247 738887.6
0.01248 738857.1
0.01249 738826.7
0.01250 738796.2
0.01251 738765.9
0.01252 738735.6
0.01253 738705.3
0.01254 738675.1
0.01255 738644.9
0.01256 738614.8
0.01257 738584.7
0.01258 738554.7
0.01259 738524.7
0.01260 738494.8
0.01261 738464.9
0.01262 738435.1
0.01263 738405.3
0.01264 738375.6
0.01265 738345.9
0.01266 738316.3
0.01267 738286.7
0.01268 738257.1
0.01269 738227.6
0.01270 738198.2
0.01271 738168.8
0.01272 738139.4
0.01273 738110.1
0.01274 738080.9
0.01275 738051.7
0.01276 738022.5
0.01277 737993.4
0.01278 737964.3
0.01279 737935.3
0.01280 737906.3
0.01281 737877.4
0.01282 737848.5
0.01283 737819.7
0.01284 737790.9
0.01285 737762.2
0.01286 737733.5
0.01287 737704.9
0.01288 737676.3
0.01289 737647.7
0.01290 737619.2
0.01291 737590.8
0.01292 737562.4
0.01293 737534.0
0.01294 737505.7
0.01295 737477.4
0.01296 737449.2
0.01297 737421.0
0.01298 737392.9
0.01299 737364.8
0.01300 737336.8
0.01301 737308.8
0.01302 737280.9
0.01303 737253.0
0.01304 737225.1
0.01305 737197.3
0.01306 737169.6
0.01307 737141.9
0.01308 737114.2
0.01309 737086.6
0.01310 737059.0
0.01311 737031.5
0.01312 737004.0
0.01313 736976.6
0.01314 736949.2
0.01315 736921.9
0.01316 736894.6
0.01317 736867.3
0.01318 736840.1
0.01319 736813.0
0.01320 736785.9
0.01321 736758.8
0.01322 736731.8
0.01323 736704.8
0.01324 736677.9
0.01325 736651.0
0.01326 736624.2
0.01327 736597.4
0.01328 736570.6
0.01329 736543.9
0.01330 736517.3
0.01331 736490.6
0.01332 736464.1
0.01333 736437.6
0.01334 736411.1
0.01335 736384.6
0.01336 736358.3
0.01337 736331.9
0.01338 736305.6
0.01339 736279.4
0.01340 736253.2
0.01341 736227.0
0.01342 736200.9
0.01343 736174.8
0.01344 736148.8
0.01345 736122.8
0.01346 736096.9
0.01347 736071.0
0.01348 736045.1
0.01349 736019.3
0.01350 735993.5
0.01351 735967.8
0.01352 735942.1
0.01353 735916.5
0.01354 735890.9
0.01355 735865.4
0.01356 735839.9
0.01357 735814.4
0.01358 735789.0
0.01359 735763.7
0.01360 735738.3
0.01361 735713.0
0.01362 735687.8
0.01363 735662.6
0.01364 735637.5
0.01365 735612.4
0.01366 735587.3
0.01367 735562.3
0.01368 735537.3
0.01369 735512.4
0.01370 735487.5
0.01371 735462.6
0.01372 735437.8
0.01373 735413.1
0.01374 735388.4
0.01375 735363.7
0.01376 735339.1
0.01377 735314.5
0.01378 735289.9
0.01379 735265.4
0.01380 735241.0
0.01381 735216.5
0.01382 735192.2
0.01383 735167.8
0.01384 735143.6
0.01385 735119.3
0.01386 735095.1
0.01387 735070.9
0.01388 735046.8
0.01389 735022.7
0.01390 734998.7
0.01391 734974.7
0.01392 734950.8
0.01393 734926.9
0.01394 734903.0
0.01395 734879.2
0.01396 734855.4
0.01397 734831.6
0.01398 734807.9
0.01399 734784.3
0.01400 734760.7
0.01401 734737.1
0.01402 734713.6
0.01403 734690.1
0.01404 734666.6
0.01405 734643.2
0.01406 734619.8
0.01407 734596.5
0.01408 734573.2
0.01409 734550.0
0.01410 734526.8
0.01411 734503.6
0.01412 734480.5
0.01413 734457.4
0.01414 734434.4
0.01415 734411.4
0.01416 734388.4
0.01417 734365.5
0.01418 734342.6
0.01419 734319.8
0.01420 734297.0
0.01421 734274.2
0.01422 734251.5
0.01423 734228.9
0.01424 734206.2
0.01425 734183.6
0.01426 734161.1
0.01427 734138.6
0.01428 734116.1
0.01429 734093.7
0.01430 734071.3
0.01431 734048.9
0.01432 734026.6
0.01433 734004.3
0.01434 733982.1
0.01435 733959.9
0.01436 733937.8
0.01437 733915.6
0.01438 733893.6
0.01439 733871.5
0.01440 733849.5
0.01441 733827.6
0.01442 733805.7
0.01443 733783.8
0.01444 733762.0
0.01445 733740.2
0.01446 733718.4
0.01447 733696.7
0.01448 733675.0
0.01449 733653.4
0.01450 733631.8
0.01451 733610.2
0.01452 733588.7
0.01453 733567.2
0.01454 733545.7
0.01455 733524.3
0.01456 733503.0
0.01457 733481.6
0.01458 733460.3
0.01459 733439.1
0.01460 733417.9
0.01461 733396.7
0.01462 733375.5
0.01463 733354.4
0.01464 733333.4
0.01465 733312.3
0.01466 733291.4
0.01467 733270.4
0.01468 733249.5
0.01469 733228.6
0.01470 733207.8
0.01471 733187.0
0.01472 733166.2
0.01473 733145.5
0.01474 733124.8
0.01475 733104.2
0.01476 733083.6
0.01477 733063.0
0.01478 733042.5
0.01479 733022.0
0.01480 733001.5
0.01481 732981.1
0.01482 732960.7
0.01483 732940.3
0.01484 732920.0
0.01485 732899.8
0.01486 732879.5
0.01487 732859.3
0.01488 732839.2
0.01489 732819.0
0.01490 732798.9
0.01491 732778.9
0.01492 732758.9
0.01493 732738.9
0.01494 732718.9
0.01495 732699.0
0.01496 732679.2
0.01497 732659.3
0.01498 732639.5
0.01499 732619.8
0.01500 732600.0
0.01501 732580.4
0.01502 732560.7
0.01503 732541.1
0.01504 732521.5
0.01505 732502.0
0.01506 732482.4
0.01507 732463.0
0.01508 732443.5
0.01509 732424.1
0.01510 732404.8
0.01511 732385.4
0.01512 732366.1
0.01513 732346.9
0.01514 732327.6
0.01515 732308.5
0.01516 732289.3
0.01517 732270.2
0.01518 732251.1
0.01519 732232.1
0.01520 732213.0
0.01521 732194.1
0.01522 732175.1
0.01523 732156.2
0.01524 732137.3
0.01525 732118.5
0.01526 732099.7
0.01527 732080.9
0.01528 732062.2
0.01529 732043.5
0.01530 732024.8
0.01531 732006.2
0.01532 731987.6
0.01533 731969.0
0.01534 731950.5
0.01535 731932.0
0.01536 731913.5
0.01537 731895.1
0.01538 731876.7
0.01539 731858.4
0.01540 731840.0
0.01541 731821.7
0.01542 731803.5
0.01543 731785.3
0.01544 731767.1
0.01545 731748.9
0.01546 731730.8
0.01547 731712.7
0.01548 731694.7
0.01549 731676.6
0.01550 731658.7
0.01551 731640.7
0.01552 731622.8
0.01553 731604.9
0.01554 731587.0
0.01555 731569.2
0.01556 731551.4
0.01557 731533.7
0.01558 731516.0
0.01559 731498.3
0.01560 731480.6
0.01561 731463.0
0.01562 731445.4
0.01563 731427.9
0.01564 731410.3
0.01565 731392.8
0.01566 731375.4
0.01567 731357.9
0.01568 731340.6
0.01569 731323.2
0.01570 731305.9
0.01571 731288.6
0.01572 731271.3
0.01573 731254.1
0.01574 731236.9
0.01575 731219.7
0.01576 731202.6
0.01577 731185.5
0.01578 731168.4
0.01579 731151.4
0.01580 731134.3
0.01581 731117.4
0.01582 731100.4
0.01583 731083.5
0.01584 731066.6
0.01585 731049.8
0.01586 731033.0
0.01587 731016.2
0.01588 730999.4
0.01589 730982.7
0.01590 730966.0
0.01591 730949.3
0.01592 730932.7
0.01593 730916.1
0.01594 730899.5
0.01595 730883.0
0.01596 730866.5
0.01597 730850.0
0.01598 730833.6
0.01599 730817.2
0.01600 730800.8
0.01601 730784.4
0.01602 730768.1
0.01603 730751.8
0.01604 730735.6
0.01605 730719.3
0.01606 730703.1
0.01607 730687.0
0.01608 730670.8
0.01609 730654.7
0.01610 730638.7
0.01611 730622.6
0.01612 730606.6
0.01613 730590.6
0.01614 730574.7
0.01615 730558.7
0.01616 730542.8
0.01617 730527.0
0.01618 730511.1
0.01619 730495.3
0.01620 730479.5
0.01621 730463.8
0.01622 730448.1
0.01623 730432.4
0.01624 730416.7
0.01625 730401.1
0.01626 730385.5
0.01627 730369.9
0.01628 730354.4
0.01629 730338.9
0.01630 730323.4
0.01631 730308.0
0.01632 730292.5
0.01633 730277.1
0.01634 730261.8
0.01635 730246.4
0.01636 730231.1
0.01637 730215.9
0.01638 730200.6
0.01639 730185.4
0.01640 730170.2
0.01641 730155.0
0.01642 730139.9
0.01643 730124.8
0.01644 730109.7
0.01645 730094.7
0.01646 730079.6
0.01647 730064.7
0.01648 730049.7
0.01649 730034.8
0.01650 730019.8
0.01651 730005.0
0.01652 729990.1
0.01653 729975.3
0.01654 729960.5
0.01655 729945.7
0.01656 729931.0
0.01657 729916.3
0.01658 729901.6
0.01659 729887.0
0.01660 729872.3
0.01661 729857.7
0.01662 729843.2
0.01663 729828.6
0.01664 729814.1
0.01665 729799.6
0.01666 729785.1
0.01667 729770.7
0.01668 729756.3
0.01669 729741.9
0.01670 729727.6
0.01671 729713.3
0.01672 729699.0
0.01673 729684.7
0.01674 729670.4
0.01675 729656.2
0.01676 729642.0
0.01677 729627.9
0.01678 729613.7
0.01679 729599.6
0.01680 729585.6
0.01681 729571.5
0.01682 729557.5
0.01683 729543.5
0.01684 729529.5
0.01685 729515.5
0.01686 729501.6
0.01687 729487.7
0.01688 729473.9
0.01689 729460.0
0.01690 729446.2
0.01691 729432.4
0.01692 729418.7
0.01693 729404.9
0.01694 729391.2
0.01695 729377.5
0.01696 729363.9
0.01697 729350.2
0.01698 729336.6
0.01699 729323.0
0.01700 729309.5
0.01701 729296.0
0.01702 729282.5
0.01703 729269.0
0.01704 729255.5
0.01705 729242.1
0.01706 729228.7
0.01707 729215.3
0.01708 729202.0
0.01709 729188.6
0.01710 729175.3
0.01711 729162.1
0.01712 729148.8
0.01713 729135.6
0.01714 729122.4
0.01715 729109.2
0.01716 729096.1
0.01717 729083.0
0.01718 729069.9
0.01719 729056.8
0.01720 729043.7
0.01721 729030.7
0.01722 729017.7
0.01723 729004.8
0.01724 728991.8
0.01725 728978.9
0.01726 728966.0
0.01727 728953.1
0.01728 728940.3
0.01729 728927.4
0.01730 728914.6
0.01731 728901.9
0.01732 728889.1
0.01733 728876.4
0.01734 728863.7
0.01735 728851.0
0.01736 728838.3
0.01737 728825.7
0.01738 728813.1
0.01739 728800.5
0.01740 728788.0
0.01741 728775.4
0.01742 728762.9
0.01743 728750.4
0.01744 728738.0
0.01745 728725.5
0.01746 728713.1
0.01747 728700.7
0.01748 728688.4
0.01749 728676.0
0.01750 728663.7
0.01751 728651.4
0.01752 728639.1
0.01753 728626.9
0.01754 728614.7
0.01755 728602.5
0.01756 728590.3
0.01757 728578.1
0.01758 728566.0
0.01759 728553.9
0.01760 728541.8
0.01761 728529.7
0.01762 728517.7
0.01763 728505.7
0.01764 728493.7
0.01765 728481.7
0.01766 728469.8
0.01767 728457.8
0.01768 728445.9
0.01769 728434.1
0.01770 728422.2
0.01771 728410.4
0.01772 728398.5
0.01773 728386.8
0.01774 728375.0
0.01775 728363.2
0.01776 728351.5
0.01777 728339.8
0.01778 728328.2
0.01779 728316.5
0.01780 728304.9
0.01781 728293.3
0.01782 728281.7
0.01783 728270.1
0.01784 728258.6
0.01785 728247.0
0.01786 728235.5
0.01787 728224.1
0.01788 728212.6
0.01789 728201.2
0.01790 728189.8
0.01791 728178.4
0.01792 728167.0
0.01793 728155.7
0.01794 728144.3
0.01795 728133.0
0.01796 728121.8
0.01797 728110.5
0.01798 728099.3
0.01799 728088.1
0.01800 728076.9
0.01801 728065.7
0.01802 728054.5
0.01803 728043.4
0.01804 728032.3
0.01805 728021.2
0.01806 728010.1
0.01807 727999.1
0.01808 727988.1
0.01809 727977.1
0.01810 727966.1
0.01811 727955.1
0.01812 727944.2
0.01813 727933.3
0.01814 727922.4
0.01815 727911.5
0.01816 727900.6
0.01817 727889.8
0.01818 727879.0
0.01819 727868.2
0.01820 727857.4
0.01821 727846.7
0.01822 727836.0
0.01823 727825.2
0.01824 727814.6
0.01825 727803.9
0.01826 727793.2
0.01827 727782.6
0.01828 727772.0
0.01829 727761.4
0.01830 727750.8
0.01831 727740.3
0.01832 727729.8
0.01833 727719.3
0.01834 727708.8
0.01835 727698.3
0.01836 727687.9
0.01837 727677.4
0.01838 727667.0
0.01839 727656.6
0.01840 727646.3
0.01841 727635.9
0.01842 727625.6
0.01843 727615.3
0.01844 727605.0
0.01845 727594.7
0.01846 727584.5
0.01847 727574.3
0.01848 727564.1
0.01849 727553.9
0.01850 727543.7
0.01851 727533.6
0.01852 727523.4
0.01853 727513.3
0.01854 727503.2
0.01855 727493.2
0.01856 727483.1
0.01857 727473.1
0.01858 727463.1
0.01859 727453.1
0.01860 727443.1
0.01861 727433.1
0.01862 727423.2
0.01863 727413.3
0.01864 727403.4
0.01865 727393.5
0.01866 727383.6
0.01867 727373.8
0.01868 727364.0
0.01869 727354.2
0.01870 727344.4
0.01871 727334.6
0.01872 727324.9
0.01873 727315.1
0.01874 727305.4
0.01875 727295.7
0.01876 727286.1
0.01877 727276.4
0.01878 727266.8
0.01879 727257.1
0.01880 727247.5
0.01881 727238.0
0.01882 727228.4
0.01883 727218.9
0.01884 727209.3
0.01885 727199.8
0.01886 727190.3
0.01887 727180.9
0.01888 727171.4
0.01889 727162.0
0.01890 727152.6
0.01891 727143.2
0.01892 727133.8
0.01893 727124.4
0.01894 727115.1
0.01895 727105.7
0.01896 727096.4
0.01897 727087.1
0.01898 727077.9
0.01899 727068.6
0.01900 727059.4
0.01901 727050.2
0.01902 727041.0
0.01903 727031.8
0.01904 727022.6
0.01905 727013.4
0.01906 727004.3
0.01907 726995.2
0.01908 726986.1
0.01909 726977.0
0.01910 726968.0
0.01911 726958.9
0.01912 726949.9
0.01913 726940.9
0.01914 726931.9
0.01915 726922.9
0.01916 726914.0
0.01917 726905.0
0.01918 726896.1
0.01919 726887.2
0.01920 726878.3
0.01921 726869.4
0.01922 726860.6
0.01923 726851.7
0.01924 726842.9
0.01925 726834.1
0.01926 726825.3
0.01927 726816.5
0.01928 726807.8
0.01929 726799.0
0.01930 726790.3
0.01931 726781.6
0.01932 726772.9
0.01933 726764.3
0.01934 726755.6
0.01935 726747.0
0.01936 726738.4
0.01937 726729.7
0.01938 726721.2
0.01939 726712.6
0.01940 726704.0
0.01941 726695.5
0.01942 726687.0
0.01943 726678.5
0.01944 726670.0
0.01945 726661.5
0.01946 726653.0
0.01947 726644.6
0.01948 726636.2
0.01949 726627.8
0.01950 726619.4
0.01951 726611.0
0.01952 726602.6
0.01953 726594.3
0.01954 726586.0
0.01955 726577.7
0.01956 726569.4
0.01957 726561.1
0.01958 726552.8
0.01959 726544.6
0.01960 726536.3
0.01961 726528.1
0.01962 726519.9
0.01963 726511.7
0.01964 726503.6
0.01965 726495.4
0.01966 726487.3
0.01967 726479.1
0.01968 726471.0
0.01969 726462.9
0.01970 726454.9
0.01971 726446.8
0.01972 726438.8
0.01973 726430.7
0.01974 726422.7
0.01975 726414.7
0.01976 726406.7
0.01977 726398.8
0.01978 726390.8
0.01979 726382.9
0.01980 726374.9
0.01981 726367.0
0.01982 726359.1
0.01983 726351.3
0.01984 726343.4
0.01985 726335.5
0.01986 726327.7
0.01987 726319.9
0.01988 726312.1
0.01989 726304.3
0.01990 726296.5
0.01991 726288.8
0.01992 726281.0
0.01993 726273.3
0.01994 726265.6
0.01995 726257.9
0.01996 726250.2
0.01997 726242.5
0.01998 726234.9
0.01999 726227.2
0.02000 721675.7
0.02001 721675.7
0.02002 721675.7
0.02003 721675.7
0.02004 721675.7
0.02005 721675.7
0.02006 721675.7
0.02007 721675.7
0.02008 721675.7
0.02009 721675.7
0.02010 721675.7
0.02011 721675.7
0.02012 721675.7
0.02013 721675.7
0.02014 721675.7
0.02015 721675.7
0.02016 721675.7
0.02017 721675.7
0.02018 721675.7
0.02019 721675.7
0.02020 721675.7
0.02021 721675.7
0.02022 721675.7
0.02023 721675.7
0.02024 721675.7
0.02025 721675.7
0.02026 721675.7
0.02027 721675.7
0.02028 721675.7
0.02029 721675.7
0.02030 721675.7
0.02031 721675.7
0.02032 721675.7
0.02033 721675.7
0.02034 721675.7
0.02035 721675.7
0.02036 721675.7
0.02037 721675.7
0.02038 721675.7
0.02039 721675.7
0.02040 721675.7
0.02041 721675.7
0.02042 721675.7
0.02043 721675.7
0.02044 721675.7
0.02045 721675.7
0.02046 721675.7
0.02047 721675.7
0.02048 721675.7
0.02049 721675.7
0.02050 721675.7
0.02051 721675.7
0.02052 721675.7
0.02053 721675.7
0.02054 721675.7
0.02055 721675.7
0.02056 721675.7
0.02057 721675.7
0.02058 721675.7
0.02059 721675.7
0.02060 721675.7
0.02061 721675.7
0.02062 721675.7
0.02063 721675.7
0.02064 721675.7
0.02065 721675.7
0.02066 721675.7
0.02067 721675.7
0.02068 721675.7
0.02069 721675.7
0.02070 721675.7
0.02071 721675.7
0.02072 721675.7
0.02073 721675.7
0.02074 721675.7
0.02075 721675.7
0.02076 721675.7
0.02077 721675.7
0.02078 721675.7
0.02079 721675.7
0.02080 721675.7
0.02081 721675.7
0.02082 721675.7
0.02083 721675.7
0.02084 721675.7
0.02085 721675.7
0.02086 721675.7
0.02087 721675.7
0.02088 721675.7
0.02089 721675.7
0.02090 721675.7
0.02091 721675.7
0.02092 721675.7
0.02093 721675.7
0.02094 721675.7
0.02095 721675.7
0.02096 721675.7
0.02097 721675.7
0.02098 721675.7
0.02099 721675.7
0.02100 721675.7
0.02101 707581.2
0.02102 693774.0
0.02103 680247.6
0.02104 666995.5
0.02105 654011.5
0.02106 641289.4
0.02107 628823.1
0.02108 616606.9
0.02109 604634.7
0.02110 592900.9
0.02111 581399.8
0.02112 570125.7
0.02113 559073.0
0.02114 548236.1
0.02115 537609.4
0.02116 527187.2
0.02117 516963.8
0.02118 506933.5
0.02119 497090.3
0.02120 487428.1
0.02121 477940.8
0.02122 468622.0
0.02123 459464.7
0.02124 450462.1
0.02125 441606.7
0.02126 432890.7
0.02127 424305.6
0.02128 415842.6
0.02129 407492.2
0.02130 399244.0
0.02131 391087.0
0.02132 383009.1
0.02133 374997.3
0.02134 367037.4
0.02135 359114.2
0.02136 351210.8
0.02137 343309.1
0.02138 335389.1
0.02139 327429.5
0.02140 319406.8
0.02141 311295.6
0.02142 303068.5
0.02143 294696.1
0.02144 286146.6
0.02145 277386.3
0.02146 268379.7
0.02147 259089.4
0.02148 249477.2
0.02149 239504.6
0.02150 229134.2
0.02151 223451.4
0.02152 216920.7
0.02153 209536.3
0.02154 201305.3
0.02155 192250.0
0.02156 182411.2
0.02157 171851.9
0.02158 160662.4
0.02159 148965.7
0.02160 136921.4
0.02161 124729.5
0.02162 112628.0
0.02163 100885.9
0.02164 89785.6
0.02165 79595.1
0.02166 70532.2
0.02167 62729.4
0.02168 56213.4
0.02169 50911.3
0.02170 46680.0
0.02171 43346.1
0.02172 40739.0
0.02173 38709.8
0.02174 37138.2
0.02175 35930.3
0.02176 35015.1
0.02177 34339.3
0.02178 33862.7
0.02179 33555.2
0.02180 33394.3
0.02181 33363.0
0.02182 33448.7
0.02183 33642.0
0.02184 33936.0
0.02185 34326.2
0.02186 34809.4
0.02187 35383.7
0.02188 36048.6
0.02189 36804.1
0.02190 37651.2
0.02191 38591.6
0.02192 39627.3
0.02193 40760.9
0.02194 41995.4
0.02195 43334.3
0.02196 44781.1
0.02197 46339.9
0.02198 48014.6
0.02199 49809.8
0.02200 51729.8
0.02201 53779.2
0.02202 55962.6
0.02203 58284.8
0.02204 60750.3
0.02205 63363.7
0.02206 66129.5
0.02207 69051.8
0.02208 72134.8
0.02209 75382.4
0.02210 78797.8
0.02211 82384.2
0.02212 86144.3
0.02213 90080.3
0.02214 94193.7
0.02215 98485.6
0.02216 102956.5
0.02217 107606.1
0.02218 112433.6
0.02219 117437.3
0.02220 122615.0
0.02221 127963.7
0.02222 133479.6
0.02223 139158.4
0.02224 144995.2
0.02225 150984.3
0.02226 157119.6
0.02227 163394.4
0.02228 169801.7
0.02229 176334.2
0.02230 182984.0
0.02231 189743.2
0.02232 196603.9
0.02233 203557.8
0.02234 210596.8
0.02235 217712.8
0.02236 224897.8
0.02237 232143.9
0.02238 239443.7
0.02239 246789.7
0.02240 254174.9
0.02241 261592.6
0.02242 269036.3
0.02243 276500.1
0.02244 283978.2
0.02245 291465.3
0.02246 298956.5
0.02247 306447.0
0.02248 313932.8
0.02249 321409.6
0.02250 328874.0
0.02251 336322.3
0.02252 343751.4
0.02253 351158.4
0.02254 358540.3
0.02255 365894.6
0.02256 373218.5
0.02257 380509.7
0.02258 387765.8
0.02259 394984.3
0.02260 402162.9
0.02261 409299.2
0.02262 416390.8
0.02263 423435.2
0.02264 430430.1
0.02265 437372.8
0.02266 444260.7
0.02267 451091.3
0.02268 457861.8
0.02269 464569.4
0.02270 471211.5
0.02271 477785.3
0.02272 484287.8
0.02273 490716.4
0.02274 497068.3
0.02275 503340.7
0.02276 509531.0
0.02277 515636.7
0.02278 521655.3
0.02279 527584.3
0.02280 533421.7
0.02281 539165.4
0.02282 544813.5
0.02283 550364.2
0.02284 555816.1
0.02285 561167.8
0.02286 566418.3
0.02287 571566.5
0.02288 576611.9
0.02289 581553.9
0.02290 586392.2
0.02291 591126.8
0.02292 595757.6
0.02293 600285.1
0.02294 604709.7
0.02295 609031.9
0.02296 613252.7
0.02297 617372.8
0.02298 621393.4
0.02299 625315.6
0.02300 629140.8
0.02301 632870.3
0.02302 636505.5
0.02303 640048.1
0.02304 643499.7
0.02305 646861.9
0.02306 650136.4
0.02307 653324.9
0.02308 656429.3
0.02309 659451.4
0.02310 662392.9
0.02311 665255.7
0.02312 668041.5
0.02313 670752.3
0.02314 673389.8
0.02315 675955.7
0.02316 678452.0
0.02317 680880.3
0.02318 683242.3
0.02319 685539.9
0.02320 687774.6
0.02321 689948.1
0.02322 692062.1
0.02323 694118.1
0.02324 696117.7
0.02325 698062.5
0.02326 699953.9
0.02327 701793.5
0.02328 703582.5
0.02329 705322.5
0.02330 707014.8
0.02331 708660.8
0.02332 710261.7
0.02333 711818.7
0.02334 713333.2
0.02335 714806.3
0.02336 716239.3
0.02337 717633.1
0.02338 718989.0
0.02339 720308.0
0.02340 721591.2
0.02341 722839.5
0.02342 724054.1
0.02343 725235.7
0.02344 726385.4
0.02345 727504.1
0.02346 728592.6
0.02347 729651.9
0.02348 730682.7
0.02349 731685.8
0.02350 732662.0
0.02351 733612.2
0.02352 734537.0
0.02353 735437.1
0.02354 736313.3
0.02355 737166.1
0.02356 737996.4
0.02357 738804.7
0.02358 739591.6
0.02359 740357.7
0.02360 741103.6
0.02361 741829.9
0.02362 742537.2
0.02363 743225.9
0.02364 743896.5
0.02365 744549.6
0.02366 745185.7
0.02367 745805.2
0.02368 746408.6
0.02369 746996.3
0.02370 747568.8
0.02371 748126.4
0.02372 748669.6
0.02373 749198.8
0.02374 749714.4
0.02375 750216.6
0.02376 750706.0
0.02377 751182.8
0.02378 751647.3
0.02379 752100.0
0.02380 752541.1
0.02381 752970.9
0.02382 753389.8
0.02383 753797.9
0.02384 754195.7
0.02385 754583.4
0.02386 754961.2
0.02387 755329.4
0.02388 755688.3
0.02389 756038.0
0.02390 756379.0
0.02391 756711.3
0.02392 757035.1
0.02393 757350.8
0.02394 757658.6
0.02395 757958.5
0.02396 758250.9
0.02397 758535.9
0.02398 758813.7
0.02399 759084.5
0.02400 759348.5
0.02401 759605.8
0.02402 759856.6
0.02403 760101.1
0.02404 760339.4
0.02405 760571.8
0.02406 760798.2
0.02407 761018.9
0.02408 761234.1
0.02409 761443.8
0.02410 761648.2
0.02411 761847.4
0.02412 762041.6
0.02413 762230.8
0.02414 762415.2
0.02415 762595.0
0.02416 762770.1
0.02417 762940.8
0.02418 763107.1
0.02419 763269.2
0.02420 763427.1
0.02421 763580.9
0.02422 763730.8
0.02423 763876.8
0.02424 764019.0
0.02425 764157.5
0.02426 764292.4
0.02427 764423.8
0.02428 764551.8
0.02429 764676.4
0.02430 764797.7
0.02431 764915.7
0.02432 765030.7
0.02433 765142.6
0.02434 765251.5
0.02435 765357.4
0.02436 765460.5
0.02437 765560.8
0.02438 765658.4
0.02439 765753.3
0.02440 765845.5
0.02441 765935.2
0.02442 766022.4
0.02443 766107.2
0.02444 766189.5
0.02445 766269.5
0.02446 766347.2
0.02447 766422.7
0.02448 766496.0
0.02449 766567.1
0.02450 766636.1
0.02451 766703.1
0.02452 766768.1
0.02453 766831.1
0.02454 766892.1
0.02455 766951.3
0.02456 767008.6
0.02457 767064.1
0.02458 767117.8
0.02459 767169.8
0.02460 767220.1
0.02461 767268.7
0.02462 767315.7
0.02463 767361.1
0.02464 767404.9
0.02465 767447.2
0.02466 767488.0
0.02467 767527.3
0.02468 767565.1
0.02469 767601.6
0.02470 767636.6
0.02471 767670.3
0.02472 767702.7
0.02473 767733.7
0.02474 767763.5
0.02475 767792.0
0.02476 767819.2
0.02477 767845.3
0.02478 767870.2
0.02479 767893.9
0.02480 767916.4
0.02481 767937.9
0.02482 767958.2
0.02483 767977.5
0.02484 767995.7
0.02485 768012.9
0.02486 768029.0
0.02487 768044.2
0.02488 768058.3
0.02489 768071.5
0.02490 768083.8
0.02491 768095.1
0.02492 768105.5
0.02493 768115.0
0.02494 768123.7
0.02495 768131.5
0.02496 768138.4
0.02497 768144.5
0.02498 768149.7
0.02499 768154.2
0.02500 768157.9
0.02501 768160.8
0.02502 768162.9
0.02503 768164.3
0.02504 768165.0
0.02505 768164.9
0.02506 768164.1
0.02507 768162.6
0.02508 768160.5
0.02509 768157.6
0.02510 768154.1
0.02511 768149.9
0.02512 768145.1
0.02513 768139.7
0.02514 768133.6
0.02515 768127.0
0.02516 768119.7
0.02517 768111.8
0.02518 768103.4
0.02519 768094.4
0.02520 768084.8
0.02521 768074.7
0.02522 768064.0
0.02523 768052.8
0.02524 768041.0
0.02525 768028.8
0.02526 768016.0
0.02527 768002.7
0.02528 767989.0
0.02529 767974.7
0.02530 767960.0
0.02531 767944.8
0.02532 767929.1
0.02533 767913.0
0.02534 767896.4
0.02535 767879.4
0.02536 767862.0
0.02537 767844.1
0.02538 767825.8
0.02539 767807.1
0.02540 767787.9
0.02541 767768.4
0.02542 767748.5
0.02543 767728.1
0.02544 767707.4
0.02545 767686.3
0.02546 767664.9
0.02547 767643.0
0.02548 767620.8
0.02549 767598.2
0.02550 767575.3
0.02551 767552.0
0.02552 767528.4
0.02553 767504.5
0.02554 767480.2
0.02555 767455.6
0.02556 767430.6
0.02557 767405.4
0.02558 767379.8
0.02559 767353.9
0.02560 767327.7
0.02561 767301.2
0.02562 767274.4
0.02563 767247.4
0.02564 767220.0
0.02565 767192.3
0.02566 767164.4
0.02567 767136.1
0.02568 767107.6
0.02569 767078.9
0.02570 767049.8
0.02571 767020.5
0.02572 766991.0
0.02573 766961.2
0.02574 766931.1
0.02575 766900.8
0.02576 766870.2
0.02577 766839.4
0.02578 766808.4
0.02579 766777.1
0.02580 766745.6
0.02581 766713.8
0.02582 766681.8
0.02583 766649.6
0.02584 766617.2
0.02585 766584.6
0.02586 766551.7
0.02587 766518.7
0.02588 766485.4
0.02589 766451.9
0.02590 766418.2
0.02591 766384.3
0.02592 766350.2
0.02593 766315.9
0.02594 766281.4
0.02595 766246.7
0.02596 766211.9
0.02597 766176.8
0.02598 766141.6
0.02599 766106.1
0.02600 766070.5
0.02601 766034.8
0.02602 765998.8
0.02603 765962.7
0.02604 765926.4
0.02605 765889.9
0.02606 765853.2
0.02607 765816.4
0.02608 765779.5
0.02609 765742.3
0.02610 765705.0
0.02611 765667.6
0.02612 765630.0
0.02613 765592.2
0.02614 765554.3
0.02615 765516.3
0.02616 765478.1
0.02617 765439.7
0.02618 765401.2
0.02619 765362.6
0.02620 765323.8
0.02621 765284.9
0.02622 765245.8
0.02623 765206.6
0.02624 765167.3
0.02625 765127.8
0.02626 765088.2
0.02627 765048.5
0.02628 765008.7
0.02629 764968.7
0.02630 764928.6
0.02631 764888.4
0.02632 764848.0
0.02633 764807.6
0.02634 764767.0
0.02635 764726.3
0.02636 764685.5
0.02637 764644.5
0.02638 764603.5
0.02639 764562.3
0.02640 764521.1
0.02641 764479.7
0.02642 764438.2
0.02643 764396.6
0.02644 764354.9
0.02645 764313.1
0.02646 764271.2
0.02647 764229.2
0.02648 764187.1
0.02649 764144.9
0.02650 764102.6
0.02651 764060.2
0.02652 764017.7
0.02653 763975.1
0.02654 763932.4
0.02655 763889.7
0.02656 763846.8
0.02657 763803.8
0.02658 763760.8
0.02659 763717.7
0.02660 763674.5
0.02661 763631.2
0.02662 763587.8
0.02663 763544.3
0.02664 763500.8
0.02665 763457.1
0.02666 763413.4
0.02667 763369.6
0.02668 763325.8
0.02669 763281.8
0.02670 763237.8
0.02671 763193.7
0.02672 763149.5
0.02673 763105.3
0.02674 763061.0
0.02675 763016.6
0.02676 762972.1
0.02677 762927.6
0.02678 762883.0
0.02679 762838.3
0.02680 762793.6
0.02681 762748.8
0.02682 762703.9
0.02683 762659.0
0.02684 762614.0
0.02685 762568.9
0.02686 762523.8
0.02687 762478.6
0.02688 762433.4
0.02689 762388.1
0.02690 762342.7
0.02691 762297.3
0.02692 762251.9
0.02693 762206.3
0.02694 762160.7
0.02695 762115.1
0.02696 762069.4
0.02697 762023.7
0.02698 761977.9
0.02699 761932.0
0.02700 761886.1
0.02701 761840.2
0.02702 761794.2
0.02703 761748.1
0.02704 761702.0
0.02705 761655.9
0.02706 761609.7
0.02707 761563.5
0.02708 761517.2
0.02709 761470.9
0.02710 761424.5
0.02711 761378.1
0.02712 761331.6
0.02713 761285.1
0.02714 761238.6
0.02715 761192.0
0.02716 761145.4
0.02717 761098.7
0.02718 761052.0
0.02719 761005.3
0.02720 760958.5
0.02721 760911.7
0.02722 760864.9
0.02723 760818.0
0.02724 760771.1
0.02725 760724.1
0.02726 760677.1
0.02727 760630.1
0.02728 760583.1
0.02729 760536.0
0.02730 760488.9
0.02731 760441.7
0.02732 760394.6
0.02733 760347.4
0.02734 760300.1
0.02735 760252.9
0.02736 760205.6
0.02737 760158.3
0.02738 760110.9
0.02739 760063.6
0.02740 760016.2
0.02741 759968.8
0.02742 759921.3
0.02743 759873.9
0.02744 759826.4
0.02745 759778.8
0.02746 759731.3
0.02747 759683.8
0.02748 759636.2
0.02749 759588.6
0.02750 759541.0
0.02751 759493.3
0.02752 759445.7
0.02753 759398.0
0.02754 759350.3
0.02755 759302.6
0.02756 759254.8
0.02757 759207.1
0.02758 759159.3
0.02759 759111.5
0.02760 759063.7
0.02761 759015.9
0.02762 758968.1
0.02763 758920.3
0.02764 758872.4
0.02765 758824.5
0.02766 758776.7
0.02767 758728.8
0.02768 758680.9
0.02769 758632.9
0.02770 758585.0
0.02771 758537.1
0.02772 758489.1
0.02773 758441.2
0.02774 758393.2
0.02775 758345.2
0.02776 758297.3
0.02777 758249.3
0.02778 758201.3
0.02779 758153.3
0.02780 758105.2
0.02781 758057.2
0.02782 758009.2
0.02783 757961.2
0.02784 757913.1
0.02785 757865.1
0.02786 757817.1
0.02787 757769.0
0.02788 757721.0
0.02789 757672.9
0.02790 757624.9
0.02791 757576.8
0.02792 757528.7
0.02793 757480.7
0.02794 757432.6
0.02795 757384.6
0.02796 757336.5
0.02797 757288.4
0.02798 757240.4
0.02799 757192.3
0.02800 757144.3
0.02801 757096.2
0.02802 757048.1
0.02803 757000.1
0.02804 756952.0
0.02805 756904.0
0.02806 756855.9
0.02807 756807.9
0.02808 756759.9
0.02809 756711.8
0.02810 756663.8
0.02811 756615.8
0.02812 756567.8
0.02813 756519.8
0.02814 756471.8
0.02815 756423.8
0.02816 756375.8
0.02817 756327.8
0.02818 756279.8
0.02819 756231.8
0.02820 756183.9
0.02821 756135.9
0.02822 756088.0
0.02823 756040.1
0.02824 755992.1
0.02825 755944.2
0.02826 755896.3
0.02827 755848.4
0.02828 755800.5
0.02829 755752.7
0.02830 755704.8
0.02831 755657.0
0.02832 755609.1
0.02833 755561.3
0.02834 755513.5
0.02835 755465.7
0.02836 755417.9
0.02837 755370.2
0.02838 755322.4
0.02839 755274.7
0.02840 755226.9
0.02841 755179.2
0.02842 755131.5
0.02843 755083.8
0.02844 755036.2
0.02845 754988.5
0.02846 754940.9
0.02847 754893.3
0.02848 754845.7
0.02849 754798.1
0.02850 754750.5
0.02851 754703.0
0.02852 754655.4
0.02853 754607.9
0.02854 754560.4
0.02855 754513.0
0.02856 754465.5
0.02857 754418.1
0.02858 754370.6
0.02859 754323.2
0.02860 754275.9
0.02861 754228.5
0.02862 754181.2
0.02863 754133.9
0.02864 754086.6
0.02865 754039.3
0.02866 753992.0
0.02867 753944.8
0.02868 753897.6
0.02869 753850.4
0.02870 753803.2
0.02871 753756.1
0.02872 753709.0
0.02873 753661.9
0.02874 753614.8
0.02875 753567.8
0.02876 753520.7
0.02877 753473.7
0.02878 753426.8
0.02879 753379.8
0.02880 753332.9
0.02881 753286.0
0.02882 753239.1
0.02883 753192.3
0.02884 753145.4
0.02885 753098.6
0.02886 753051.9
0.02887 753005.1
0.02888 752958.4
0.02889 752911.7
0.02890 752865.1
0.02891 752818.4
0.02892 752771.8
0.02893 752725.2
0.02894 752678.7
0.02895 752632.2
0.02896 752585.7
0.02897 752539.2
0.02898 752492.8
0.02899 752446.3
0.02900 752400.0
0.02901 752353.6
0.02902 752307.3
0.02903 752261.0
0.02904 752214.7
0.02905 752168.5
0.02906 752122.3
0.02907 752076.1
0.02908 752030.0
0.02909 751983.9
0.02910 751937.8
0.02911 751891.8
0.02912 751845.7
0.02913 751799.8
0.02914 751753.8
0.02915 751707.9
0.02916 751662.0
0.02917 751616.2
0.02918 751570.3
0.02919 751524.6
0.02920 751478.8
0.02921 751433.1
0.02922 751387.4
0.02923 751341.7
0.02924 751296.1
0.02925 751250.5
0.02926 751205.0
0.02927 751159.5
0.02928 751114.0
0.02929 751068.5
0.02930 751023.1
0.02931 750977.7
0.02932 750932.4
0.02933 750887.1
0.02934 750841.8
0.02935 750796.6
0.02936 750751.4
0.02937 750706.2
0.02938 750661.1
0.02939 750616.0
0.02940 750570.9
0.02941 750525.9
0.02942 750480.9
0.02943 750436.0
0.02944 750391.1
0.02945 750346.2
0.02946 750301.4
0.02947 750256.6
0.02948 750211.8
0.02949 750167.1
0.02950 750122.4
0.02951 750077.7
0.02952 750033.1
0.02953 749988.6
0.02954 749944.0
0.02955 749899.5
0.02956 749855.1
0.02957 749810.7
0.02958 749766.3
0.02959 749722.0
0.02960 749677.7
0.02961 749633.4
0.02962 749589.2
0.02963 749545.0
0.02964 749500.9
0.02965 749456.8
0.02966 749412.7
0.02967 749368.7
0.02968 749324.7
0.02969 749280.8
0.02970 749236.9
0.02971 749193.0
0.02972 749149.2
0.02973 749105.4
0.02974 749061.7
0.02975 749018.0
0.02976 748974.4
0.02977 748930.7
0.02978 748887.2
0.02979 748843.7
0.02980 748800.2
0.02981 748756.7
0.02982 748713.3
0.02983 748670.0
0.02984 748626.7
0.02985 748583.4
0.02986 748540.1
0.02987 748497.0
0.02988 748453.8
0.02989 748410.7
0.02990 748367.6
0.02991 748324.6
0.02992 748281.7
0.02993 748238.7
0.02994 748195.8
0.02995 748153.0
0.02996 748110.2
0.02997 748067.4
0.02998 748024.7
0.02999 747982.1
0.03000 747939.4
0.03001 747896.8
0.03002 747854.3
0.03003 747811.8
0.03004 747769.4
0.03005 747727.0
0.03006 747684.6
0.03007 747642.3
0.03008 747600.0
0.03009 747557.8
0.03010 747515.6
0.03011 747473.5
0.03012 747431.4
0.03013 747389.3
0.03014 747347.3
0.03015 747305.4
0.03016 747263.5
0.03017 747221.6
0.03018 747179.8
0.03019 747138.0
0.03020 747096.3
0.03021 747054.6
0.03022 747013.0
0.03023 746971.4
0.03024 746929.8
0.03025 746888.3
0.03026 746846.9
0.03027 746805.5
0.03028 746764.1
0.03029 746722.8
0.03030 746681.5
0.03031 746640.3
0.03032 746599.1
0.03033 746558.0
0.03034 746516.9
0.03035 746475.9
0.03036 746434.9
0.03037 746394.0
0.03038 746353.1
0.03039 746312.2
0.03040 746271.4
0.03041 746230.7
0.03042 746190.0
0.03043 746149.3
0.03044 746108.7
0.03045 746068.1
0.03046 746027.6
0.03047 745987.2
0.03048 745946.7
0.03049 745906.4
0.03050 745866.0
0.03051 745825.8
0.03052 745785.5
0.03053 745745.4
0.03054 745705.2
0.03055 745665.1
0.03056 745625.1
0.03057 745585.1
0.03058 745545.2
0.03059 745505.3
0.03060 745465.4
0.03061 745425.6
0.03062 745385.9
0.03063 745346.2
0.03064 745306.5
0.03065 745266.9
0.03066 745227.4
0.03067 745187.9
0.03068 745148.4
0.03069 745109.0
0.03070 745069.6
0.03071 745030.3
0.03072 744991.1
0.03073 744951.9
0.03074 744912.7
0.03075 744873.6
0.03076 744834.5
0.03077 744795.5
0.03078 744756.5
0.03079 744717.6
0.03080 744678.7
0.03081 744639.9
0.03082 744601.1
0.03083 744562.4
0.03084 744523.8
0.03085 744485.1
0.03086 744446.6
0.03087 744408.0
0.03088 744369.5
0.03089 744331.1
0.03090 744292.7
0.03091 744254.4
0.03092 744216.1
0.03093 744177.9
0.03094 744139.7
0.03095 744101.6
0.03096 744063.5
0.03097 744025.5
0.03098 743987.5
0.03099 743949.6
0.03100 743911.7
0.03101 743873.9
0.03102 743836.1
0.03103 743798.3
0.03104 743760.7
0.03105 743723.0
0.03106 743685.5
0.03107 743647.9
0.03108 743610.4
0.03109 743573.0
0.03110 743535.6
0.03111 743498.3
0.03112 743461.0
0.03113 743423.8
0.03114 743386.6
0.03115 743349.5
0.03116 743312.4
0.03117 743275.3
0.03118 743238.4
0.03119 743201.4
0.03120 743164.5
0.03121 743127.7
0.03122 743090.9
0.03123 743054.2
0.03124 743017.5
0.03125 742980.9
0.03126 742944.3
0.03127 742907.8
0.03128 742871.3
0.03129 742834.9
0.03130 742798.5
0.03131 742762.1
0.03132 742725.9
0.03133 742689.6
0.03134 742653.5
0.03135 742617.3
0.03136 742581.2
0.03137 742545.2
0.03138 742509.2
0.03139 742473.3
0.03140 742437.4
0.03141 742401.6
0.03142 742365.8
0.03143 742330.1
0.03144 742294.4
0.03145 742258.8
0.03146 742223.2
0.03147 742187.7
0.03148 742152.2
0.03149 742116.8
0.03150 742081.4
0.03151 742046.1
0.03152 742010.8
0.03153 741975.6
0.03154 741940.4
0.03155 741905.3
0.03156 741870.2
0.03157 741835.2
0.03158 741800.2
0.03159 741765.3
0.03160 741730.4
0.03161 741695.6
0.03162 741660.8
0.03163 741626.1
0.03164 741591.4
0.03165 741556.8
0.03166 741522.2
0.03167 741487.7
0.03168 741453.3
0.03169 741418.8
0.03170 741384.5
0.03171 741350.2
0.03172 741315.9
0.03173 741281.7
0.03174 741247.5
0.03175 741213.4
0.03176 741179.3
0.03177 741145.3
0.03178 741111.3
0.03179 741077.4
0.03180 741043.5
0.03181 741009.7
0.03182 740976.0
0.03183 740942.2
0.03184 740908.6
0.03185 740874.9
0.03186 740841.4
0.03187 740807.9
0.03188 740774.4
0.03189 740741.0
0.03190 740707.6
0.03191 740674.3
0.03192 740641.0
0.03193 740607.8
0.03194 740574.6
0.03195 740541.5
0.03196 740508.5
0.03197 740475.4
0.03198 740442.5
0.03199 740409.6
0.03200 740376.7
0.03201 740343.9
0.03202 740311.1
0.03203 740278.4
0.03204 740245.7
0.03205 740213.1
0.03206 740180.5
0.03207 740148.0
0.03208 740115.5
0.03209 740083.1
0.03210 740050.7
0.03211 740018.4
0.03212 739986.1
0.03213 739953.9
0.03214 739921.7
0.03215 739889.6
0.03216 739857.5
0.03217 739825.5
0.03218 739793.5
0.03219 739761.6
0.03220 739729.7
0.03221 739697.9
0.03222 739666.1
0.03223 739634.4
0.03224 739602.7
0.03225 739571.1
0.03226 739539.5
0.03227 739508.0
0.03228 739476.5
0.03229 739445.1
0.03230 739413.7
0.03231 739382.3
0.03232 739351.1
0.03233 739319.8
0.03234 739288.6
0.03235 739257.5
0.03236 739226.4
0.03237 739195.4
0.03238 739164.4
0.03239 739133.4
0.03240 739102.5
0.03241 739071.7
0.03242 739040.9
0.03243 739010.1
0.03244 738979.4
0.03245 738948.8
0.03246 738918.2
0.03247 738887.6
0.03248 738857.1
0.03249 738826.7
0.03250 738796.2
0.03251 738765.9
0.03252 738735.6
0.03253 738705.3
0.03254 738675.1
0.03255 738644.9
0.03256 738614.8
0.03257 738584.7
0.03258 738554.7
0.03259 738524.7
0.03260 738494.8
0.03261 738464.9
0.03262 738435.1
0.03263 738405.3
0.03264 738375.6
0.03265 738345.9
0.03266 738316.3
0.03267 738286.7
0.03268 738257.1
0.03269 738227.6
0.03270 738198.2
0.03271 738168.8
0.03272 738139.4
0.03273 738110.1
0.03274 738080.9
0.03275 738051.7
0.03276 738022.5
0.03277 737993.4
0.03278 737964.3
0.03279 737935.3
0.03280 737906.3
0.03281 737877.4
0.03282 737848.5
0.03283 737819.7
0.03284 737790.9
0.03285 737762.2
0.03286 737733.5
0.03287 737704.9
0.03288 737676.3
0.03289 737647.7
0.03290 737619.2
0.03291 737590.8
0.03292 737562.4
0.03293 737534.0
0.03294 737505.7
0.03295 737477.4
0.03296 737449.2
0.03297 737421.0
0.03298 737392.9
0.03299 737364.8
0.03300 737336.8
0.03301 737308.8
0.03302 737280.9
0.03303 737253.0
0.03304 737225.1
0.03305 737197.3
0.03306 737169.6
0.03307 737141.9
0.03308 737114.2
0.03309 737086.6
0.03310 737059.0
0.03311 737031.5
0.03312 737004.0
0.03313 736976.6
0.03314 736949.2
0.03315 736921.9
0.03316 736894.6
0.03317 736867.3
0.03318 736840.1
0.03319 736813.0
0.03320 736785.9
0.03321 736758.8
0.03322 736731.8
0.03323 736704.8
0.03324 736677.9
0.03325 736651.0
0.03326 736624.2
0.03327 736597.4
0.03328 736570.6
0.03329 736543.9
0.03330 736517.3
0.03331 736490.6
0.03332 736464.1
0.03333 736437.6
0.03334 736411.1
0.03335 736384.6
0.03336 736358.3
0.03337 736331.9
0.03338 736305.6
0.03339 736279.4
0.03340 736253.2
0.03341 736227.0
0.03342 736200.9
0.03343 736174.8
0.03344 736148.8
0.03345 736122.8
0.03346 736096.9
0.03347 736071.0
0.03348 736045.1
0.03349 736019.3
0.03350 735993.5
0.03351 735967.8
0.03352 735942.1
0.03353 735916.5
0.03354 735890.9
0.03355 735865.4
0.03356 735839.9
0.03357 735814.4
0.03358 735789.0
0.03359 735763.7
0.03360 735738.3
0.03361 735713.0
0.03362 735687.8
0.03363 735662.6
0.03364 735637.5
0.03365 735612.4
0.03366 735587.3
0.03367 735562.3
0.03368 735537.3
0.03369 735512.4
0.03370 735487.5
0.03371 735462.6
0.03372 735437.8
0.03373 735413.1
0.03374 735388.4
0.03375 735363.7
0.03376 735339.1
0.03377 735314.5
0.03378 735289.9
0.03379 735265.4
0.03380 735241.0
0.03381 735216.5
0.03382 735192.2
0.03383 735167.8
0.03384 735143.6
0.03385 735119.3
0.03386 735095.1
0.03387 735070.9
0.03388 735046.8
0.03389 735022.7
0.03390 734998.7
0.03391 734974.7
0.03392 734950.8
0.03393 734926.9
0.03394 734903.0
0.03395 734879.2
0.03396 734855.4
0.03397 734831.6
0.03398 734807.9
0.03399 734784.3
0.03400 734760.7
0.03401 734737.1
0.03402 734713.6
0.03403 734690.1
0.03404 734666.6
0.03405 734643.2
0.03406 734619.8
0.03407 734596.5
0.03408 734573.2
0.03409 734550.0
0.03410 734526.8
0.03411 734503.6
0.03412 734480.5
0.03413 734457.4
0.03414 734434.4
0.03415 734411.4
0.03416 734388.4
0.03417 734365.5
0.03418 734342.6
0.03419 734319.8
0.03420 734297.0
0.03421 734274.2
0.03422 734251.5
0.03423 734228.9
0.03424 734206.2
0.03425 734183.6
0.03426 734161.1
0.03427 734138.6
0.03428 734116.1
0.03429 734093.7
0.03430 734071.3
0.03431 734048.9
0.03432 734026.6
0.03433 734004.3
0.03434 733982.1
0.03435 733959.9
0.03436 733937.8
0.03437 733915.6
0.03438 733893.6
0.03439 733871.5
0.03440 733849.5
0.03441 733827.6
0.03442 733805.7
0.03443 733783.8
0.03444 733762.0
0.03445 733740.2
0.03446 733718.4
0.03447 733696.7
0.03448 733675.0
0.03449 733653.4
0.03450 733631.8
0.03451 733610.2
0.03452 733588.7
0.03453 733567.2
0.03454 733545.7
0.03455 733524.3
0.03456 733503.0
0.03457 733481.6
0.03458 733460.3
0.03459 733439.1
0.03460 733417.9
0.03461 733396.7
0.03462 733375.5
0.03463 733354.4
0.03464 733333.4
0.03465 733312.3
0.03466 733291.4
0.03467 733270.4
0.03468 733249.5
0.03469 733228.6
0.03470 733207.8
0.03471 733187.0
0.03472 733166.2
0.03473 733145.5
0.03474 733124.8
0.03475 733104.2
0.03476 733083.6
0.03477 733063.0
0.03478 733042.5
0.03479 733022.0
0.03480 733001.5
0.03481 732981.1
0.03482 732960.7
0.03483 732940.3
0.03484 732920.0
0.03485 732899.8
0.03486 732879.5
0.03487 732859.3
0.03488 732839.2
0.03489 732819.0
0.03490 732798.9
0.03491 732778.9
0.03492 732758.9
0.03493 732738.9
0.03494 732718.9
0.03495 732699.0
0.03496 732679.2
0.03497 732659.3
0.03498 732639.5
0.03499 732619.8
0.03500 732600.0
0.03501 732580.4
0.03502 732560.7
0.03503 732541.1
0.03504 732521.5
0.03505 732502.0
0.03506 732482.4
0.03507 732463.0
0.03508 732443.5
0.03509 732424.1
0.03510 732404.8
0.03511 732385.4
0.03512 732366.1
0.03513 732346.9
0.03514 732327.6
0.03515 732308.5
0.03516 732289.3
0.03517 732270.2
0.03518 732251.1
0.03519 732232.1
0.03520 732213.0
0.03521 732194.1
0.03522 732175.1
0.03523 732156.2
0.03524 732137.3
0.03525 732118.5
0.03526 732099.7
0.03527 732080.9
0.03528 732062.2
0.03529 732043.5
0.03530 732024.8
0.03531 732006.2
0.03532 731987.6
0.03533 731969.0
0.03534 731950.5
0.03535 731932.0
0.03536 731913.5
0.03537 731895.1
0.03538 731876.7
0.03539 731858.4
0.03540 731840.0
0.03541 731821.7
0.03542 731803.5
0.03543 731785.3
0.03544 731767.1
0.03545 731748.9
0.03546 731730.8
0.03547 731712.7
0.03548 731694.7
0.03549 731676.6
0.03550 731658.7
0.03551 731640.7
0.03552 731622.8
0.03553 731604.9
0.03554 731587.0
0.03555 731569.2
0.03556 731551.4
0.03557 731533.7
0.03558 731516.0
0.03559 731498.3
0.03560 731480.6
0.03561 731463.0
0.03562 731445.4
0.03563 731427.9
0.03564 731410.3
0.03565 731392.8
0.03566 731375.4
0.03567 731357.9
0.03568 731340.6
0.03569 731323.2
0.03570 731305.9
0.03571 731288.6
0.03572 731271.3
0.03573 731254.1
0.03574 731236.9
0.03575 731219.7
0.03576 731202.6
0.03577 731185.5
0.03578 731168.4
0.03579 731151.4
0.03580 731134.3
0.03581 731117.4
0.03582 731100.4
0.03583 731083.5
0.03584 731066.6
0.03585 731049.8
0.03586 731033.0
0.03587 731016.2
0.03588 730999.4
0.03589 730982.7
0.03590 730966.0
0.03591 730949.3
0.03592 730932.7
0.03593 730916.1
0.03594 730899.5
0.03595 730883.0
0.03596 730866.5
0.03597 730850.0
0.03598 730833.6
0.03599 730817.2
0.03600 730800.8
0.03601 730784.4
0.03602 730768.1
0.03603 730751.8
0.03604 730735.6
0.03605 730719.3
0.03606 730703.1
0.03607 730687.0
0.03608 730670.8
0.03609 730654.7
0.03610 730638.7
0.03611 730622.6
0.03612 730606.6
0.03613 730590.6
0.03614 730574.7
0.03615 730558.7
0.03616 730542.8
0.03617 730527.0
0.03618 730511.1
0.03619 730495.3
0.03620 730479.5
0.03621 730463.8
0.03622 730448.1
0.03623 730432.4
0.03624 730416.7
0.03625 730401.1
0.03626 730385.5
0.03627 730369.9
0.03628 730354.4
0.03629 730338.9
0.03630 730323.4
0.03631 730308.0
0.03632 730292.5
0.03633 730277.1
0.03634 730261.8
0.03635 730246.4
0.03636 730231.1
0.03637 730215.9
0.03638 730200.6
0.03639 730185.4
0.03640 730170.2
0.03641 730155.0
0.03642 730139.9
0.03643 730124.8
0.03644 730109.7
0.03645 730094.7
0.03646 730079.6
0.03647 730064.7
0.03648 730049.7
0.03649 730034.8
0.03650 730019.8
0.03651 730005.0
0.03652 729990.1
0.03653 729975.3
0.03654 729960.5
0.03655 729945.7
0.03656 729931.0
0.03657 729916.3
0.03658 729901.6
0.03659 729887.0
0.03660 729872.3
0.03661 729857.7
0.03662 729843.2
0.03663 729828.6
0.03664 729814.1
0.03665 729799.6
0.03666 729785.1
0.03667 729770.7
0.03668 729756.3
0.03669 729741.9
0.03670 729727.6
0.03671 729713.3
0.03672 729699.0
0.03673 729684.7
0.03674 729670.4
0.03675 729656.2
0.03676 729642.0
0.03677 729627.9
0.03678 729613.7
0.03679 729599.6
0.03680 729585.6
0.03681 729571.5
0.03682 729557.5
0.03683 729543.5
0.03684 729529.5
0.03685 729515.5
0.03686 729501.6
0.03687 729487.7
0.03688 729473.9
0.03689 729460.0
0.03690 729446.2
0.03691 729432.4
0.03692 729418.7
0.03693 729404.9
0.03694 729391.2
0.03695 729377.5
0.03696 729363.9
0.03697 729350.2
0.03698 729336.6
0.03699 729323.0
0.03700 729309.5
0.03701 729296.0
0.03702 729282.5
0.03703 729269.0
0.03704 729255.5
0.03705 729242.1
0.03706 729228.7
0.03707 729215.3
0.03708 729202.0
0.03709 729188.6
0.03710 729175.3
0.03711 729162.1
0.03712 729148.8
0.03713 729135.6
0.03714 729122.4
0.03715 729109.2
0.03716 729096.1
0.03717 729083.0
0.03718 729069.9
0.03719 729056.8
0.03720 729043.7
0.03721 729030.7
0.03722 729017.7
0.03723 729004.8
0.03724 728991.8
0.03725 728978.9
0.03726 728966.0
0.03727 728953.1
0.03728 728940.3
0.03729 728927.4
0.03730 728914.6
0.03731 728901.9
0.03732 728889.1
0.03733 728876.4
0.03734 728863.7
0.03735 728851.0
0.03736 728838.3
0.03737 728825.7
0.03738 728813.1
0.03739 728800.5
0.03740 728788.0
0.03741 728775.4
0.03742 728762.9
0.03743 728750.4
0.03744 728738.0
0.03745 728725.5
0.03746 728713.1
0.03747 728700.7
0.03748 728688.4
0.03749 728676.0
0.03750 728663.7
0.03751 728651.4
0.03752 728639.1
0.03753 728626.9
0.03754 728614.7
0.03755 728602.5
0.03756 728590.3
0.03757 728578.1
0.03758 728566.0
0.03759 728553.9
0.03760 728541.8
0.03761 728529.7
0.03762 728517.7
0.03763 728505.7
0.03764 728493.7
0.03765 728481.7
0.03766 728469.8
0.03767 728457.8
0.03768 728445.9
0.03769 728434.1
0.03770 728422.2
0.03771 728410.4
0.03772 728398.5
0.03773 728386.8
0.03774 728375.0
0.03775 728363.2
0.03776 728351.5
0.03777 728339.8
0.03778 728328.2
0.03779 728316.5
0.03780 728304.9
0.03781 728293.3
0.03782 728281.7
0.03783 728270.1
0.03784 728258.6
0.03785 728247.0
0.03786 728235.5
0.03787 728224.1
0.03788 728212.6
0.03789 728201.2
0.03790 728189.8
0.03791 728178.4
0.03792 728167.0
0.03793 728155.7
0.03794 728144.3
0.03795 728133.0
0.03796 728121.8
0.03797 728110.5
0.03798 728099.3
0.03799 728088.1
0.03800 728076.9
0.03801 728065.7
0.03802 728054.5
0.03803 728043.4
0.03804 728032.3
0.03805 728021.2
0.03806 728010.1
0.03807 727999.1
0.03808 727988.1
0.03809 727977.1
0.03810 727966.1
0.03811 727955.1
0.03812 727944.2
0.03813 727933.3
0.03814 727922.4
0.03815 727911.5
0.03816 727900.6
0.03817 727889.8
0.03818 727879.0
0.03819 727868.2
0.03820 727857.4
0.03821 727846.7
0.03822 727836.0
0.03823 727825.2
0.03824 727814.6
0.03825 727803.9
0.03826 727793.2
0.03827 727782.6
0.03828 727772.0
0.03829 727761.4
0.03830 727750.8
0.03831 727740.3
0.03832 727729.8
0.03833 727719.3
0.03834 727708.8
0.03835 727698.3
0.03836 727687.9
0.03837 727677.4
0.03838 727667.0
0.03839 727656.6
0.03840 727646.3
0.03841 727635.9
0.03842 727625.6
0.03843 727615.3
0.03844 727605.0
0.03845 727594.7
0.03846 727584.5
0.03847 727574.3
0.03848 727564.1
0.03849 727553.9
0.03850 727543.7
0.03851 727533.6
0.03852 727523.4
0.03853 727513.3
0.03854 727503.2
0.03855 727493.2
0.03856 727483.1
0.03857 727473.1
0.03858 727463.1
0.03859 727453.1
0.03860 727443.1
0.03861 727433.1
0.03862 727423.2
0.03863 727413.3
0.03864 727403.4
0.03865 727393.5
0.03866 727383.6
0.03867 727373.8
0.03868 727364.0
0.03869 727354.2
0.03870 727344.4
0.03871 727334.6
0.03872 727324.9
0.03873 727315.1
0.03874 727305.4
0.03875 727295.7
0.03876 727286.1
0.03877 727276.4
0.03878 727266.8
0.03879 727257.1
0.03880 727247.5
0.03881 727238.0
0.03882 727228.4
0.03883 727218.9
0.03884 727209.3
0.03885 727199.8
0.03886 727190.3
0.03887 727180.9
0.03888 727171.4
0.03889 727162.0
0.03890 727152.6
0.03891 727143.2
0.03892 727133.8
0.03893 727124.4
0.03894 727115.1
0.03895 727105.7
0.03896 727096.4
0.03897 727087.1
0.03898 727077.9
0.03899 727068.6
0.03900 727059.4
0.03901 727050.2
0.03902 727041.0
0.03903 727031.8
0.03904 727022.6
0.03905 727013.4
0.03906 727004.3
0.03907 726995.2
0.03908 726986.1
0.03909 726977.0
0.03910 726968.0
0.03911 726958.9
0.03912 726949.9
0.03913 726940.9
0.03914 726931.9
0.03915 726922.9
0.03916 726914.0
0.03917 726905.0
0.03918 726896.1
0.03919 726887.2
0.03920 726878.3
0.03921 726869.4
0.03922 726860.6
0.03923 726851.7
0.03924 726842.9
0.03925 726834.1
0.03926 726825.3
0.03927 726816.5
0.03928 726807.8
0.03929 726799.0
0.03930 726790.3
0.03931 726781.6
0.03932 726772.9
0.03933 726764.3
0.03934 726755.6
0.03935 726747.0
0.03936 726738.4
0.03937 726729.7
0.03938 726721.2
0.03939 726712.6
0.03940 726704.0
0.03941 726695.5
0.03942 726687.0
0.03943 726678.5
0.03944 726670.0
0.03945 726661.5
0.03946 726653.0
0.03947 726644.6
0.03948 726636.2
0.03949 726627.8
0.03950 726619.4
0.03951 726611.0
0.03952 726602.6
0.03953 726594.3
0.03954 726586.0
0.03955 726577.7
0.03956 726569.4
0.03957 726561.1
0.03958 726552.8
0.03959 726544.6
0.03960 726536.3
0.03961 726528.1
0.03962 726519.9
0.03963 726511.7
0.03964 726503.6
0.03965 726495.4
0.03966 726487.3
0.03967 726479.1
0.03968 726471.0
0.03969 726462.9
0.03970 726454.9
0.03971 726446.8
0.03972 726438.8
0.03973 726430.7
0.03974 726422.7
0.03975 726414.7
0.03976 726406.7
0.03977 726398.8
0.03978 726390.8
0.03979 726382.9
0.03980 726374.9
0.03981 726367.0
0.03982 726359.1
0.03983 726351.3
0.03984 726343.4
0.03985 726335.5
0.03986 726327.7
0.03987 726319.9
0.03988 726312.1
0.03989 726304.3
0.03990 726296.5
0.03991 726288.8
0.03992 726281.0
0.03993 726273.3
0.03994 726265.6
0.03995 726257.9
0.03996 726250.2
0.03997 726242.5
0.03998 726234.9
0.03999 726227.2
0.04000 721675.7
0.04001 721675.7
0.04002 721675.7
0.04003 721675.7
0.04004 721675.7
0.04005 721675.7
0.04006 721675.7
0.04007 721675.7
0.04008 721675.7
0.04009 721675.7
0.04010 721675.7
0.04011 721675.7
0.04012 721675.7
0.04013 721675.7
0.04014 721675.7
0.04015 721675.7
0.04016 721675.7
0.04017 721675.7
0.04018 721675.7
0.04019 721675.7
0.04020 721675.7
0.04021 721675.7
0.04022 721675.7
0.04023 721675.7
0.04024 721675.7
0.04025 721675.7
0.04026 721675.7
0.04027 721675.7
0.04028 721675.7
0.04029 721675.7
0.04030 721675.7
0.04031 721675.7
0.04032 721675.7
0.04033 721675.7
0.04034 721675.7
0.04035 721675.7
0.04036 721675.7
0.04037 721675.7
0.04038 721675.7
0.04039 721675.7
0.04040 721675.7
0.04041 721675.7
0.04042 721675.7
0.04043 721675.7
0.04044 721675.7
0.04045 721675.7
0.04046 721675.7
0.04047 721675.7
0.04048 721675.7
0.04049 721675.7
0.04050 721675.7
0.04051 721675.7
0.04052 721675.7
0.04053 721675.7
0.04054 721675.7
0.04055 721675.7
0.04056 721675.7
0.04057 721675.7
0.04058 721675.7
0.04059 721675.7
0.04060 721675.7
0.04061 721675.7
0.04062 721675.7
0.04063 721675.7
0.04064 721675.7
0.04065 721675.7
0.04066 721675.7
0.04067 721675.7
0.04068 721675.7
0.04069 721675.7
0.04070 721675.7
0.04071 721675.7
0.04072 721675.7
0.04073 721675.7
0.04074 721675.7
0.04075 721675.7
0.04076 721675.7
0.04077 721675.7
0.04078 721675.7
0.04079 721675.7
0.04080 721675.7
0.04081 721675.7
0.04082 721675.7
0.04083 721675.7
0.04084 721675.7
0.04085 721675.7
0.04086 721675.7
0.04087 721675.7
0.04088 721675.7
0.04089 721675.7
0.04090 721675.7
0.04091 721675.7
0.04092 721675.7
0.04093 721675.7
0.04094 721675.7
0.04095 721675.7
0.04096 721675.7
0.04097 721675.7
0.04098 721675.7
0.04099 721675.7
0.04100 721675.7
0.04101 721675.7
0.04102 721675.7
0.04103 721675.7
0.04104 721675.7
0.04105 721675.7
0.04106 721675.7
0.04107 721675.7
0.04108 721675.7
0.04109 721675.7
0.04110 721675.7
0.04111 721675.7
0.04112 721675.7
0.04113 721675.7
0.04114 721675.7
0.04115 721675.7
0.04116 721675.7
0.04117 721675.7
0.04118 721675.7
0.04119 721675.7
0.04120 721675.7
0.04121 721675.7
0.04122 721675.7
0.04123 721675.7
0.04124 721675.7
0.04125 721675.7
0.04126 721675.7
0.04127 721675.7
0.04128 721675.7
0.04129 721675.7
0.04130 721675.7
0.04131 721675.7
0.04132 721675.7
0.04133 721675.7
0.04134 721675.7
0.04135 721675.7
0.04136 721675.7
0.04137 721675.7
0.04138 721675.7
0.04139 721675.7
0.04140 721675.7
0.04141 721675.7
0.04142 721675.7
0.04143 721675.7
0.04144 721675.7
0.04145 721675.7
0.04146 721675.7
0.04147 721675.7
0.04148 721675.7
0.04149 721675.7
0.04150 721675.7
0.04151 721675.7
0.04152 721675.7
0.04153 721675.7
0.04154 721675.7
0.04155 721675.7
0.04156 721675.7
0.04157 721675.7
0.04158 721675.7
0.04159 721675.7
0.04160 721675.7
0.04161 721675.7
0.04162 721675.7
0.04163 721675.7
0.04164 721675.7
0.04165 721675.7
0.04166 721675.7
0.04167 721675.7
0.04168 721675.7
0.04169 721675.7
0.04170 721675.7
0.04171 721675.7
0.04172 721675.7
0.04173 721675.7
0.04174 721675.7
0.04175 721675.7
0.04176 721675.7
0.04177 721675.7
0.04178 721675.7
0.04179 721675.7
0.04180 721675.7
0.04181 721675.7
0.04182 721675.7
0.04183 721675.7
0.04184 721675.7
0.04185 721675.7
0.04186 721675.7
0.04187 721675.7
0.04188 721675.7
0.04189 721675.7
0.04190 721675.7
0.04191 721675.7
0.04192 721675.7
0.04193 721675.7
0.04194 721675.7
0.04195 721675.7
0.04196 721675.7
0.04197 721675.7
0.04198 721675.7
0.04199 721675.7
0.04200 721675.7
0.04201 721675.7
0.04202 721675.7
0.04203 721675.7
0.04204 721675.7
0.04205 721675.7
0.04206 721675.7
0.04207 721675.7
0.04208 721675.7
0.04209 721675.7
0.04210 721675.7
0.04211 721675.7
0.04212 721675.7
0.04213 721675.7
0.04214 721675.7
0.04215 721675.7
0.04216 721675.7
0.04217 721675.7
0.04218 721675.7
0.04219 721675.7
0.04220 721675.7
0.04221 721675.7
0.04222 721675.7
0.04223 721675.7
0.04224 721675.7
0.04225 721675.7
0.04226 721675.7
0.04227 721675.7
0.04228 721675.7
0.04229 721675.7
0.04230 721675.7
0.04231 721675.7
0.04232 721675.7
0.04233 721675.7
0.04234 721675.7
0.04235 721675.7
0.04236 721675.7
0.04237 721675.7
0.04238 721675.7
0.04239 721675.7
0.04240 721675.7
0.04241 721675.7
0.04242 721675.7
0.04243 721675.7
0.04244 721675.7
0.04245 721675.7
0.04246 721675.7
0.04247 721675.7
0.04248 721675.7
0.04249 721675.7
0.04250 721675.7
0.04251 721675.7
0.04252 721675.7
0.04253 721675.7
0.04254 721675.7
0.04255 721675.7
0.04256 721675.7
0.04257 721675.7
0.04258 721675.7
0.04259 721675.7
0.04260 721675.7
0.04261 721675.7
0.04262 721675.7
0.04263 721675.7
0.04264 721675.7
0.04265 721675.7
0.04266 721675.7
0.04267 721675.7
0.04268 721675.7
0.04269 721675.7
0.04270 721675.7
0.04271 721675.7
0.04272 721675.7
0.04273 721675.7
0.04274 721675.7
0.04275 721675.7
0.04276 721675.7
0.04277 721675.7
0.04278 721675.7
0.04279 721675.7
0.04280 721675.7
0.04281 721675.7
0.04282 721675.7
0.04283 721675.7
0.04284 721675.7
0.04285 721675.7
0.04286 721675.7
0.04287 721675.7
0.04288 721675.7
0.04289 721675.7
0.04290 721675.7
0.04291 721675.7
0.04292 721675.7
0.04293 721675.7
0.04294 721675.7
0.04295 721675.7
0.04296 721675.7
0.04297 721675.7
0.04298 721675.7
0.04299 721675.7
0.04300 721675.7
0.04301 721675.7
0.04302 721675.7
0.04303 721675.7
0.04304 721675.7
0.04305 721675.7
0.04306 721675.7
0.04307 721675.7
0.04308 721675.7
0.04309 721675.7
0.04310 721675.7
0.04311 721675.7
0.04312 721675.7
0.04313 721675.7
0.04314 721675.7
0.04315 721675.7
0.04316 721675.7
0.04317 721675.7
0.04318 721675.7
0.04319 721675.7
0.04320 721675.7
0.04321 721675.7
0.04322 721675.7
0.04323 721675.7
0.04324 721675.7
0.04325 721675.7
0.04326 721675.7
0.04327 721675.7
0.04328 721675.7
0.04329 721675.7
0.04330 721675.7
0.04331 721675.7
0.04332 721675.7
0.04333 721675.7
0.04334 721675.7
0.04335 721675.7
0.04336 721675.7
0.04337 721675.7
0.04338 721675.7
0.04339 721675.7
0.04340 721675.7
0.04341 721675.7
0.04342 721675.7
0.04343 721675.7
0.04344 721675.7
0.04345 721675.7
0.04346 721675.7
0.04347 721675.7
0.04348 721675.7
0.04349 721675.7
0.04350 721675.7
0.04351 721675.7
0.04352 721675.7
0.04353 721675.7
0.04354 721675.7
0.04355 721675.7
0.04356 721675.7
0.04357 721675.7
0.04358 721675.7
0.04359 721675.7
0.04360 721675.7
0.04361 721675.7
0.04362 721675.7
0.04363 721675.7
0.04364 721675.7
0.04365 721675.7
0.04366 721675.7
0.04367 721675.7
0.04368 721675.7
0.04369 721675.7
0.04370 721675.7
0.04371 721675.7
0.04372 721675.7
0.04373 721675.7
0.04374 721675.7
0.04375 721675.7
0.04376 721675.7
0.04377 721675.7
0.04378 721675.7
0.04379 721675.7
0.04380 721675.7
0.04381 721675.7
0.04382 721675.7
0.04383 721675.7
0.04384 721675.7
0.04385 721675.7
0.04386 721675.7
0.04387 721675.7
0.04388 721675.7
0.04389 721675.7
0.04390 721675.7
0.04391 721675.7
0.04392 721675.7
0.04393 721675.7
0.04394 721675.7
0.04395 721675.7
0.04396 721675.7
0.04397 721675.7
0.04398 721675.7
0.04399 721675.7
0.04400 721675.7
0.04401 721675.7
0.04402 721675.7
0.04403 721675.7
0.04404 721675.7
0.04405 721675.7
0.04406 721675.7
0.04407 721675.7
0.04408 721675.7
0.04409 721675.7
0.04410 721675.7
0.04411 721675.7
0.04412 721675.7
0.04413 721675.7
0.04414 721675.7
0.04415 721675.7
0.04416 721675.7
0.04417 721675.7
0.04418 721675.7
0.04419 721675.7
0.04420 721675.7
0.04421 721675.7
0.04422 721675.7
0.04423 721675.7
0.04424 721675.7
0.04425 721675.7
0.04426 721675.7
0.04427 721675.7
0.04428 721675.7
0.04429 721675.7
0.04430 721675.7
0.04431 721675.7
0.04432 721675.7
0.04433 721675.7
0.04434 721675.7
0.04435 721675.7
0.04436 721675.7
0.04437 721675.7
0.04438 721675.7
0.04439 721675.7
0.04440 721675.7
0.04441 721675.7
0.04442 721675.7
0.04443 721675.7
0.04444 721675.7
0.04445 721675.7
0.04446 721675.7
0.04447 721675.7
0.04448 721675.7
0.04449 721675.7
0.04450 721675.7
0.04451 721675.7
0.04452 721675.7
0.04453 721675.7
0.04454 721675.7
0.04455 721675.7
0.04456 721675.7
0.04457 721675.7
0.04458 721675.7
0.04459 721675.7
0.04460 721675.7
0.04461 721675.7
0.04462 721675.7
0.04463 721675.7
0.04464 721675.7
0.04465 721675.7
0.04466 721675.7
0.04467 721675.7
0.04468 721675.7
0.04469 721675.7
0.04470 721675.7
0.04471 721675.7
0.04472 721675.7
0.04473 721675.7
0.04474 721675.7
0.04475 721675.7
0.04476 721675.7
0.04477 721675.7
0.04478 721675.7
0.04479 721675.7
0.04480 721675.7
0.04481 721675.7
0.04482 721675.7
0.04483 721675.7
0.04484 721675.7
0.04485 721675.7
0.04486 721675.7
0.04487 721675.7
0.04488 721675.7
0.04489 721675.7
0.04490 721675.7
0.04491 721675.7
0.04492 721675.7
0.04493 721675.7
0.04494 721675.7
0.04495 721675.7
0.04496 721675.7
0.04497 721675.7
0.04498 721675.7
0.04499 721675.7
0.04500 721675.7
0.04501 721675.7
0.04502 721675.7
0.04503 721675.7
0.04504 721675.7
0.04505 721675.7
0.04506 721675.7
0.04507 721675.7
0.04508 721675.7
0.04509 721675.7
0.04510 721675.7
0.04511 721675.7
0.04512 721675.7
0.04513 721675.7
0.04514 721675.7
0.04515 721675.7
0.04516 721675.7
0.04517 721675.7
0.04518 721675.7
0.04519 721675.7
0.04520 721675.7
0.04521 721675.7
0.04522 721675.7
0.04523 721675.7
0.04524 721675.7
0.04525 721675.7
0.04526 721675.7
0.04527 721675.7
0.04528 721675.7
0.04529 721675.7
0.04530 721675.7
0.04531 721675.7
0.04532 721675.7
0.04533 721675.7
0.04534 721675.7
0.04535 721675.7
0.04536 721675.7
0.04537 721675.7
0.04538 721675.7
0.04539 721675.7
0.04540 721675.7
0.04541 721675.7
0.04542 721675.7
0.04543 721675.7
0.04544 721675.7
0.04545 721675.7
0.04546 721675.7
0.04547 721675.7
0.04548 721675.7
0.04549 721675.7
0.04550 721675.7
0.04551 721675.7
0.04552 721675.7
0.04553 721675.7
0.04554 721675.7
0.04555 721675.7
0.04556 721675.7
0.04557 721675.7
0.04558 721675.7
0.04559 721675.7
0.04560 721675.7
0.04561 721675.7
0.04562 721675.7
0.04563 721675.7
0.04564 721675.7
0.04565 721675.7
0.04566 721675.7
0.04567 721675.7
0.04568 721675.7
0.04569 721675.7
0.04570 721675.7
0.04571 721675.7
0.04572 721675.7
0.04573 721675.7
0.04574 721675.7
0.04575 721675.7
0.04576 721675.7
0.04577 721675.7
0.04578 721675.7
0.04579 721675.7
0.04580 721675.7
0.04581 721675.7
0.04582 721675.7
0.04583 721675.7
0.04584 721675.7
0.04585 721675.7
0.04586 721675.7
0.04587 721675.7
0.04588 721675.7
0.04589 721675.7
0.04590 721675.7
0.04591 721675.7
0.04592 721675.7
0.04593 721675.7
0.04594 721675.7
0.04595 721675.7
0.04596 721675.7
0.04597 721675.7
0.04598 721675.7
0.04599 721675.7
0.04600 721675.7
0.04601 721675.7
0.04602 721675.7
0.04603 721675.7
0.04604 721675.7
0.04605 721675.7
0.04606 721675.7
0.04607 721675.7
0.04608 721675.7
0.04609 721675.7
0.04610 721675.7
0.04611 721675.7
0.04612 721675.7
0.04613 721675.7
0.04614 721675.7
0.04615 721675.7
0.04616 721675.7
0.04617 721675.7
0.04618 721675.7
0.04619 721675.7
0.04620 721675.7
0.04621 721675.7
0.04622 721675.7
0.04623 721675.7
0.04624 721675.7
0.04625 721675.7
0.04626 721675.7
0.04627 721675.7
0.04628 721675.7
0.04629 721675.7
0.04630 721675.7
0.04631 721675.7
0.04632 721675.7
0.04633 721675.7
0.04634 721675.7
0.04635 721675.7
0.04636 721675.7
0.04637 721675.7
0.04638 721675.7
0.04639 721675.7
0.04640 721675.7
0.04641 721675.7
0.04642 721675.7
0.04643 721675.7
0.04644 721675.7
0.04645 721675.7
0.04646 721675.7
0.04647 721675.7
0.04648 721675.7
0.04649 721675.7
0.04650 721675.7
0.04651 721675.7
0.04652 721675.7
0.04653 721675.7
0.04654 721675.7
0.04655 721675.7
0.04656 721675.7
0.04657 721675.7
0.04658 721675.7
0.04659 721675.7
0.04660 721675.7
0.04661 721675.7
0.04662 721675.7
0.04663 721675.7
0.04664 721675.7
0.04665 721675.7
0.04666 721675.7
0.04667 721675.7
0.04668 721675.7
0.04669 721675.7
0.04670 721675.7
0.04671 721675.7
0.04672 721675.7
0.04673 721675.7
0.04674 721675.7
0.04675 721675.7
0.04676 721675.7
0.04677 721675.7
0.04678 721675.7
0.04679 721675.7
0.04680 721675.7
0.04681 721675.7
0.04682 721675.7
0.04683 721675.7
0.04684 721675.7
0.04685 721675.7
0.04686 721675.7
0.04687 721675.7
0.04688 721675.7
0.04689 721675.7
0.04690 721675.7
0.04691 721675.7
0.04692 721675.7
0.04693 721675.7
0.04694 721675.7
0.04695 721675.7
0.04696 721675.7
0.04697 721675.7
0.04698 721675.7
0.04699 721675.7
0.04700 721675.7
0.04701 721675.7
0.04702 721675.7
0.04703 721675.7
0.04704 721675.7
0.04705 721675.7
0.04706 721675.7
0.04707 721675.7
0.04708 721675.7
0.04709 721675.7
0.04710 721675.7
0.04711 721675.7
0.04712 721675.7
0.04713 721675.7
0.04714 721675.7
0.04715 721675.7
0.04716 721675.7
0.04717 721675.7
0.04718 721675.7
0.04719 721675.7
0.04720 721675.7
0.04721 721675.7
0.04722 721675.7
0.04723 721675.7
0.04724 721675.7
0.04725 721675.7
0.04726 721675.7
0.04727 721675.7
0.04728 721675.7
0.04729 721675.7
0.04730 721675.7
0.04731 721675.7
0.04732 721675.7
0.04733 721675.7
0.04734 721675.7
0.04735 721675.7
0.04736 721675.7
0.04737 721675.7
0.04738 721675.7
0.04739 721675.7
0.04740 721675.7
0.04741 721675.7
0.04742 721675.7
0.04743 721675.7
0.04744 721675.7
0.04745 721675.7
0.04746 721675.7
0.04747 721675.7
0.04748 721675.7
0.04749 721675.7
0.04750 721675.7
0.04751 721675.7
0.04752 721675.7
0.04753 721675.7
0.04754 721675.7
0.04755 721675.7
0.04756 721675.7
0.04757 721675.7
0.04758 721675.7
0.04759 721675.7
0.04760 721675.7
0.04761 721675.7
0.04762 721675.7
0.04763 721675.7
0.04764 721675.7
0.04765 721675.7
0.04766 721675.7
0.04767 721675.7
0.04768 721675.7
0.04769 721675.7
0.04770 721675.7
0.04771 721675.7
0.04772 721675.7
0.04773 721675.7
0.04774 721675.7
0.04775 721675.7
0.04776 721675.7
0.04777 721675.7
0.04778 721675.7
0.04779 721675.7
0.04780 721675.7
0.04781 721675.7
0.04782 721675.7
0.04783 721675.7
0.04784 721675.7
0.04785 721675.7
0.04786 721675.7
0.04787 721675.7
0.04788 721675.7
0.04789 721675.7
0.04790 721675.7
0.04791 721675.7
0.04792 721675.7
0.04793 721675.7
0.04794 721675.7
0.04795 721675.7
0.04796 721675.7
0.04797 721675.7
0.04798 721675.7
0.04799 721675.7
0.04800 721675.7
0.04801 721675.7
0.04802 721675.7
0.04803 721675.7
0.04804 721675.7
0.04805 721675.7
0.04806 721675.7
0.04807 721675.7
0.04808 721675.7
0.04809 721675.7
0.04810 721675.7
0.04811 721675.7
0.04812 721675.7
0.04813 721675.7
0.04814 721675.7
0.04815 721675.7
0.04816 721675.7
0.04817 721675.7
0.04818 721675.7
0.04819 721675.7
0.04820 721675.7
0.04821 721675.7
0.04822 721675.7
0.04823 721675.7
0.04824 721675.7
0.04825 721675.7
0.04826 721675.7
0.04827 721675.7
0.04828 721675.7
0.04829 721675.7
0.04830 721675.7
0.04831 721675.7
0.04832 721675.7
0.04833 721675.7
0.04834 721675.7
0.04835 721675.7
0.04836 721675.7
0.04837 721675.7
0.04838 721675.7
0.04839 721675.7
0.04840 721675.7
0.04841 721675.7
0.04842 721675.7
0.04843 721675.7
0.04844 721675.7
0.04845 721675.7
0.04846 721675.7
0.04847 721675.7
0.04848 721675.7
0.04849 721675.7
0.04850 721675.7
0.04851 721675.7
0.04852 721675.7
0.04853 721675.7
0.04854 721675.7
0.04855 721675.7
0.04856 721675.7
0.04857 721675.7
0.04858 721675.7
0.04859 721675.7
0.04860 721675.7
0.04861 721675.7
0.04862 721675.7
0.04863 721675.7
0.04864 721675.7
0.04865 721675.7
0.04866 721675.7
0.04867 721675.7
0.04868 721675.7
0.04869 721675.7
0.04870 721675.7
0.04871 721675.7
0.04872 721675.7
0.04873 721675.7
0.04874 721675.7
0.04875 721675.7
0.04876 721675.7
0.04877 721675.7
0.04878 721675.7
0.04879 721675.7
0.04880 721675.7
0.04881 721675.7
0.04882 721675.7
0.04883 721675.7
0.04884 721675.7
0.04885 721675.7
0.04886 721675.7
0.04887 721675.7
0.04888 721675.7
0.04889 721675.7
0.04890 721675.7
0.04891 721675.7
0.04892 721675.7
0.04893 721675.7
0.04894 721675.7
0.04895 721675.7
0.04896 721675.7
0.04897 721675.7
0.04898 721675.7
0.04899 721675.7
0.04900 721675.7
0.04901 721675.7
0.04902 721675.7
0.04903 721675.7
0.04904 721675.7
0.04905 721675.7
0.04906 721675.7
0.04907 721675.7
0.04908 721675.7
0.04909 721675.7
0.04910 721675.7
0.04911 721675.7
0.04912 721675.7
0.04913 721675.7
0.04914 721675.7
0.04915 721675.7
0.04916 721675.7
0.04917 721675.7
0.04918 721675.7
0.04919 721675.7
0.04920 721675.7
0.04921 721675.7
0.04922 721675.7
0.04923 721675.7
0.04924 721675.7
0.04925 721675.7
0.04926 721675.7
0.04927 721675.7
0.04928 721675.7
0.04929 721675.7
0.04930 721675.7
0.04931 721675.7
0.04932 721675.7
0.04933 721675.7
0.04934 721675.7
0.04935 721675.7
0.04936 721675.7
0.04937 721675.7
0.04938 721675.7
0.04939 721675.7
0.04940 721675.7
0.04941 721675.7
0.04942 721675.7
0.04943 721675.7
0.04944 721675.7
0.04945 721675.7
0.04946 721675.7
0.04947 721675.7
0.04948 721675.7
0.04949 721675.7
0.04950 721675.7
0.04951 721675.7
0.04952 721675.7
0.04953 721675.7
0.04954 721675.7
0.04955 721675.7
0.04956 721675.7
0.04957 721675.7
0.04958 721675.7
0.04959 721675.7
0.04960 721675.7
0.04961 721675.7
0.04962 721675.7
0.04963 721675.7
0.04964 721675.7
0.04965 721675.7
0.04966 721675.7
0.04967 721675.7
0.04968 721675.7
0.04969 721675.7
0.04970 721675.7
0.04971 721675.7
0.04972 721675.7
0.04973 721675.7
0.04974 721675.7
0.04975 721675.7
0.04976 721675.7
0.04977 721675.7
0.04978 721675.7
0.04979 721675.7
0.04980 721675.7
0.04981 721675.7
0.04982 721675.7
0.04983 721675.7
0.04984 721675.7
0.04985 721675.7
0.04986 721675.7
0.04987 721675.7
0.04988 721675.7
0.04989 721675.7
0.04990 721675.7
0.04991 721675.7
0.04992 721675.7
0.04993 721675.7
0.04994 721675.7
0.04995 721675.7
0.04996 721675.7
0.04997 721675.7
0.04998 721675.7
0.04999 721675.7
0.05000 721675.7
