0.00000 42967.4
0.00001 42967.4
0.00002 42967.4
0.00003 42967.4
0.00004 42967.4
0.00005 42967.4
0.00006 42967.4
0.00007 42967.4
0.00008 42967.4
0.00009 42967.4
0.00010 42967.4
0.00011 42967.4
0.00012 42967.4
0.00013 42967.4
0.00014 42967.4
0.00015 42967.4
0.00016 42967.4
0.00017 42967.4
0.00018 42967.4
0.00019 42967.4
0.00020 42967.4
0.00021 42967.4
0.00022 42967.4
0.00023 42967.4
0.00024 42967.4
0.00025 42967.4
0.00026 42967.4
0.00027 42967.4
0.00028 42967.4
0.00029 42967.4
0.00030 42967.4
0.00031 42967.4
0.00032 42967.4
0.00033 42967.4
0.00034 42967.4
0.00035 42967.4
0.00036 42967.4
0.00037 42967.4
0.00038 42967.4
0.00039 42967.4
0.00040 42967.4
0.00041 42967.4
0.00042 42967.4
0.00043 42967.4
0.00044 42967.4
0.00045 42967.4
0.00046 42967.4
0.00047 42967.4
0.00048 42967.4
0.00049 42967.4
0.00050 42967.4
0.00051 42967.4
0.00052 42967.4
0.00053 42967.4
0.00054 42967.4
0.00055 42967.4
0.00056 42967.4
0.00057 42967.4
0.00058 42967.4
0.00059 42967.4
0.00060 42967.4
0.00061 42967.4
0.00062 42967.4
0.00063 42967.4
0.00064 42967.4
0.00065 42967.4
0.00066 42967.4
0.00067 42967.4
0.00068 42967.4
0.00069 42967.4
0.00070 42967.4
0.00071 42967.4
0.00072 42967.4
0.00073 42967.4
0.00074 42967.4
0.00075 42967.4
0.00076 42967.4
0.00077 42967.4
0.00078 42967.4
0.00079 42967.4
0.00080 42967.4
0.00081 42967.4
0.00082 42967.4
0.00083 42967.4
0.00084 42967.4
0.00085 42967.4
0.00086 42967.4
0.00087 42967.4
0.00088 42967.4
0.00089 42967.4
0.00090 42967.4
0.00091 42967.4
0.00092 42967.4
0.00093 42967.4
0.00094 42967.4
0.00095 42967.4
0.00096 42967.4
0.00097 42967.4
0.00098 42967.4
0.00099 42967.4
0.00100 42967.4
0.00101 41959.8
0.00102 40978.9
0.00103 40023.8
0.00104 39093.7
0.00105 38188.0
0.00106 37305.8
0.00107 36446.5
0.00108 35609.3
0.00109 34793.8
0.00110 33999.1
0.00111 33224.7
0.00112 32469.9
0.00113 31734.2
0.00114 31017.0
0.00115 30317.6
0.00116 29635.5
0.00117 28970.2
0.00118 28321.1
0.00119 27687.6
0.00120 27069.1
0.00121 26465.2
0.00122 25875.1
0.00123 25298.5
0.00124 24734.6
0.00125 24183.0
0.00126 23642.9
0.00127 23113.7
0.00128 22594.9
0.00129 22085.6
0.00130 21585.3
0.00131 21093.2
0.00132 20608.4
0.00133 20130.1
0.00134 19657.5
0.00135 19189.7
0.00136 18725.5
0.00137 18264.1
0.00138 17804.1
0.00139 17344.6
0.00140 16884.0
0.00141 16421.2
0.00142 15954.7
0.00143 15483.0
0.00144 15004.4
0.00145 14517.4
0.00146 14020.3
0.00147 13511.4
0.00148 12989.0
0.00149 12451.5
0.00150 11897.6
0.00151 11596.2
0.00152 11251.7
0.00153 10864.8
0.00154 10436.6
0.00155 9969.3
0.00156 9466.3
0.00157 8932.0
0.00158 8372.0
0.00159 7793.7
0.00160 7205.8
0.00161 6618.8
0.00162 6044.2
0.00163 5494.5
0.00164 4982.0
0.00165 4517.8
0.00166 4109.9
0.00167 3762.4
0.00168 3474.9
0.00169 3242.6
0.00170 3058.4
0.00171 2913.8
0.00172 2801.1
0.00173 2713.7
0.00174 2646.1
0.00175 2594.2
0.00176 2554.9
0.00177 2525.9
0.00178 2505.5
0.00179 2492.3
0.00180 2485.4
0.00181 2484.1
0.00182 2487.8
0.00183 2496.0
0.00184 2508.6
0.00185 2525.4
0.00186 2546.1
0.00187 2570.7
0.00188 2599.3
0.00189 2631.7
0.00190 2668.1
0.00191 2708.6
0.00192 2753.2
0.00193 2802.1
0.00194 2855.4
0.00195 2913.3
0.00196 2976.0
0.00197 3043.6
0.00198 3116.4
0.00199 3194.6
0.00200 3278.4
0.00201 3368.1
0.00202 3463.9
0.00203 3566.1
0.00204 3674.9
0.00205 3790.6
0.00206 3913.4
0.00207 4043.7
0.00208 4181.7
0.00209 4327.6
0.00210 4481.7
0.00211 4644.3
0.00212 4815.5
0.00213 4995.6
0.00214 5184.7
0.00215 5383.1
0.00216 5590.9
0.00217 5808.1
0.00218 6035.0
0.00219 6271.6
0.00220 6517.8
0.00221 6773.7
0.00222 7039.3
0.00223 7314.4
0.00224 7599.1
0.00225 7893.0
0.00226 8196.1
0.00227 8508.2
0.00228 8828.9
0.00229 9158.1
0.00230 9495.5
0.00231 9840.7
0.00232 10193.5
0.00233 10553.4
0.00234 10920.2
0.00235 11293.4
0.00236 11672.7
0.00237 12057.8
0.00238 12448.3
0.00239 12843.7
0.00240 13243.8
0.00241 13648.1
0.00242 14056.4
0.00243 14468.3
0.00244 14883.5
0.00245 15301.7
0.00246 15722.6
0.00247 16145.9
0.00248 16571.4
0.00249 16998.8
0.00250 17427.8
0.00251 17858.2
0.00252 18289.8
0.00253 18722.5
0.00254 19155.9
0.00255 19589.9
0.00256 20024.3
0.00257 20458.9
0.00258 20893.5
0.00259 21328.0
0.00260 21762.1
0.00261 22195.6
0.00262 22628.4
0.00263 23060.2
0.00264 23490.9
0.00265 23920.2
0.00266 24348.0
0.00267 24773.9
0.00268 25197.9
0.00269 25619.6
0.00270 26038.8
0.00271 26455.3
0.00272 26868.8
0.00273 27279.2
0.00274 27686.1
0.00275 28089.4
0.00276 28488.8
0.00277 28884.1
0.00278 29275.1
0.00279 29661.4
0.00280 30043.1
0.00281 30419.7
0.00282 30791.3
0.00283 31157.5
0.00284 31518.2
0.00285 31873.3
0.00286 32222.7
0.00287 32566.1
0.00288 32903.6
0.00289 33235.0
0.00290 33560.3
0.00291 33879.3
0.00292 34192.1
0.00293 34498.6
0.00294 34798.9
0.00295 35092.8
0.00296 35380.4
0.00297 35661.7
0.00298 35936.7
0.00299 36205.6
0.00300 36468.3
0.00301 36724.9
0.00302 36975.4
0.00303 37220.0
0.00304 37458.7
0.00305 37691.5
0.00306 37918.7
0.00307 38140.2
0.00308 38356.2
0.00309 38566.8
0.00310 38772.0
0.00311 38972.1
0.00312 39167.0
0.00313 39356.8
0.00314 39541.8
0.00315 39722.0
0.00316 39897.5
0.00317 40068.4
0.00318 40234.8
0.00319 40396.8
0.00320 40554.6
0.00321 40708.2
0.00322 40857.7
0.00323 41003.3
0.00324 41145.0
0.00325 41283.0
0.00326 41417.2
0.00327 41547.9
0.00328 41675.1
0.00329 41799.0
0.00330 41919.5
0.00331 42036.8
0.00332 42151.0
0.00333 42262.1
0.00334 42370.3
0.00335 42475.5
0.00336 42578.0
0.00337 42677.7
0.00338 42774.8
0.00339 42869.3
0.00340 42961.3
0.00341 43050.8
0.00342 43138.0
0.00343 43222.8
0.00344 43305.4
0.00345 43385.8
0.00346 43464.1
0.00347 43540.3
0.00348 43614.4
0.00349 43686.7
0.00350 43757.0
0.00351 43825.5
0.00352 43892.1
0.00353 43957.0
0.00354 44020.2
0.00355 44081.8
0.00356 44141.7
0.00357 44200.1
0.00358 44257.0
0.00359 44312.3
0.00360 44366.3
0.00361 44418.8
0.00362 44469.9
0.00363 44519.8
0.00364 44568.3
0.00365 44615.6
0.00366 44661.7
0.00367 44706.6
0.00368 44750.3
0.00369 44792.9
0.00370 44834.4
0.00371 44874.8
0.00372 44914.2
0.00373 44952.6
0.00374 44990.0
0.00375 45026.5
0.00376 45062.0
0.00377 45096.6
0.00378 45130.3
0.00379 45163.2
0.00380 45195.3
0.00381 45226.5
0.00382 45256.9
0.00383 45286.6
0.00384 45315.5
0.00385 45343.7
0.00386 45371.2
0.00387 45398.0
0.00388 45424.1
0.00389 45449.5
0.00390 45474.3
0.00391 45498.5
0.00392 45522.1
0.00393 45545.1
0.00394 45567.5
0.00395 45589.3
0.00396 45610.6
0.00397 45631.4
0.00398 45651.6
0.00399 45671.4
0.00400 45690.6
0.00401 45709.3
0.00402 45727.6
0.00403 45745.4
0.00404 45762.8
0.00405 45779.7
0.00406 45796.3
0.00407 45812.3
0.00408 45828.0
0.00409 45843.3
0.00410 45858.2
0.00411 45872.8
0.00412 45886.9
0.00413 45900.7
0.00414 45914.2
0.00415 45927.3
0.00416 45940.1
0.00417 45952.5
0.00418 45964.7
0.00419 45976.5
0.00420 45988.0
0.00421 45999.3
0.00422 46010.2
0.00423 46020.9
0.00424 46031.2
0.00425 46041.4
0.00426 46051.2
0.00427 46060.8
0.00428 46070.1
0.00429 46079.2
0.00430 46088.1
0.00431 46096.7
0.00432 46105.1
0.00433 46113.3
0.00434 46121.2
0.00435 46129.0
0.00436 46136.5
0.00437 46143.8
0.00438 46151.0
0.00439 46157.9
0.00440 46164.6
0.00441 46171.2
0.00442 46177.6
0.00443 46183.8
0.00444 46189.8
0.00445 46195.6
0.00446 46201.3
0.00447 46206.8
0.00448 46212.2
0.00449 46217.4
0.00450 46222.4
0.00451 46227.3
0.00452 46232.1
0.00453 46236.7
0.00454 46241.1
0.00455 46245.5
0.00456 46249.6
0.00457 46253.7
0.00458 46257.6
0.00459 46261.4
0.00460 46265.1
0.00461 46268.7
0.00462 46272.1
0.00463 46275.4
0.00464 46278.6
0.00465 46281.7
0.00466 46284.7
0.00467 46287.6
0.00468 46290.3
0.00469 46293.0
0.00470 46295.6
0.00471 46298.0
0.00472 46300.4
0.00473 46302.7
0.00474 46304.8
0.00475 46306.9
0.00476 46308.9
0.00477 46310.8
0.00478 46312.6
0.00479 46314.4
0.00480 46316.0
0.00481 46317.6
0.00482 46319.1
0.00483 46320.5
0.00484 46321.8
0.00485 46323.1
0.00486 46324.3
0.00487 46325.4
0.00488 46326.4
0.00489 46327.4
0.00490 46328.3
0.00491 46329.1
0.00492 46329.8
0.00493 46330.5
0.00494 46331.2
0.00495 46331.7
0.00496 46332.3
0.00497 46332.7
0.00498 46333.1
0.00499 46333.4
0.00500 46333.7
0.00501 46333.9
0.00502 46334.0
0.00503 46334.1
0.00504 46334.2
0.00505 46334.2
0.00506 46334.1
0.00507 46334.0
0.00508 46333.9
0.00509 46333.7
0.00510 46333.4
0.00511 46333.1
0.00512 46332.7
0.00513 46332.3
0.00514 46331.9
0.00515 46331.4
0.00516 46330.9
0.00517 46330.3
0.00518 46329.7
0.00519 46329.0
0.00520 46328.3
0.00521 46327.6
0.00522 46326.8
0.00523 46326.0
0.00524 46325.1
0.00525 46324.2
0.00526 46323.3
0.00527 46322.3
0.00528 46321.3
0.00529 46320.3
0.00530 46319.2
0.00531 46318.1
0.00532 46316.9
0.00533 46315.8
0.00534 46314.6
0.00535 46313.3
0.00536 46312.0
0.00537 46310.7
0.00538 46309.4
0.00539 46308.0
0.00540 46306.6
0.00541 46305.2
0.00542 46303.7
0.00543 46302.3
0.00544 46300.7
0.00545 46299.2
0.00546 46297.6
0.00547 46296.0
0.00548 46294.4
0.00549 46292.8
0.00550 46291.1
0.00551 46289.4
0.00552 46287.6
0.00553 46285.9
0.00554 46284.1
0.00555 46282.3
0.00556 46280.5
0.00557 46278.7
0.00558 46276.8
0.00559 46274.9
0.00560 46273.0
0.00561 46271.0
0.00562 46269.1
0.00563 46267.1
0.00564 46265.1
0.00565 46263.1
0.00566 46261.0
0.00567 46259.0
0.00568 46256.9
0.00569 46254.8
0.00570 46252.7
0.00571 46250.5
0.00572 46248.4
0.00573 46246.2
0.00574 46244.0
0.00575 46241.8
0.00576 46239.5
0.00577 46237.3
0.00578 46235.0
0.00579 46232.7
0.00580 46230.4
0.00581 46228.1
0.00582 46225.8
0.00583 46223.4
0.00584 46221.0
0.00585 46218.7
0.00586 46216.3
0.00587 46213.8
0.00588 46211.4
0.00589 46209.0
0.00590 46206.5
0.00591 46204.0
0.00592 46201.5
0.00593 46199.0
0.00594 46196.5
0.00595 46194.0
0.00596 46191.4
0.00597 46188.9
0.00598 46186.3
0.00599 46183.7
0.00600 46181.1
0.00601 46178.5
0.00602 46175.8
0.00603 46173.2
0.00604 46170.6
0.00605 46167.9
0.00606 46165.2
0.00607 46162.5
0.00608 46159.8
0.00609 46157.1
0.00610 46154.4
0.00611 46151.6
0.00612 46148.9
0.00613 46146.1
0.00614 46143.4
0.00615 46140.6
0.00616 46137.8
0.00617 46135.0
0.00618 46132.2
0.00619 46129.4
0.00620 46126.5
0.00621 46123.7
0.00622 46120.8
0.00623 46118.0
0.00624 46115.1
0.00625 46112.2
0.00626 46109.3
0.00627 46106.4
0.00628 46103.5
0.00629 46100.6
0.00630 46097.7
0.00631 46094.7
0.00632 46091.8
0.00633 46088.8
0.00634 46085.9
0.00635 46082.9
0.00636 46079.9
0.00637 46076.9
0.00638 46073.9
0.00639 46070.9
0.00640 46067.9
0.00641 46064.9
0.00642 46061.8
0.00643 46058.8
0.00644 46055.8
0.00645 46052.7
0.00646 46049.7
0.00647 46046.6
0.00648 46043.5
0.00649 46040.4
0.00650 46037.3
0.00651 46034.3
0.00652 46031.1
0.00653 46028.0
0.00654 46024.9
0.00655 46021.8
0.00656 46018.7
0.00657 46015.5
0.00658 46012.4
0.00659 46009.2
0.00660 46006.1
0.00661 46002.9
0.00662 45999.8
0.00663 45996.6
0.00664 45993.4
0.00665 45990.2
0.00666 45987.0
0.00667 45983.8
0.00668 45980.6
0.00669 45977.4
0.00670 45974.2
0.00671 45971.0
0.00672 45967.8
0.00673 45964.5
0.00674 45961.3
0.00675 45958.1
0.00676 45954.8
0.00677 45951.6
0.00678 45948.3
0.00679 45945.1
0.00680 45941.8
0.00681 45938.5
0.00682 45935.3
0.00683 45932.0
0.00684 45928.7
0.00685 45925.4
0.00686 45922.1
0.00687 45918.8
0.00688 45915.5
0.00689 45912.2
0.00690 45908.9
0.00691 45905.6
0.00692 45902.3
0.00693 45899.0
0.00694 45895.6
0.00695 45892.3
0.00696 45889.0
0.00697 45885.6
0.00698 45882.3
0.00699 45878.9
0.00700 45875.6
0.00701 45872.2
0.00702 45868.9
0.00703 45865.5
0.00704 45862.2
0.00705 45858.8
0.00706 45855.4
0.00707 45852.1
0.00708 45848.7
0.00709 45845.3
0.00710 45841.9
0.00711 45838.5
0.00712 45835.2
0.00713 45831.8
0.00714 45828.4
0.00715 45825.0
0.00716 45821.6
0.00717 45818.2
0.00718 45814.8
0.00719 45811.4
0.00720 45807.9
0.00721 45804.5
0.00722 45801.1
0.00723 45797.7
0.00724 45794.3
0.00725 45790.9
0.00726 45787.4
0.00727 45784.0
0.00728 45780.6
0.00729 45777.1
0.00730 45773.7
0.00731 45770.3
0.00732 45766.8
0.00733 45763.4
0.00734 45759.9
0.00735 45756.5
0.00736 45753.1
0.00737 45749.6
0.00738 45746.2
0.00739 45742.7
0.00740 45739.2
0.00741 45735.8
0.00742 45732.3
0.00743 45728.9
0.00744 45725.4
0.00745 45722.0
0.00746 45718.5
0.00747 45715.0
0.00748 45711.6
0.00749 45708.1
0.00750 45704.6
0.00751 45701.1
0.00752 45697.7
0.00753 45694.2
0.00754 45690.7
0.00755 45687.2
0.00756 45683.8
0.00757 45680.3
0.00758 45676.8
0.00759 45673.3
0.00760 45669.8
0.00761 45666.4
0.00762 45662.9
0.00763 45659.4
0.00764 45655.9
0.00765 45652.4
0.00766 45648.9
0.00767 45645.4
0.00768 45641.9
0.00769 45638.5
0.00770 45635.0
0.00771 45631.5
0.00772 45628.0
0.00773 45624.5
0.00774 45621.0
0.00775 45617.5
0.00776 45614.0
0.00777 45610.5
0.00778 45607.0
0.00779 45603.5
0.00780 45600.0
0.00781 45596.5
0.00782 45593.0
0.00783 45589.5
0.00784 45586.0
0.00785 45582.5
0.00786 45579.0
0.00787 45575.5
0.00788 45572.0
0.00789 45568.5
0.00790 45565.0
0.00791 45561.5
0.00792 45558.0
0.00793 45554.5
0.00794 45551.0
0.00795 45547.5
0.00796 45544.0
0.00797 45540.5
0.00798 45537.0
0.00799 45533.5
0.00800 45530.0
0.00801 45526.6
0.00802 45523.1
0.00803 45519.6
0.00804 45516.1
0.00805 45512.6
0.00806 45509.1
0.00807 45505.6
0.00808 45502.1
0.00809 45498.6
0.00810 45495.1
0.00811 45491.6
0.00812 45488.1
0.00813 45484.6
0.00814 45481.1
0.00815 45477.6
0.00816 45474.1
0.00817 45470.6
0.00818 45467.1
0.00819 45463.6
0.00820 45460.2
0.00821 45456.7
0.00822 45453.2
0.00823 45449.7
0.00824 45446.2
0.00825 45442.7
0.00826 45439.2
0.00827 45435.7
0.00828 45432.3
0.00829 45428.8
0.00830 45425.3
0.00831 45421.8
0.00832 45418.3
0.00833 45414.9
0.00834 45411.4
0.00835 45407.9
0.00836 45404.4
0.00837 45400.9
0.00838 45397.5
0.00839 45394.0
0.00840 45390.5
0.00841 45387.1
0.00842 45383.6
0.00843 45380.1
0.00844 45376.7
0.00845 45373.2
0.00846 45369.7
0.00847 45366.3
0.00848 45362.8
0.00849 45359.3
0.00850 45355.9
0.00851 45352.4
0.00852 45349.0
0.00853 45345.5
0.00854 45342.1
0.00855 45338.6
0.00856 45335.1
0.00857 45331.7
0.00858 45328.3
0.00859 45324.8
0.00860 45321.4
0.00861 45317.9
0.00862 45314.5
0.00863 45311.0
0.00864 45307.6
0.00865 45304.2
0.00866 45300.7
0.00867 45297.3
0.00868 45293.9
0.00869 45290.4
0.00870 45287.0
0.00871 45283.6
0.00872 45280.1
0.00873 45276.7
0.00874 45273.3
0.00875 45269.9
0.00876 45266.5
0.00877 45263.0
0.00878 45259.6
0.00879 45256.2
0.00880 45252.8
0.00881 45249.4
0.00882 45246.0
0.00883 45242.6
0.00884 45239.2
0.00885 45235.8
0.00886 45232.4
0.00887 45229.0
0.00888 45225.6
0.00889 45222.2
0.00890 45218.8
0.00891 45215.4
0.00892 45212.0
0.00893 45208.7
0.00894 45205.3
0.00895 45201.9
0.00896 45198.5
0.00897 45195.1
0.00898 45191.8
0.00899 45188.4
0.00900 45185.0
0.00901 45181.6
0.00902 45178.3
0.00903 45174.9
0.00904 45171.6
0.00905 45168.2
0.00906 45164.8
0.00907 45161.5
0.00908 45158.1
0.00909 45154.8
0.00910 45151.4
0.00911 45148.1
0.00912 45144.8
0.00913 45141.4
0.00914 45138.1
0.00915 45134.7
0.00916 45131.4
0.00917 45128.1
0.00918 45124.8
0.00919 45121.4
0.00920 45118.1
0.00921 45114.8
0.00922 45111.5
0.00923 45108.2
0.00924 45104.8
0.00925 45101.5
0.00926 45098.2
0.00927 45094.9
0.00928 45091.6
0.00929 45088.3
0.00930 45085.0
0.00931 45081.7
0.00932 45078.4
0.00933 45075.1
0.00934 45071.8
0.00935 45068.6
0.00936 45065.3
0.00937 45062.0
0.00938 45058.7
0.00939 45055.5
0.00940 45052.2
0.00941 45048.9
0.00942 45045.6
0.00943 45042.4
0.00944 45039.1
0.00945 45035.9
0.00946 45032.6
0.00947 45029.4
0.00948 45026.1
0.00949 45022.9
0.00950 45019.6
0.00951 45016.4
0.00952 45013.1
0.00953 45009.9
0.00954 45006.7
0.00955 45003.4
0.00956 45000.2
0.00957 44997.0
0.00958 44993.8
0.00959 44990.6
0.00960 44987.3
0.00961 44984.1
0.00962 44980.9
0.00963 44977.7
0.00964 44974.5
0.00965 44971.3
0.00966 44968.1
0.00967 44964.9
0.00968 44961.7
0.00969 44958.5
0.00970 44955.4
0.00971 44952.2
0.00972 44949.0
0.00973 44945.8
0.00974 44942.7
0.00975 44939.5
0.00976 44936.3
0.00977 44933.2
0.00978 44930.0
0.00979 44926.8
0.00980 44923.7
0.00981 44920.5
0.00982 44917.4
0.00983 44914.2
0.00984 44911.1
0.00985 44908.0
0.00986 44904.8
0.00987 44901.7
0.00988 44898.6
0.00989 44895.4
0.00990 44892.3
0.00991 44889.2
0.00992 44886.1
0.00993 44883.0
0.00994 44879.8
0.00995 44876.7
0.00996 44873.6
0.00997 44870.5
0.00998 44867.4
0.00999 44864.3
0.01000 44861.3
0.01001 44858.2
0.01002 44855.1
0.01003 44852.0
0.01004 44848.9
0.01005 44845.8
0.01006 44842.8
0.01007 44839.7
0.01008 44836.6
0.01009 44833.6
0.01010 44830.5
0.01011 44827.5
0.01012 44824.4
0.01013 44821.4
0.01014 44818.3
0.01015 44815.3
0.01016 44812.2
0.01017 44809.2
0.01018 44806.2
0.01019 44803.1
0.01020 44800.1
0.01021 44797.1
0.01022 44794.1
0.01023 44791.1
0.01024 44788.1
0.01025 44785.0
0.01026 44782.0
0.01027 44779.0
0.01028 44776.0
0.01029 44773.0
0.01030 44770.1
0.01031 44767.1
0.01032 44764.1
0.01033 44761.1
0.01034 44758.1
0.01035 44755.2
0.01036 44752.2
0.01037 44749.2
0.01038 44746.3
0.01039 44743.3
0.01040 44740.3
0.01041 44737.4
0.01042 44734.4
0.01043 44731.5
0.01044 44728.5
0.01045 44725.6
0.01046 44722.7
0.01047 44719.7
0.01048 44716.8
0.01049 44713.9
0.01050 44711.0
0.01051 44708.0
0.01052 44705.1
0.01053 44702.2
0.01054 44699.3
0.01055 44696.4
0.01056 44693.5
0.01057 44690.6
0.01058 44687.7
0.01059 44684.8
0.01060 44681.9
0.01061 44679.1
0.01062 44676.2
0.01063 44673.3
0.01064 44670.4
0.01065 44667.6
0.01066 44664.7
0.01067 44661.8
0.01068 44659.0
0.01069 44656.1
0.01070 44653.3
0.01071 44650.4
0.01072 44647.6
0.01073 44644.7
0.01074 44641.9
0.01075 44639.1
0.01076 44636.2
0.01077 44633.4
0.01078 44630.6
0.01079 44627.8
0.01080 44625.0
0.01081 44622.1
0.01082 44619.3
0.01083 44616.5
0.01084 44613.7
0.01085 44610.9
0.01086 44608.1
0.01087 44605.4
0.01088 44602.6
0.01089 44599.8
0.01090 44597.0
0.01091 44594.2
0.01092 44591.5
0.01093 44588.7
0.01094 44585.9
0.01095 44583.2
0.01096 44580.4
0.01097 44577.7
0.01098 44574.9
0.01099 44572.2
0.01100 44569.4
0.01101 44566.7
0.01102 44563.9
0.01103 44561.2
0.01104 44558.5
0.01105 44555.8
0.01106 44553.0
0.01107 44550.3
0.01108 44547.6
0.01109 44544.9
0.01110 44542.2
0.01111 44539.5
0.01112 44536.8
0.01113 44534.1
0.01114 44531.4
0.01115 44528.7
0.01116 44526.0
0.01117 44523.4
0.01118 44520.7
0.01119 44518.0
0.01120 44515.3
0.01121 44512.7
0.01122 44510.0
0.01123 44507.4
0.01124 44504.7
0.01125 44502.1
0.01126 44499.4
0.01127 44496.8
0.01128 44494.1
0.01129 44491.5
0.01130 44488.9
0.01131 44486.2
0.01132 44483.6
0.01133 44481.0
0.01134 44478.4
0.01135 44475.7
0.01136 44473.1
0.01137 44470.5
0.01138 44467.9
0.01139 44465.3
0.01140 44462.7
0.01141 44460.1
0.01142 44457.6
0.01143 44455.0
0.01144 44452.4
0.01145 44449.8
0.01146 44447.2
0.01147 44444.7
0.01148 44442.1
0.01149 44439.5
0.01150 44437.0
0.01151 44434.4
0.01152 44431.9
0.01153 44429.3
0.01154 44426.8
0.01155 44424.2
0.01156 44421.7
0.01157 44419.2
0.01158 44416.6
0.01159 44414.1
0.01160 44411.6
0.01161 44409.1
0.01162 44406.6
0.01163 44404.0
0.01164 44401.5
0.01165 44399.0
0.01166 44396.5
0.01167 44394.0
0.01168 44391.5
0.01169 44389.1
0.01170 44386.6
0.01171 44384.1
0.01172 44381.6
0.01173 44379.1
0.01174 44376.7
0.01175 44374.2
0.01176 44371.7
0.01177 44369.3
0.01178 44366.8
0.01179 44364.4
0.01180 44361.9
0.01181 44359.5
0.01182 44357.0
0.01183 44354.6
0.01184 44352.2
0.01185 44349.7
0.01186 44347.3
0.01187 44344.9
0.01188 44342.5
0.01189 44340.0
0.01190 44337.6
0.01191 44335.2
0.01192 44332.8
0.01193 44330.4
0.01194 44328.0
0.01195 44325.6
0.01196 44323.2
0.01197 44320.8
0.01198 44318.5
0.01199 44316.1
0.01200 44313.7
0.01201 44311.3
0.01202 44309.0
0.01203 44306.6
0.01204 44304.2
0.01205 44301.9
0.01206 44299.5
0.01207 44297.2
0.01208 44294.8
0.01209 44292.5
0.01210 44290.1
0.01211 44287.8
0.01212 44285.5
0.01213 44283.2
0.01214 44280.8
0.01215 44278.5
0.01216 44276.2
0.01217 44273.9
0.01218 44271.6
0.01219 44269.3
0.01220 44267.0
0.01221 44264.7
0.01222 44262.4
0.01223 44260.1
0.01224 44257.8
0.01225 44255.5
0.01226 44253.2
0.01227 44250.9
0.01228 44248.7
0.01229 44246.4
0.01230 44244.1
0.01231 44241.9
0.01232 44239.6
0.01233 44237.3
0.01234 44235.1
0.01235 44232.8
0.01236 44230.6
0.01237 44228.3
0.01238 44226.1
0.01239 44223.9
0.01240 44221.6
0.01241 44219.4
0.01242 44217.2
0.01243 44215.0
0.01244 44212.7
0.01245 44210.5
0.01246 44208.3
0.01247 44206.1
0.01248 44203.9
0.01249 44201.7
0.01250 44199.5
0.01251 44197.3
0.01252 44195.1
0.01253 44192.9
0.01254 44190.8
0.01255 44188.6
0.01256 44186.4
0.01257 44184.2
0.01258 44182.1
0.01259 44179.9
0.01260 44177.7
0.01261 44175.6
0.01262 44173.4
0.01263 44171.3
0.01264 44169.1
0.01265 44167.0
0.01266 44164.8
0.01267 44162.7
0.01268 44160.6
0.01269 44158.4
0.01270 44156.3
0.01271 44154.2
0.01272 44152.1
0.01273 44150.0
0.01274 44147.8
0.01275 44145.7
0.01276 44143.6
0.01277 44141.5
0.01278 44139.4
0.01279 44137.3
0.01280 44135.2
0.01281 44133.2
0.01282 44131.1
0.01283 44129.0
0.01284 44126.9
0.01285 44124.8
0.01286 44122.8
0.01287 44120.7
0.01288 44118.6
0.01289 44116.6
0.01290 44114.5
0.01291 44112.5
0.01292 44110.4
0.01293 44108.4
0.01294 44106.3
0.01295 44104.3
0.01296 44102.2
0.01297 44100.2
0.01298 44098.2
0.01299 44096.1
0.01300 44094.1
0.01301 44092.1
0.01302 44090.1
0.01303 44088.1
0.01304 44086.1
0.01305 44084.1
0.01306 44082.0
0.01307 44080.0
0.01308 44078.1
0.01309 44076.1
0.01310 44074.1
0.01311 44072.1
0.01312 44070.1
0.01313 44068.1
0.01314 44066.1
0.01315 44064.2
0.01316 44062.2
0.01317 44060.2
0.01318 44058.3
0.01319 44056.3
0.01320 44054.4
0.01321 44052.4
0.01322 44050.4
0.01323 44048.5
0.01324 44046.6
0.01325 44044.6
0.01326 44042.7
0.01327 44040.7
0.01328 44038.8
0.01329 44036.9
0.01330 44035.0
0.01331 44033.0
0.01332 44031.1
0.01333 44029.2
0.01334 44027.3
0.01335 44025.4
0.01336 44023.5
0.01337 44021.6
0.01338 44019.7
0.01339 44017.8
0.01340 44015.9
0.01341 44014.0
0.01342 44012.1
0.01343 44010.3
0.01344 44008.4
0.01345 44006.5
0.01346 44004.6
0.01347 44002.8
0.01348 44000.9
0.01349 43999.0
0.01350 43997.2
0.01351 43995.3
0.01352 43993.5
0.01353 43991.6
0.01354 43989.8
0.01355 43987.9
0.01356 43986.1
0.01357 43984.3
0.01358 43982.4
0.01359 43980.6
0.01360 43978.8
0.01361 43976.9
0.01362 43975.1
0.01363 43973.3
0.01364 43971.5
0.01365 43969.7
0.01366 43967.9
0.01367 43966.1
0.01368 43964.3
0.01369 43962.5
0.01370 43960.7
0.01371 43958.9
0.01372 43957.1
0.01373 43955.3
0.01374 43953.5
0.01375 43951.7
0.01376 43950.0
0.01377 43948.2
0.01378 43946.4
0.01379 43944.7
0.01380 43942.9
0.01381 43941.1
0.01382 43939.4
0.01383 43937.6
0.01384 43935.9
0.01385 43934.1
0.01386 43932.4
0.01387 43930.6
0.01388 43928.9
0.01389 43927.2
0.01390 43925.4
0.01391 43923.7
0.01392 43922.0
0.01393 43920.2
0.01394 43918.5
0.01395 43916.8
0.01396 43915.1
0.01397 43913.4
0.01398 43911.7
0.01399 43910.0
0.01400 43908.3
0.01401 43906.6
0.01402 43904.9
0.01403 43903.2
0.01404 43901.5
0.01405 43899.8
0.01406 43898.1
0.01407 43896.4
0.01408 43894.7
0.01409 43893.1
0.01410 43891.4
0.01411 43889.7
0.01412 43888.1
0.01413 43886.4
0.01414 43884.7
0.01415 43883.1
0.01416 43881.4
0.01417 43879.8
0.01418 43878.1
0.01419 43876.5
0.01420 43874.8
0.01421 43873.2
0.01422 43871.5
0.01423 43869.9
0.01424 43868.3
0.01425 43866.6
0.01426 43865.0
0.01427 43863.4
0.01428 43861.8
0.01429 43860.2
0.01430 43858.5
0.01431 43856.9
0.01432 43855.3
0.01433 43853.7
0.01434 43852.1
0.01435 43850.5
0.01436 43848.9
0.01437 43847.3
0.01438 43845.7
0.01439 43844.1
0.01440 43842.6
0.01441 43841.0
0.01442 43839.4
0.01443 43837.8
0.01444 43836.3
0.01445 43834.7
0.01446 43833.1
0.01447 43831.5
0.01448 43830.0
0.01449 43828.4
0.01450 43826.9
0.01451 43825.3
0.01452 43823.8
0.01453 43822.2
0.01454 43820.7
0.01455 43819.1
0.01456 43817.6
0.01457 43816.0
0.01458 43814.5
0.01459 43813.0
0.01460 43811.5
0.01461 43809.9
0.01462 43808.4
0.01463 43806.9
0.01464 43805.4
0.01465 43803.8
0.01466 43802.3
0.01467 43800.8
0.01468 43799.3
0.01469 43797.8
0.01470 43796.3
0.01471 43794.8
0.01472 43793.3
0.01473 43791.8
0.01474 43790.3
0.01475 43788.8
0.01476 43787.4
0.01477 43785.9
0.01478 43784.4
0.01479 43782.9
0.01480 43781.4
0.01481 43780.0
0.01482 43778.5
0.01483 43777.0
0.01484 43775.6
0.01485 43774.1
0.01486 43772.7
0.01487 43771.2
0.01488 43769.8
0.01489 43768.3
0.01490 43766.9
0.01491 43765.4
0.01492 43764.0
0.01493 43762.5
0.01494 43761.1
0.01495 43759.7
0.01496 43758.2
0.01497 43756.8
0.01498 43755.4
0.01499 43753.9
0.01500 43752.5
0.01501 43751.1
0.01502 43749.7
0.01503 43748.3
0.01504 43746.9
0.01505 43745.5
0.01506 43744.1
0.01507 43742.6
0.01508 43741.2
0.01509 43739.9
0.01510 43738.5
0.01511 43737.1
0.01512 43735.7
0.01513 43734.3
0.01514 43732.9
0.01515 43731.5
0.01516 43730.1
0.01517 43728.8
0.01518 43727.4
0.01519 43726.0
0.01520 43724.6
0.01521 43723.3
0.01522 43721.9
0.01523 43720.6
0.01524 43719.2
0.01525 43717.8
0.01526 43716.5
0.01527 43715.1
0.01528 43713.8
0.01529 43712.4
0.01530 43711.1
0.01531 43709.7
0.01532 43708.4
0.01533 43707.1
0.01534 43705.7
0.01535 43704.4
0.01536 43703.1
0.01537 43701.7
0.01538 43700.4
0.01539 43699.1
0.01540 43697.8
0.01541 43696.5
0.01542 43695.1
0.01543 43693.8
0.01544 43692.5
0.01545 43691.2
0.01546 43689.9
0.01547 43688.6
0.01548 43687.3
0.01549 43686.0
0.01550 43684.7
0.01551 43683.4
0.01552 43682.1
0.01553 43680.8
0.01554 43679.6
0.01555 43678.3
0.01556 43677.0
0.01557 43675.7
0.01558 43674.4
0.01559 43673.2
0.01560 43671.9
0.01561 43670.6
0.01562 43669.4
0.01563 43668.1
0.01564 43666.8
0.01565 43665.6
0.01566 43664.3
0.01567 43663.1
0.01568 43661.8
0.01569 43660.6
0.01570 43659.3
0.01571 43658.1
0.01572 43656.8
0.01573 43655.6
0.01574 43654.3
0.01575 43653.1
0.01576 43651.9
0.01577 43650.6
0.01578 43649.4
0.01579 43648.2
0.01580 43647.0
0.01581 43645.7
0.01582 43644.5
0.01583 43643.3
0.01584 43642.1
0.01585 43640.9
0.01586 43639.7
0.01587 43638.5
0.01588 43637.2
0.01589 43636.0
0.01590 43634.8
0.01591 43633.6
0.01592 43632.4
0.01593 43631.3
0.01594 43630.1
0.01595 43628.9
0.01596 43627.7
0.01597 43626.5
0.01598 43625.3
0.01599 43624.1
0.01600 43623.0
0.01601 43621.8
0.01602 43620.6
0.01603 43619.4
0.01604 43618.3
0.01605 43617.1
0.01606 43615.9
0.01607 43614.8
0.01608 43613.6
0.01609 43612.4
0.01610 43611.3
0.01611 43610.1
0.01612 43609.0
0.01613 43607.8
0.01614 43606.7
0.01615 43605.5
0.01616 43604.4
0.01617 43603.2
0.01618 43602.1
0.01619 43601.0
0.01620 43599.8
0.01621 43598.7
0.01622 43597.6
0.01623 43596.4
0.01624 43595.3
0.01625 43594.2
0.01626 43593.1
0.01627 43591.9
0.01628 43590.8
0.01629 43589.7
0.01630 43588.6
0.01631 43587.5
0.01632 43586.4
0.01633 43585.3
0.01634 43584.2
0.01635 43583.0
0.01636 43581.9
0.01637 43580.8
0.01638 43579.8
0.01639 43578.7
0.01640 43577.6
0.01641 43576.5
0.01642 43575.4
0.01643 43574.3
0.01644 43573.2
0.01645 43572.1
0.01646 43571.0
0.01647 43570.0
0.01648 43568.9
0.01649 43567.8
0.01650 43566.7
0.01651 43565.7
0.01652 43564.6
0.01653 43563.5
0.01654 43562.5
0.01655 43561.4
0.01656 43560.3
0.01657 43559.3
0.01658 43558.2
0.01659 43557.2
0.01660 43556.1
0.01661 43555.1
0.01662 43554.0
0.01663 43553.0
0.01664 43551.9
0.01665 43550.9
0.01666 43549.9
0.01667 43548.8
0.01668 43547.8
0.01669 43546.7
0.01670 43545.7
0.01671 43544.7
0.01672 43543.7
0.01673 43542.6
0.01674 43541.6
0.01675 43540.6
0.01676 43539.6
0.01677 43538.5
0.01678 43537.5
0.01679 43536.5
0.01680 43535.5
0.01681 43534.5
0.01682 43533.5
0.01683 43532.5
0.01684 43531.5
0.01685 43530.5
0.01686 43529.5
0.01687 43528.5
0.01688 43527.5
0.01689 43526.5
0.01690 43525.5
0.01691 43524.5
0.01692 43523.5
0.01693 43522.5
0.01694 43521.5
0.01695 43520.5
0.01696 43519.5
0.01697 43518.6
0.01698 43517.6
0.01699 43516.6
0.01700 43515.6
0.01701 43514.7
0.01702 43513.7
0.01703 43512.7
0.01704 43511.7
0.01705 43510.8
0.01706 43509.8
0.01707 43508.9
0.01708 43507.9
0.01709 43506.9
0.01710 43506.0
0.01711 43505.0
0.01712 43504.1
0.01713 43503.1
0.01714 43502.2
0.01715 43501.2
0.01716 43500.3
0.01717 43499.3
0.01718 43498.4
0.01719 43497.5
0.01720 43496.5
0.01721 43495.6
0.01722 43494.6
0.01723 43493.7
0.01724 43492.8
0.01725 43491.8
0.01726 43490.9
0.01727 43490.0
0.01728 43489.1
0.01729 43488.1
0.01730 43487.2
0.01731 43486.3
0.01732 43485.4
0.01733 43484.5
0.01734 43483.6
0.01735 43482.6
0.01736 43481.7
0.01737 43480.8
0.01738 43479.9
0.01739 43479.0
0.01740 43478.1
0.01741 43477.2
0.01742 43476.3
0.01743 43475.4
0.01744 43474.5
0.01745 43473.6
0.01746 43472.7
0.01747 43471.8
0.01748 43471.0
0.01749 43470.1
0.01750 43469.2
0.01751 43468.3
0.01752 43467.4
0.01753 43466.5
0.01754 43465.7
0.01755 43464.8
0.01756 43463.9
0.01757 43463.0
0.01758 43462.2
0.01759 43461.3
0.01760 43460.4
0.01761 43459.5
0.01762 43458.7
0.01763 43457.8
0.01764 43457.0
0.01765 43456.1
0.01766 43455.2
0.01767 43454.4
0.01768 43453.5
0.01769 43452.7
0.01770 43451.8
0.01771 43451.0
0.01772 43450.1
0.01773 43449.3
0.01774 43448.4
0.01775 43447.6
0.01776 43446.7
0.01777 43445.9
0.01778 43445.0
0.01779 43444.2
0.01780 43443.4
0.01781 43442.5
0.01782 43441.7
0.01783 43440.9
0.01784 43440.0
0.01785 43439.2
0.01786 43438.4
0.01787 43437.6
0.01788 43436.7
0.01789 43435.9
0.01790 43435.1
0.01791 43434.3
0.01792 43433.5
0.01793 43432.6
0.01794 43431.8
0.01795 43431.0
0.01796 43430.2
0.01797 43429.4
0.01798 43428.6
0.01799 43427.8
0.01800 43427.0
0.01801 43426.2
0.01802 43425.4
0.01803 43424.6
0.01804 43423.8
0.01805 43423.0
0.01806 43422.2
0.01807 43421.4
0.01808 43420.6
0.01809 43419.8
0.01810 43419.0
0.01811 43418.2
0.01812 43417.4
0.01813 43416.7
0.01814 43415.9
0.01815 43415.1
0.01816 43414.3
0.01817 43413.5
0.01818 43412.8
0.01819 43412.0
0.01820 43411.2
0.01821 43410.4
0.01822 43409.7
0.01823 43408.9
0.01824 43408.1
0.01825 43407.4
0.01826 43406.6
0.01827 43405.8
0.01828 43405.1
0.01829 43404.3
0.01830 43403.5
0.01831 43402.8
0.01832 43402.0
0.01833 43401.3
0.01834 43400.5
0.01835 43399.8
0.01836 43399.0
0.01837 43398.3
0.01838 43397.5
0.01839 43396.8
0.01840 43396.0
0.01841 43395.3
0.01842 43394.5
0.01843 43393.8
0.01844 43393.1
0.01845 43392.3
0.01846 43391.6
0.01847 43390.8
0.01848 43390.1
0.01849 43389.4
0.01850 43388.6
0.01851 43387.9
0.01852 43387.2
0.01853 43386.5
0.01854 43385.7
0.01855 43385.0
0.01856 43384.3
0.01857 43383.6
0.01858 43382.8
0.01859 43382.1
0.01860 43381.4
0.01861 43380.7
0.01862 43380.0
0.01863 43379.3
0.01864 43378.6
0.01865 43377.8
0.01866 43377.1
0.01867 43376.4
0.01868 43375.7
0.01869 43375.0
0.01870 43374.3
0.01871 43373.6
0.01872 43372.9
0.01873 43372.2
0.01874 43371.5
0.01875 43370.8
0.01876 43370.1
0.01877 43369.4
0.01878 43368.7
0.01879 43368.0
0.01880 43367.4
0.01881 43366.7
0.01882 43366.0
0.01883 43365.3
0.01884 43364.6
0.01885 43363.9
0.01886 43363.2
0.01887 43362.6
0.01888 43361.9
0.01889 43361.2
0.01890 43360.5
0.01891 43359.9
0.01892 43359.2
0.01893 43358.5
0.01894 43357.8
0.01895 43357.2
0.01896 43356.5
0.01897 43355.8
0.01898 43355.2
0.01899 43354.5
0.01900 43353.8
0.01901 43353.2
0.01902 43352.5
0.01903 43351.9
0.01904 43351.2
0.01905 43350.5
0.01906 43349.9
0.01907 43349.2
0.01908 43348.6
0.01909 43347.9
0.01910 43347.3
0.01911 43346.6
0.01912 43346.0
0.01913 43345.3
0.01914 43344.7
0.01915 43344.0
0.01916 43343.4
0.01917 43342.7
0.01918 43342.1
0.01919 43341.5
0.01920 43340.8
0.01921 43340.2
0.01922 43339.5
0.01923 43338.9
0.01924 43338.3
0.01925 43337.6
0.01926 43337.0
0.01927 43336.4
0.01928 43335.8
0.01929 43335.1
0.01930 43334.5
0.01931 43333.9
0.01932 43333.2
0.01933 43332.6
0.01934 43332.0
0.01935 43331.4
0.01936 43330.8
0.01937 43330.1
0.01938 43329.5
0.01939 43328.9
0.01940 43328.3
0.01941 43327.7
0.01942 43327.1
0.01943 43326.5
0.01944 43325.9
0.01945 43325.2
0.01946 43324.6
0.01947 43324.0
0.01948 43323.4
0.01949 43322.8
0.01950 43322.2
0.01951 43321.6
0.01952 43321.0
0.01953 43320.4
0.01954 43319.8
0.01955 43319.2
0.01956 43318.6
0.01957 43318.0
0.01958 43317.4
0.01959 43316.8
0.01960 43316.2
0.01961 43315.7
0.01962 43315.1
0.01963 43314.5
0.01964 43313.9
0.01965 43313.3
0.01966 43312.7
0.01967 43312.1
0.01968 43311.6
0.01969 43311.0
0.01970 43310.4
0.01971 43309.8
0.01972 43309.2
0.01973 43308.7
0.01974 43308.1
0.01975 43307.5
0.01976 43306.9
0.01977 43306.4
0.01978 43305.8
0.01979 43305.2
0.01980 43304.7
0.01981 43304.1
0.01982 43303.5
0.01983 43302.9
0.01984 43302.4
0.01985 43301.8
0.01986 43301.3
0.01987 43300.7
0.01988 43300.1
0.01989 43299.6
0.01990 43299.0
0.01991 43298.5
0.01992 43297.9
0.01993 43297.3
0.01994 43296.8
0.01995 43296.2
0.01996 43295.7
0.01997 43295.1
0.01998 43294.6
0.01999 43294.0
0.02000 42967.4
0.02001 42967.4
0.02002 42967.4
0.02003 42967.4
0.02004 42967.4
0.02005 42967.4
0.02006 42967.4
0.02007 42967.4
0.02008 42967.4
0.02009 42967.4
0.02010 42967.4
0.02011 42967.4
0.02012 42967.4
0.02013 42967.4
0.02014 42967.4
0.02015 42967.4
0.02016 42967.4
0.02017 42967.4
0.02018 42967.4
0.02019 42967.4
0.02020 42967.4
0.02021 42967.4
0.02022 42967.4
0.02023 42967.4
0.02024 42967.4
0.02025 42967.4
0.02026 42967.4
0.02027 42967.4
0.02028 42967.4
0.02029 42967.4
0.02030 42967.4
0.02031 42967.4
0.02032 42967.4
0.02033 42967.4
0.02034 42967.4
0.02035 42967.4
0.02036 42967.4
0.02037 42967.4
0.02038 42967.4
0.02039 42967.4
0.02040 42967.4
0.02041 42967.4
0.02042 42967.4
0.02043 42967.4
0.02044 42967.4
0.02045 42967.4
0.02046 42967.4
0.02047 42967.4
0.02048 42967.4
0.02049 42967.4
0.02050 42967.4
0.02051 42967.4
0.02052 42967.4
0.02053 42967.4
0.02054 42967.4
0.02055 42967.4
0.02056 42967.4
0.02057 42967.4
0.02058 42967.4
0.02059 42967.4
0.02060 42967.4
0.02061 42967.4
0.02062 42967.4
0.02063 42967.4
0.02064 42967.4
0.02065 42967.4
0.02066 42967.4
0.02067 42967.4
0.02068 42967.4
0.02069 42967.4
0.02070 42967.4
0.02071 42967.4
0.02072 42967.4
0.02073 42967.4
0.02074 42967.4
0.02075 42967.4
0.02076 42967.4
0.02077 42967.4
0.02078 42967.4
0.02079 42967.4
0.02080 42967.4
0.02081 42967.4
0.02082 42967.4
0.02083 42967.4
0.02084 42967.4
0.02085 42967.4
0.02086 42967.4
0.02087 42967.4
0.02088 42967.4
0.02089 42967.4
0.02090 42967.4
0.02091 42967.4
0.02092 42967.4
0.02093 42967.4
0.02094 42967.4
0.02095 42967.4
0.02096 42967.4
0.02097 42967.4
0.02098 42967.4
0.02099 42967.4
0.02100 42967.4
0.02101 42967.4
0.02102 42967.4
0.02103 42967.4
0.02104 42967.4
0.02105 42967.4
0.02106 42967.4
0.02107 42967.4
0.02108 42967.4
0.02109 42967.4
0.02110 42967.4
0.02111 42967.4
0.02112 42967.4
0.02113 42967.4
0.02114 42967.4
0.02115 42967.4
0.02116 42967.4
0.02117 42967.4
0.02118 42967.4
0.02119 42967.4
0.02120 42967.4
0.02121 42967.4
0.02122 42967.4
0.02123 42967.4
0.02124 42967.4
0.02125 42967.4
0.02126 42967.4
0.02127 42967.4
0.02128 42967.4
0.02129 42967.4
0.02130 42967.4
0.02131 42967.4
0.02132 42967.4
0.02133 42967.4
0.02134 42967.4
0.02135 42967.4
0.02136 42967.4
0.02137 42967.4
0.02138 42967.4
0.02139 42967.4
0.02140 42967.4
0.02141 42967.4
0.02142 42967.4
0.02143 42967.4
0.02144 42967.4
0.02145 42967.4
0.02146 42967.4
0.02147 42967.4
0.02148 42967.4
0.02149 42967.4
0.02150 42967.4
0.02151 42967.4
0.02152 42967.4
0.02153 42967.4
0.02154 42967.4
0.02155 42967.4
0.02156 42967.4
0.02157 42967.4
0.02158 42967.4
0.02159 42967.4
0.02160 42967.4
0.02161 42967.4
0.02162 42967.4
0.02163 42967.4
0.02164 42967.4
0.02165 42967.4
0.02166 42967.4
0.02167 42967.4
0.02168 42967.4
0.02169 42967.4
0.02170 42967.4
0.02171 42967.4
0.02172 42967.4
0.02173 42967.4
0.02174 42967.4
0.02175 42967.4
0.02176 42967.4
0.02177 42967.4
0.02178 42967.4
0.02179 42967.4
0.02180 42967.4
0.02181 42967.4
0.02182 42967.4
0.02183 42967.4
0.02184 42967.4
0.02185 42967.4
0.02186 42967.4
0.02187 42967.4
0.02188 42967.4
0.02189 42967.4
0.02190 42967.4
0.02191 42967.4
0.02192 42967.4
0.02193 42967.4
0.02194 42967.4
0.02195 42967.4
0.02196 42967.4
0.02197 42967.4
0.02198 42967.4
0.02199 42967.4
0.02200 42967.4
0.02201 42967.4
0.02202 42967.4
0.02203 42967.4
0.02204 42967.4
0.02205 42967.4
0.02206 42967.4
0.02207 42967.4
0.02208 42967.4
0.02209 42967.4
0.02210 42967.4
0.02211 42967.4
0.02212 42967.4
0.02213 42967.4
0.02214 42967.4
0.02215 42967.4
0.02216 42967.4
0.02217 42967.4
0.02218 42967.4
0.02219 42967.4
0.02220 42967.4
0.02221 42967.4
0.02222 42967.4
0.02223 42967.4
0.02224 42967.4
0.02225 42967.4
0.02226 42967.4
0.02227 42967.4
0.02228 42967.4
0.02229 42967.4
0.02230 42967.4
0.02231 42967.4
0.02232 42967.4
0.02233 42967.4
0.02234 42967.4
0.02235 42967.4
0.02236 42967.4
0.02237 42967.4
0.02238 42967.4
0.02239 42967.4
0.02240 42967.4
0.02241 42967.4
0.02242 42967.4
0.02243 42967.4
0.02244 42967.4
0.02245 42967.4
0.02246 42967.4
0.02247 42967.4
0.02248 42967.4
0.02249 42967.4
0.02250 42967.4
0.02251 42967.4
0.02252 42967.4
0.02253 42967.4
0.02254 42967.4
0.02255 42967.4
0.02256 42967.4
0.02257 42967.4
0.02258 42967.4
0.02259 42967.4
0.02260 42967.4
0.02261 42967.4
0.02262 42967.4
0.02263 42967.4
0.02264 42967.4
0.02265 42967.4
0.02266 42967.4
0.02267 42967.4
0.02268 42967.4
0.02269 42967.4
0.02270 42967.4
0.02271 42967.4
0.02272 42967.4
0.02273 42967.4
0.02274 42967.4
0.02275 42967.4
0.02276 42967.4
0.02277 42967.4
0.02278 42967.4
0.02279 42967.4
0.02280 42967.4
0.02281 42967.4
0.02282 42967.4
0.02283 42967.4
0.02284 42967.4
0.02285 42967.4
0.02286 42967.4
0.02287 42967.4
0.02288 42967.4
0.02289 42967.4
0.02290 42967.4
0.02291 42967.4
0.02292 42967.4
0.02293 42967.4
0.02294 42967.4
0.02295 42967.4
0.02296 42967.4
0.02297 42967.4
0.02298 42967.4
0.02299 42967.4
0.02300 42967.4
0.02301 42967.4
0.02302 42967.4
0.02303 42967.4
0.02304 42967.4
0.02305 42967.4
0.02306 42967.4
0.02307 42967.4
0.02308 42967.4
0.02309 42967.4
0.02310 42967.4
0.02311 42967.4
0.02312 42967.4
0.02313 42967.4
0.02314 42967.4
0.02315 42967.4
0.02316 42967.4
0.02317 42967.4
0.02318 42967.4
0.02319 42967.4
0.02320 42967.4
0.02321 42967.4
0.02322 42967.4
0.02323 42967.4
0.02324 42967.4
0.02325 42967.4
0.02326 42967.4
0.02327 42967.4
0.02328 42967.4
0.02329 42967.4
0.02330 42967.4
0.02331 42967.4
0.02332 42967.4
0.02333 42967.4
0.02334 42967.4
0.02335 42967.4
0.02336 42967.4
0.02337 42967.4
0.02338 42967.4
0.02339 42967.4
0.02340 42967.4
0.02341 42967.4
0.02342 42967.4
0.02343 42967.4
0.02344 42967.4
0.02345 42967.4
0.02346 42967.4
0.02347 42967.4
0.02348 42967.4
0.02349 42967.4
0.02350 42967.4
0.02351 42967.4
0.02352 42967.4
0.02353 42967.4
0.02354 42967.4
0.02355 42967.4
0.02356 42967.4
0.02357 42967.4
0.02358 42967.4
0.02359 42967.4
0.02360 42967.4
0.02361 42967.4
0.02362 42967.4
0.02363 42967.4
0.02364 42967.4
0.02365 42967.4
0.02366 42967.4
0.02367 42967.4
0.02368 42967.4
0.02369 42967.4
0.02370 42967.4
0.02371 42967.4
0.02372 42967.4
0.02373 42967.4
0.02374 42967.4
0.02375 42967.4
0.02376 42967.4
0.02377 42967.4
0.02378 42967.4
0.02379 42967.4
0.02380 42967.4
0.02381 42967.4
0.02382 42967.4
0.02383 42967.4
0.02384 42967.4
0.02385 42967.4
0.02386 42967.4
0.02387 42967.4
0.02388 42967.4
0.02389 42967.4
0.02390 42967.4
0.02391 42967.4
0.02392 42967.4
0.02393 42967.4
0.02394 42967.4
0.02395 42967.4
0.02396 42967.4
0.02397 42967.4
0.02398 42967.4
0.02399 42967.4
0.02400 42967.4
0.02401 42967.4
0.02402 42967.4
0.02403 42967.4
0.02404 42967.4
0.02405 42967.4
0.02406 42967.4
0.02407 42967.4
0.02408 42967.4
0.02409 42967.4
0.02410 42967.4
0.02411 42967.4
0.02412 42967.4
0.02413 42967.4
0.02414 42967.4
0.02415 42967.4
0.02416 42967.4
0.02417 42967.4
0.02418 42967.4
0.02419 42967.4
0.02420 42967.4
0.02421 42967.4
0.02422 42967.4
0.02423 42967.4
0.02424 42967.4
0.02425 42967.4
0.02426 42967.4
0.02427 42967.4
0.02428 42967.4
0.02429 42967.4
0.02430 42967.4
0.02431 42967.4
0.02432 42967.4
0.02433 42967.4
0.02434 42967.4
0.02435 42967.4
0.02436 42967.4
0.02437 42967.4
0.02438 42967.4
0.02439 42967.4
0.02440 42967.4
0.02441 42967.4
0.02442 42967.4
0.02443 42967.4
0.02444 42967.4
0.02445 42967.4
0.02446 42967.4
0.02447 42967.4
0.02448 42967.4
0.02449 42967.4
0.02450 42967.4
0.02451 42967.4
0.02452 42967.4
0.02453 42967.4
0.02454 42967.4
0.02455 42967.4
0.02456 42967.4
0.02457 42967.4
0.02458 42967.4
0.02459 42967.4
0.02460 42967.4
0.02461 42967.4
0.02462 42967.4
0.02463 42967.4
0.02464 42967.4
0.02465 42967.4
0.02466 42967.4
0.02467 42967.4
0.02468 42967.4
0.02469 42967.4
0.02470 42967.4
0.02471 42967.4
0.02472 42967.4
0.02473 42967.4
0.02474 42967.4
0.02475 42967.4
0.02476 42967.4
0.02477 42967.4
0.02478 42967.4
0.02479 42967.4
0.02480 42967.4
0.02481 42967.4
0.02482 42967.4
0.02483 42967.4
0.02484 42967.4
0.02485 42967.4
0.02486 42967.4
0.02487 42967.4
0.02488 42967.4
0.02489 42967.4
0.02490 42967.4
0.02491 42967.4
0.02492 42967.4
0.02493 42967.4
0.02494 42967.4
0.02495 42967.4
0.02496 42967.4
0.02497 42967.4
0.02498 42967.4
0.02499 42967.4
0.02500 42967.4
0.02501 42967.4
0.02502 42967.4
0.02503 42967.4
0.02504 42967.4
0.02505 42967.4
0.02506 42967.4
0.02507 42967.4
0.02508 42967.4
0.02509 42967.4
0.02510 42967.4
0.02511 42967.4
0.02512 42967.4
0.02513 42967.4
0.02514 42967.4
0.02515 42967.4
0.02516 42967.4
0.02517 42967.4
0.02518 42967.4
0.02519 42967.4
0.02520 42967.4
0.02521 42967.4
0.02522 42967.4
0.02523 42967.4
0.02524 42967.4
0.02525 42967.4
0.02526 42967.4
0.02527 42967.4
0.02528 42967.4
0.02529 42967.4
0.02530 42967.4
0.02531 42967.4
0.02532 42967.4
0.02533 42967.4
0.02534 42967.4
0.02535 42967.4
0.02536 42967.4
0.02537 42967.4
0.02538 42967.4
0.02539 42967.4
0.02540 42967.4
0.02541 42967.4
0.02542 42967.4
0.02543 42967.4
0.02544 42967.4
0.02545 42967.4
0.02546 42967.4
0.02547 42967.4
0.02548 42967.4
0.02549 42967.4
0.02550 42967.4
0.02551 42967.4
0.02552 42967.4
0.02553 42967.4
0.02554 42967.4
0.02555 42967.4
0.02556 42967.4
0.02557 42967.4
0.02558 42967.4
0.02559 42967.4
0.02560 42967.4
0.02561 42967.4
0.02562 42967.4
0.02563 42967.4
0.02564 42967.4
0.02565 42967.4
0.02566 42967.4
0.02567 42967.4
0.02568 42967.4
0.02569 42967.4
0.02570 42967.4
0.02571 42967.4
0.02572 42967.4
0.02573 42967.4
0.02574 42967.4
0.02575 42967.4
0.02576 42967.4
0.02577 42967.4
0.02578 42967.4
0.02579 42967.4
0.02580 42967.4
0.02581 42967.4
0.02582 42967.4
0.02583 42967.4
0.02584 42967.4
0.02585 42967.4
0.02586 42967.4
0.02587 42967.4
0.02588 42967.4
0.02589 42967.4
0.02590 42967.4
0.02591 42967.4
0.02592 42967.4
0.02593 42967.4
0.02594 42967.4
0.02595 42967.4
0.02596 42967.4
0.02597 42967.4
0.02598 42967.4
0.02599 42967.4
0.02600 42967.4
0.02601 42967.4
0.02602 42967.4
0.02603 42967.4
0.02604 42967.4
0.02605 42967.4
0.02606 42967.4
0.02607 42967.4
0.02608 42967.4
0.02609 42967.4
0.02610 42967.4
0.02611 42967.4
0.02612 42967.4
0.02613 42967.4
0.02614 42967.4
0.02615 42967.4
0.02616 42967.4
0.02617 42967.4
0.02618 42967.4
0.02619 42967.4
0.02620 42967.4
0.02621 42967.4
0.02622 42967.4
0.02623 42967.4
0.02624 42967.4
0.02625 42967.4
0.02626 42967.4
0.02627 42967.4
0.02628 42967.4
0.02629 42967.4
0.02630 42967.4
0.02631 42967.4
0.02632 42967.4
0.02633 42967.4
0.02634 42967.4
0.02635 42967.4
0.02636 42967.4
0.02637 42967.4
0.02638 42967.4
0.02639 42967.4
0.02640 42967.4
0.02641 42967.4
0.02642 42967.4
0.02643 42967.4
0.02644 42967.4
0.02645 42967.4
0.02646 42967.4
0.02647 42967.4
0.02648 42967.4
0.02649 42967.4
0.02650 42967.4
0.02651 42967.4
0.02652 42967.4
0.02653 42967.4
0.02654 42967.4
0.02655 42967.4
0.02656 42967.4
0.02657 42967.4
0.02658 42967.4
0.02659 42967.4
0.02660 42967.4
0.02661 42967.4
0.02662 42967.4
0.02663 42967.4
0.02664 42967.4
0.02665 42967.4
0.02666 42967.4
0.02667 42967.4
0.02668 42967.4
0.02669 42967.4
0.02670 42967.4
0.02671 42967.4
0.02672 42967.4
0.02673 42967.4
0.02674 42967.4
0.02675 42967.4
0.02676 42967.4
0.02677 42967.4
0.02678 42967.4
0.02679 42967.4
0.02680 42967.4
0.02681 42967.4
0.02682 42967.4
0.02683 42967.4
0.02684 42967.4
0.02685 42967.4
0.02686 42967.4
0.02687 42967.4
0.02688 42967.4
0.02689 42967.4
0.02690 42967.4
0.02691 42967.4
0.02692 42967.4
0.02693 42967.4
0.02694 42967.4
0.02695 42967.4
0.02696 42967.4
0.02697 42967.4
0.02698 42967.4
0.02699 42967.4
0.02700 42967.4
0.02701 42967.4
0.02702 42967.4
0.02703 42967.4
0.02704 42967.4
0.02705 42967.4
0.02706 42967.4
0.02707 42967.4
0.02708 42967.4
0.02709 42967.4
0.02710 42967.4
0.02711 42967.4
0.02712 42967.4
0.02713 42967.4
0.02714 42967.4
0.02715 42967.4
0.02716 42967.4
0.02717 42967.4
0.02718 42967.4
0.02719 42967.4
0.02720 42967.4
0.02721 42967.4
0.02722 42967.4
0.02723 42967.4
0.02724 42967.4
0.02725 42967.4
0.02726 42967.4
0.02727 42967.4
0.02728 42967.4
0.02729 42967.4
0.02730 42967.4
0.02731 42967.4
0.02732 42967.4
0.02733 42967.4
0.02734 42967.4
0.02735 42967.4
0.02736 42967.4
0.02737 42967.4
0.02738 42967.4
0.02739 42967.4
0.02740 42967.4
0.02741 42967.4
0.02742 42967.4
0.02743 42967.4
0.02744 42967.4
0.02745 42967.4
0.02746 42967.4
0.02747 42967.4
0.02748 42967.4
0.02749 42967.4
0.02750 42967.4
0.02751 42967.4
0.02752 42967.4
0.02753 42967.4
0.02754 42967.4
0.02755 42967.4
0.02756 42967.4
0.02757 42967.4
0.02758 42967.4
0.02759 42967.4
0.02760 42967.4
0.02761 42967.4
0.02762 42967.4
0.02763 42967.4
0.02764 42967.4
0.02765 42967.4
0.02766 42967.4
0.02767 42967.4
0.02768 42967.4
0.02769 42967.4
0.02770 42967.4
0.02771 42967.4
0.02772 42967.4
0.02773 42967.4
0.02774 42967.4
0.02775 42967.4
0.02776 42967.4
0.02777 42967.4
0.02778 42967.4
0.02779 42967.4
0.02780 42967.4
0.02781 42967.4
0.02782 42967.4
0.02783 42967.4
0.02784 42967.4
0.02785 42967.4
0.02786 42967.4
0.02787 42967.4
0.02788 42967.4
0.02789 42967.4
0.02790 42967.4
0.02791 42967.4
0.02792 42967.4
0.02793 42967.4
0.02794 42967.4
0.02795 42967.4
0.02796 42967.4
0.02797 42967.4
0.02798 42967.4
0.02799 42967.4
0.02800 42967.4
0.02801 42967.4
0.02802 42967.4
0.02803 42967.4
0.02804 42967.4
0.02805 42967.4
0.02806 42967.4
0.02807 42967.4
0.02808 42967.4
0.02809 42967.4
0.02810 42967.4
0.02811 42967.4
0.02812 42967.4
0.02813 42967.4
0.02814 42967.4
0.02815 42967.4
0.02816 42967.4
0.02817 42967.4
0.02818 42967.4
0.02819 42967.4
0.02820 42967.4
0.02821 42967.4
0.02822 42967.4
0.02823 42967.4
0.02824 42967.4
0.02825 42967.4
0.02826 42967.4
0.02827 42967.4
0.02828 42967.4
0.02829 42967.4
0.02830 42967.4
0.02831 42967.4
0.02832 42967.4
0.02833 42967.4
0.02834 42967.4
0.02835 42967.4
0.02836 42967.4
0.02837 42967.4
0.02838 42967.4
0.02839 42967.4
0.02840 42967.4
0.02841 42967.4
0.02842 42967.4
0.02843 42967.4
0.02844 42967.4
0.02845 42967.4
0.02846 42967.4
0.02847 42967.4
0.02848 42967.4
0.02849 42967.4
0.02850 42967.4
0.02851 42967.4
0.02852 42967.4
0.02853 42967.4
0.02854 42967.4
0.02855 42967.4
0.02856 42967.4
0.02857 42967.4
0.02858 42967.4
0.02859 42967.4
0.02860 42967.4
0.02861 42967.4
0.02862 42967.4
0.02863 42967.4
0.02864 42967.4
0.02865 42967.4
0.02866 42967.4
0.02867 42967.4
0.02868 42967.4
0.02869 42967.4
0.02870 42967.4
0.02871 42967.4
0.02872 42967.4
0.02873 42967.4
0.02874 42967.4
0.02875 42967.4
0.02876 42967.4
0.02877 42967.4
0.02878 42967.4
0.02879 42967.4
0.02880 42967.4
0.02881 42967.4
0.02882 42967.4
0.02883 42967.4
0.02884 42967.4
0.02885 42967.4
0.02886 42967.4
0.02887 42967.4
0.02888 42967.4
0.02889 42967.4
0.02890 42967.4
0.02891 42967.4
0.02892 42967.4
0.02893 42967.4
0.02894 42967.4
0.02895 42967.4
0.02896 42967.4
0.02897 42967.4
0.02898 42967.4
0.02899 42967.4
0.02900 42967.4
0.02901 42967.4
0.02902 42967.4
0.02903 42967.4
0.02904 42967.4
0.02905 42967.4
0.02906 42967.4
0.02907 42967.4
0.02908 42967.4
0.02909 42967.4
0.02910 42967.4
0.02911 42967.4
0.02912 42967.4
0.02913 42967.4
0.02914 42967.4
0.02915 42967.4
0.02916 42967.4
0.02917 42967.4
0.02918 42967.4
0.02919 42967.4
0.02920 42967.4
0.02921 42967.4
0.02922 42967.4
0.02923 42967.4
0.02924 42967.4
0.02925 42967.4
0.02926 42967.4
0.02927 42967.4
0.02928 42967.4
0.02929 42967.4
0.02930 42967.4
0.02931 42967.4
0.02932 42967.4
0.02933 42967.4
0.02934 42967.4
0.02935 42967.4
0.02936 42967.4
0.02937 42967.4
0.02938 42967.4
0.02939 42967.4
0.02940 42967.4
0.02941 42967.4
0.02942 42967.4
0.02943 42967.4
0.02944 42967.4
0.02945 42967.4
0.02946 42967.4
0.02947 42967.4
0.02948 42967.4
0.02949 42967.4
0.02950 42967.4
0.02951 42967.4
0.02952 42967.4
0.02953 42967.4
0.02954 42967.4
0.02955 42967.4
0.02956 42967.4
0.02957 42967.4
0.02958 42967.4
0.02959 42967.4
0.02960 42967.4
0.02961 42967.4
0.02962 42967.4
0.02963 42967.4
0.02964 42967.4
0.02965 42967.4
0.02966 42967.4
0.02967 42967.4
0.02968 42967.4
0.02969 42967.4
0.02970 42967.4
0.02971 42967.4
0.02972 42967.4
0.02973 42967.4
0.02974 42967.4
0.02975 42967.4
0.02976 42967.4
0.02977 42967.4
0.02978 42967.4
0.02979 42967.4
0.02980 42967.4
0.02981 42967.4
0.02982 42967.4
0.02983 42967.4
0.02984 42967.4
0.02985 42967.4
0.02986 42967.4
0.02987 42967.4
0.02988 42967.4
0.02989 42967.4
0.02990 42967.4
0.02991 42967.4
0.02992 42967.4
0.02993 42967.4
0.02994 42967.4
0.02995 42967.4
0.02996 42967.4
0.02997 42967.4
0.02998 42967.4
0.02999 42967.4
0.03000 42967.4
0.03001 42967.4
0.03002 42967.4
0.03003 42967.4
0.03004 42967.4
0.03005 42967.4
0.03006 42967.4
0.03007 42967.4
0.03008 42967.4
0.03009 42967.4
0.03010 42967.4
0.03011 42967.4
0.03012 42967.4
0.03013 42967.4
0.03014 42967.4
0.03015 42967.4
0.03016 42967.4
0.03017 42967.4
0.03018 42967.4
0.03019 42967.4
0.03020 42967.4
0.03021 42967.4
0.03022 42967.4
0.03023 42967.4
0.03024 42967.4
0.03025 42967.4
0.03026 42967.4
0.03027 42967.4
0.03028 42967.4
0.03029 42967.4
0.03030 42967.4
0.03031 42967.4
0.03032 42967.4
0.03033 42967.4
0.03034 42967.4
0.03035 42967.4
0.03036 42967.4
0.03037 42967.4
0.03038 42967.4
0.03039 42967.4
0.03040 42967.4
0.03041 42967.4
0.03042 42967.4
0.03043 42967.4
0.03044 42967.4
0.03045 42967.4
0.03046 42967.4
0.03047 42967.4
0.03048 42967.4
0.03049 42967.4
0.03050 42967.4
0.03051 42967.4
0.03052 42967.4
0.03053 42967.4
0.03054 42967.4
0.03055 42967.4
0.03056 42967.4
0.03057 42967.4
0.03058 42967.4
0.03059 42967.4
0.03060 42967.4
0.03061 42967.4
0.03062 42967.4
0.03063 42967.4
0.03064 42967.4
0.03065 42967.4
0.03066 42967.4
0.03067 42967.4
0.03068 42967.4
0.03069 42967.4
0.03070 42967.4
0.03071 42967.4
0.03072 42967.4
0.03073 42967.4
0.03074 42967.4
0.03075 42967.4
0.03076 42967.4
0.03077 42967.4
0.03078 42967.4
0.03079 42967.4
0.03080 42967.4
0.03081 42967.4
0.03082 42967.4
0.03083 42967.4
0.03084 42967.4
0.03085 42967.4
0.03086 42967.4
0.03087 42967.4
0.03088 42967.4
0.03089 42967.4
0.03090 42967.4
0.03091 42967.4
0.03092 42967.4
0.03093 42967.4
0.03094 42967.4
0.03095 42967.4
0.03096 42967.4
0.03097 42967.4
0.03098 42967.4
0.03099 42967.4
0.03100 42967.4
0.03101 41959.8
0.03102 40978.9
0.03103 40023.8
0.03104 39093.7
0.03105 38188.0
0.03106 37305.8
0.03107 36446.5
0.03108 35609.3
0.03109 34793.8
0.03110 33999.1
0.03111 33224.7
0.03112 32469.9
0.03113 31734.2
0.03114 31017.0
0.03115 30317.6
0.03116 29635.5
0.03117 28970.2
0.03118 28321.1
0.03119 27687.6
0.03120 27069.1
0.03121 26465.2
0.03122 25875.1
0.03123 25298.5
0.03124 24734.6
0.03125 24183.0
0.03126 23642.9
0.03127 23113.7
0.03128 22594.9
0.03129 22085.6
0.03130 21585.3
0.03131 21093.2
0.03132 20608.4
0.03133 20130.1
0.03134 19657.5
0.03135 19189.7
0.03136 18725.5
0.03137 18264.1
0.03138 17804.1
0.03139 17344.6
0.03140 16884.0
0.03141 16421.2
0.03142 15954.7
0.03143 15483.0
0.03144 15004.4
0.03145 14517.4
0.03146 14020.3
0.03147 13511.4
0.03148 12989.0
0.03149 12451.5
0.03150 11897.6
0.03151 11596.2
0.03152 11251.7
0.03153 10864.8
0.03154 10436.6
0.03155 9969.3
0.03156 9466.3
0.03157 8932.0
0.03158 8372.0
0.03159 7793.7
0.03160 7205.8
0.03161 6618.8
0.03162 6044.2
0.03163 5494.5
0.03164 4982.0
0.03165 4517.8
0.03166 4109.9
0.03167 3762.4
0.03168 3474.9
0.03169 3242.6
0.03170 3058.4
0.03171 2913.8
0.03172 2801.1
0.03173 2713.7
0.03174 2646.1
0.03175 2594.2
0.03176 2554.9
0.03177 2525.9
0.03178 2505.5
0.03179 2492.3
0.03180 2485.4
0.03181 2484.1
0.03182 2487.8
0.03183 2496.0
0.03184 2508.6
0.03185 2525.4
0.03186 2546.1
0.03187 2570.7
0.03188 2599.3
0.03189 2631.7
0.03190 2668.1
0.03191 2708.6
0.03192 2753.2
0.03193 2802.1
0.03194 2855.4
0.03195 2913.3
0.03196 2976.0
0.03197 3043.6
0.03198 3116.4
0.03199 3194.6
0.03200 3278.4
0.03201 3368.1
0.03202 3463.9
0.03203 3566.1
0.03204 3674.9
0.03205 3790.6
0.03206 3913.4
0.03207 4043.7
0.03208 4181.7
0.03209 4327.6
0.03210 4481.7
0.03211 4644.3
0.03212 4815.5
0.03213 4995.6
0.03214 5184.7
0.03215 5383.1
0.03216 5590.9
0.03217 5808.1
0.03218 6035.0
0.03219 6271.6
0.03220 6517.8
0.03221 6773.7
0.03222 7039.3
0.03223 7314.4
0.03224 7599.1
0.03225 7893.0
0.03226 8196.1
0.03227 8508.2
0.03228 8828.9
0.03229 9158.1
0.03230 9495.5
0.03231 9840.7
0.03232 10193.5
0.03233 10553.4
0.03234 10920.2
0.03235 11293.4
0.03236 11672.7
0.03237 12057.8
0.03238 12448.3
0.03239 12843.7
0.03240 13243.8
0.03241 13648.1
0.03242 14056.4
0.03243 14468.3
0.03244 14883.5
0.03245 15301.7
0.03246 15722.6
0.03247 16145.9
0.03248 16571.4
0.03249 16998.8
0.03250 17427.8
0.03251 17858.2
0.03252 18289.8
0.03253 18722.5
0.03254 19155.9
0.03255 19589.9
0.03256 20024.3
0.03257 20458.9
0.03258 20893.5
0.03259 21328.0
0.03260 21762.1
0.03261 22195.6
0.03262 22628.4
0.03263 23060.2
0.03264 23490.9
0.03265 23920.2
0.03266 24348.0
0.03267 24773.9
0.03268 25197.9
0.03269 25619.6
0.03270 26038.8
0.03271 26455.3
0.03272 26868.8
0.03273 27279.2
0.03274 27686.1
0.03275 28089.4
0.03276 28488.8
0.03277 28884.1
0.03278 29275.1
0.03279 29661.4
0.03280 30043.1
0.03281 30419.7
0.03282 30791.3
0.03283 31157.5
0.03284 31518.2
0.03285 31873.3
0.03286 32222.7
0.03287 32566.1
0.03288 32903.6
0.03289 33235.0
0.03290 33560.3
0.03291 33879.3
0.03292 34192.1
0.03293 34498.6
0.03294 34798.9
0.03295 35092.8
0.03296 35380.4
0.03297 35661.7
0.03298 35936.7
0.03299 36205.6
0.03300 36468.3
0.03301 36724.9
0.03302 36975.4
0.03303 37220.0
0.03304 37458.7
0.03305 37691.5
0.03306 37918.7
0.03307 38140.2
0.03308 38356.2
0.03309 38566.8
0.03310 38772.0
0.03311 38972.1
0.03312 39167.0
0.03313 39356.8
0.03314 39541.8
0.03315 39722.0
0.03316 39897.5
0.03317 40068.4
0.03318 40234.8
0.03319 40396.8
0.03320 40554.6
0.03321 40708.2
0.03322 40857.7
0.03323 41003.3
0.03324 41145.0
0.03325 41283.0
0.03326 41417.2
0.03327 41547.9
0.03328 41675.1
0.03329 41799.0
0.03330 41919.5
0.03331 42036.8
0.03332 42151.0
0.03333 42262.1
0.03334 42370.3
0.03335 42475.5
0.03336 42578.0
0.03337 42677.7
0.03338 42774.8
0.03339 42869.3
0.03340 42961.3
0.03341 43050.8
0.03342 43138.0
0.03343 43222.8
0.03344 43305.4
0.03345 43385.8
0.03346 43464.1
0.03347 43540.3
0.03348 43614.4
0.03349 43686.7
0.03350 43757.0
0.03351 43825.5
0.03352 43892.1
0.03353 43957.0
0.03354 44020.2
0.03355 44081.8
0.03356 44141.7
0.03357 44200.1
0.03358 44257.0
0.03359 44312.3
0.03360 44366.3
0.03361 44418.8
0.03362 44469.9
0.03363 44519.8
0.03364 44568.3
0.03365 44615.6
0.03366 44661.7
0.03367 44706.6
0.03368 44750.3
0.03369 44792.9
0.03370 44834.4
0.03371 44874.8
0.03372 44914.2
0.03373 44952.6
0.03374 44990.0
0.03375 45026.5
0.03376 45062.0
0.03377 45096.6
0.03378 45130.3
0.03379 45163.2
0.03380 45195.3
0.03381 45226.5
0.03382 45256.9
0.03383 45286.6
0.03384 45315.5
0.03385 45343.7
0.03386 45371.2
0.03387 45398.0
0.03388 45424.1
0.03389 45449.5
0.03390 45474.3
0.03391 45498.5
0.03392 45522.1
0.03393 45545.1
0.03394 45567.5
0.03395 45589.3
0.03396 45610.6
0.03397 45631.4
0.03398 45651.6
0.03399 45671.4
0.03400 45690.6
0.03401 45709.3
0.03402 45727.6
0.03403 45745.4
0.03404 45762.8
0.03405 45779.7
0.03406 45796.3
0.03407 45812.3
0.03408 45828.0
0.03409 45843.3
0.03410 45858.2
0.03411 45872.8
0.03412 45886.9
0.03413 45900.7
0.03414 45914.2
0.03415 45927.3
0.03416 45940.1
0.03417 45952.5
0.03418 45964.7
0.03419 45976.5
0.03420 45988.0
0.03421 45999.3
0.03422 46010.2
0.03423 46020.9
0.03424 46031.2
0.03425 46041.4
0.03426 46051.2
0.03427 46060.8
0.03428 46070.1
0.03429 46079.2
0.03430 46088.1
0.03431 46096.7
0.03432 46105.1
0.03433 46113.3
0.03434 46121.2
0.03435 46129.0
0.03436 46136.5
0.03437 46143.8
0.03438 46151.0
0.03439 46157.9
0.03440 46164.6
0.03441 46171.2
0.03442 46177.6
0.03443 46183.8
0.03444 46189.8
0.03445 46195.6
0.03446 46201.3
0.03447 46206.8
0.03448 46212.2
0.03449 46217.4
0.03450 46222.4
0.03451 46227.3
0.03452 46232.1
0.03453 46236.7
0.03454 46241.1
0.03455 46245.5
0.03456 46249.6
0.03457 46253.7
0.03458 46257.6
0.03459 46261.4
0.03460 46265.1
0.03461 46268.7
0.03462 46272.1
0.03463 46275.4
0.03464 46278.6
0.03465 46281.7
0.03466 46284.7
0.03467 46287.6
0.03468 46290.3
0.03469 46293.0
0.03470 46295.6
0.03471 46298.0
0.03472 46300.4
0.03473 46302.7
0.03474 46304.8
0.03475 46306.9
0.03476 46308.9
0.03477 46310.8
0.03478 46312.6
0.03479 46314.4
0.03480 46316.0
0.03481 46317.6
0.03482 46319.1
0.03483 46320.5
0.03484 46321.8
0.03485 46323.1
0.03486 46324.3
0.03487 46325.4
0.03488 46326.4
0.03489 46327.4
0.03490 46328.3
0.03491 46329.1
0.03492 46329.8
0.03493 46330.5
0.03494 46331.2
0.03495 46331.7
0.03496 46332.3
0.03497 46332.7
0.03498 46333.1
0.03499 46333.4
0.03500 46333.7
0.03501 46333.9
0.03502 46334.0
0.03503 46334.1
0.03504 46334.2
0.03505 46334.2
0.03506 46334.1
0.03507 46334.0
0.03508 46333.9
0.03509 46333.7
0.03510 46333.4
0.03511 46333.1
0.03512 46332.7
0.03513 46332.3
0.03514 46331.9
0.03515 46331.4
0.03516 46330.9
0.03517 46330.3
0.03518 46329.7
0.03519 46329.0
0.03520 46328.3
0.03521 46327.6
0.03522 46326.8
0.03523 46326.0
0.03524 46325.1
0.03525 46324.2
0.03526 46323.3
0.03527 46322.3
0.03528 46321.3
0.03529 46320.3
0.03530 46319.2
0.03531 46318.1
0.03532 46316.9
0.03533 46315.8
0.03534 46314.6
0.03535 46313.3
0.03536 46312.0
0.03537 46310.7
0.03538 46309.4
0.03539 46308.0
0.03540 46306.6
0.03541 46305.2
0.03542 46303.7
0.03543 46302.3
0.03544 46300.7
0.03545 46299.2
0.03546 46297.6
0.03547 46296.0
0.03548 46294.4
0.03549 46292.8
0.03550 46291.1
0.03551 46289.4
0.03552 46287.6
0.03553 46285.9
0.03554 46284.1
0.03555 46282.3
0.03556 46280.5
0.03557 46278.7
0.03558 46276.8
0.03559 46274.9
0.03560 46273.0
0.03561 46271.0
0.03562 46269.1
0.03563 46267.1
0.03564 46265.1
0.03565 46263.1
0.03566 46261.0
0.03567 46259.0
0.03568 46256.9
0.03569 46254.8
0.03570 46252.7
0.03571 46250.5
0.03572 46248.4
0.03573 46246.2
0.03574 46244.0
0.03575 46241.8
0.03576 46239.5
0.03577 46237.3
0.03578 46235.0
0.03579 46232.7
0.03580 46230.4
0.03581 46228.1
0.03582 46225.8
0.03583 46223.4
0.03584 46221.0
0.03585 46218.7
0.03586 46216.3
0.03587 46213.8
0.03588 46211.4
0.03589 46209.0
0.03590 46206.5
0.03591 46204.0
0.03592 46201.5
0.03593 46199.0
0.03594 46196.5
0.03595 46194.0
0.03596 46191.4
0.03597 46188.9
0.03598 46186.3
0.03599 46183.7
0.03600 46181.1
0.03601 46178.5
0.03602 46175.8
0.03603 46173.2
0.03604 46170.6
0.03605 46167.9
0.03606 46165.2
0.03607 46162.5
0.03608 46159.8
0.03609 46157.1
0.03610 46154.4
0.03611 46151.6
0.03612 46148.9
0.03613 46146.1
0.03614 46143.4
0.03615 46140.6
0.03616 46137.8
0.03617 46135.0
0.03618 46132.2
0.03619 46129.4
0.03620 46126.5
0.03621 46123.7
0.03622 46120.8
0.03623 46118.0
0.03624 46115.1
0.03625 46112.2
0.03626 46109.3
0.03627 46106.4
0.03628 46103.5
0.03629 46100.6
0.03630 46097.7
0.03631 46094.7
0.03632 46091.8
0.03633 46088.8
0.03634 46085.9
0.03635 46082.9
0.03636 46079.9
0.03637 46076.9
0.03638 46073.9
0.03639 46070.9
0.03640 46067.9
0.03641 46064.9
0.03642 46061.8
0.03643 46058.8
0.03644 46055.8
0.03645 46052.7
0.03646 46049.7
0.03647 46046.6
0.03648 46043.5
0.03649 46040.4
0.03650 46037.3
0.03651 46034.3
0.03652 46031.1
0.03653 46028.0
0.03654 46024.9
0.03655 46021.8
0.03656 46018.7
0.03657 46015.5
0.03658 46012.4
0.03659 46009.2
0.03660 46006.1
0.03661 46002.9
0.03662 45999.8
0.03663 45996.6
0.03664 45993.4
0.03665 45990.2
0.03666 45987.0
0.03667 45983.8
0.03668 45980.6
0.03669 45977.4
0.03670 45974.2
0.03671 45971.0
0.03672 45967.8
0.03673 45964.5
0.03674 45961.3
0.03675 45958.1
0.03676 45954.8
0.03677 45951.6
0.03678 45948.3
0.03679 45945.1
0.03680 45941.8
0.03681 45938.5
0.03682 45935.3
0.03683 45932.0
0.03684 45928.7
0.03685 45925.4
0.03686 45922.1
0.03687 45918.8
0.03688 45915.5
0.03689 45912.2
0.03690 45908.9
0.03691 45905.6
0.03692 45902.3
0.03693 45899.0
0.03694 45895.6
0.03695 45892.3
0.03696 45889.0
0.03697 45885.6
0.03698 45882.3
0.03699 45878.9
0.03700 45875.6
0.03701 45872.2
0.03702 45868.9
0.03703 45865.5
0.03704 45862.2
0.03705 45858.8
0.03706 45855.4
0.03707 45852.1
0.03708 45848.7
0.03709 45845.3
0.03710 45841.9
0.03711 45838.5
0.03712 45835.2
0.03713 45831.8
0.03714 45828.4
0.03715 45825.0
0.03716 45821.6
0.03717 45818.2
0.03718 45814.8
0.03719 45811.4
0.03720 45807.9
0.03721 45804.5
0.03722 45801.1
0.03723 45797.7
0.03724 45794.3
0.03725 45790.9
0.03726 45787.4
0.03727 45784.0
0.03728 45780.6
0.03729 45777.1
0.03730 45773.7
0.03731 45770.3
0.03732 45766.8
0.03733 45763.4
0.03734 45759.9
0.03735 45756.5
0.03736 45753.1
0.03737 45749.6
0.03738 45746.2
0.03739 45742.7
0.03740 45739.2
0.03741 45735.8
0.03742 45732.3
0.03743 45728.9
0.03744 45725.4
0.03745 45722.0
0.03746 45718.5
0.03747 45715.0
0.03748 45711.6
0.03749 45708.1
0.03750 45704.6
0.03751 45701.1
0.03752 45697.7
0.03753 45694.2
0.03754 45690.7
0.03755 45687.2
0.03756 45683.8
0.03757 45680.3
0.03758 45676.8
0.03759 45673.3
0.03760 45669.8
0.03761 45666.4
0.03762 45662.9
0.03763 45659.4
0.03764 45655.9
0.03765 45652.4
0.03766 45648.9
0.03767 45645.4
0.03768 45641.9
0.03769 45638.5
0.03770 45635.0
0.03771 45631.5
0.03772 45628.0
0.03773 45624.5
0.03774 45621.0
0.03775 45617.5
0.03776 45614.0
0.03777 45610.5
0.03778 45607.0
0.03779 45603.5
0.03780 45600.0
0.03781 45596.5
0.03782 45593.0
0.03783 45589.5
0.03784 45586.0
0.03785 45582.5
0.03786 45579.0
0.03787 45575.5
0.03788 45572.0
0.03789 45568.5
0.03790 45565.0
0.03791 45561.5
0.03792 45558.0
0.03793 45554.5
0.03794 45551.0
0.03795 45547.5
0.03796 45544.0
0.03797 45540.5
0.03798 45537.0
0.03799 45533.5
0.03800 45530.0
0.03801 45526.6
0.03802 45523.1
0.03803 45519.6
0.03804 45516.1
0.03805 45512.6
0.03806 45509.1
0.03807 45505.6
0.03808 45502.1
0.03809 45498.6
0.03810 45495.1
0.03811 45491.6
0.03812 45488.1
0.03813 45484.6
0.03814 45481.1
0.03815 45477.6
0.03816 45474.1
0.03817 45470.6
0.03818 45467.1
0.03819 45463.6
0.03820 45460.2
0.03821 45456.7
0.03822 45453.2
0.03823 45449.7
0.03824 45446.2
0.03825 45442.7
0.03826 45439.2
0.03827 45435.7
0.03828 45432.3
0.03829 45428.8
0.03830 45425.3
0.03831 45421.8
0.03832 45418.3
0.03833 45414.9
0.03834 45411.4
0.03835 45407.9
0.03836 45404.4
0.03837 45400.9
0.03838 45397.5
0.03839 45394.0
0.03840 45390.5
0.03841 45387.1
0.03842 45383.6
0.03843 45380.1
0.03844 45376.7
0.03845 45373.2
0.03846 45369.7
0.03847 45366.3
0.03848 45362.8
0.03849 45359.3
0.03850 45355.9
0.03851 45352.4
0.03852 45349.0
0.03853 45345.5
0.03854 45342.1
0.03855 45338.6
0.03856 45335.1
0.03857 45331.7
0.03858 45328.3
0.03859 45324.8
0.03860 45321.4
0.03861 45317.9
0.03862 45314.5
0.03863 45311.0
0.03864 45307.6
0.03865 45304.2
0.03866 45300.7
0.03867 45297.3
0.03868 45293.9
0.03869 45290.4
0.03870 45287.0
0.03871 45283.6
0.03872 45280.1
0.03873 45276.7
0.03874 45273.3
0.03875 45269.9
0.03876 45266.5
0.03877 45263.0
0.03878 45259.6
0.03879 45256.2
0.03880 45252.8
0.03881 45249.4
0.03882 45246.0
0.03883 45242.6
0.03884 45239.2
0.03885 45235.8
0.03886 45232.4
0.03887 45229.0
0.03888 45225.6
0.03889 45222.2
0.03890 45218.8
0.03891 45215.4
0.03892 45212.0
0.03893 45208.7
0.03894 45205.3
0.03895 45201.9
0.03896 45198.5
0.03897 45195.1
0.03898 45191.8
0.03899 45188.4
0.03900 45185.0
0.03901 45181.6
0.03902 45178.3
0.03903 45174.9
0.03904 45171.6
0.03905 45168.2
0.03906 45164.8
0.03907 45161.5
0.03908 45158.1
0.03909 45154.8
0.03910 45151.4
0.03911 45148.1
0.03912 45144.8
0.03913 45141.4
0.03914 45138.1
0.03915 45134.7
0.03916 45131.4
0.03917 45128.1
0.03918 45124.8
0.03919 45121.4
0.03920 45118.1
0.03921 45114.8
0.03922 45111.5
0.03923 45108.2
0.03924 45104.8
0.03925 45101.5
0.03926 45098.2
0.03927 45094.9
0.03928 45091.6
0.03929 45088.3
0.03930 45085.0
0.03931 45081.7
0.03932 45078.4
0.03933 45075.1
0.03934 45071.8
0.03935 45068.6
0.03936 45065.3
0.03937 45062.0
0.03938 45058.7
0.03939 45055.5
0.03940 45052.2
0.03941 45048.9
0.03942 45045.6
0.03943 45042.4
0.03944 45039.1
0.03945 45035.9
0.03946 45032.6
0.03947 45029.4
0.03948 45026.1
0.03949 45022.9
0.03950 45019.6
0.03951 45016.4
0.03952 45013.1
0.03953 45009.9
0.03954 45006.7
0.03955 45003.4
0.03956 45000.2
0.03957 44997.0
0.03958 44993.8
0.03959 44990.6
0.03960 44987.3
0.03961 44984.1
0.03962 44980.9
0.03963 44977.7
0.03964 44974.5
0.03965 44971.3
0.03966 44968.1
0.03967 44964.9
0.03968 44961.7
0.03969 44958.5
0.03970 44955.4
0.03971 44952.2
0.03972 44949.0
0.03973 44945.8
0.03974 44942.7
0.03975 44939.5
0.03976 44936.3
0.03977 44933.2
0.03978 44930.0
0.03979 44926.8
0.03980 44923.7
0.03981 44920.5
0.03982 44917.4
0.03983 44914.2
0.03984 44911.1
0.03985 44908.0
0.03986 44904.8
0.03987 44901.7
0.03988 44898.6
0.03989 44895.4
0.03990 44892.3
0.03991 44889.2
0.03992 44886.1
0.03993 44883.0
0.03994 44879.8
0.03995 44876.7
0.03996 44873.6
0.03997 44870.5
0.03998 44867.4
0.03999 44864.3
0.04000 44861.3
0.04001 44858.2
0.04002 44855.1
0.04003 44852.0
0.04004 44848.9
0.04005 44845.8
0.04006 44842.8
0.04007 44839.7
0.04008 44836.6
0.04009 44833.6
0.04010 44830.5
0.04011 44827.5
0.04012 44824.4
0.04013 44821.4
0.04014 44818.3
0.04015 44815.3
0.04016 44812.2
0.04017 44809.2
0.04018 44806.2
0.04019 44803.1
0.04020 44800.1
0.04021 44797.1
0.04022 44794.1
0.04023 44791.1
0.04024 44788.1
0.04025 44785.0
0.04026 44782.0
0.04027 44779.0
0.04028 44776.0
0.04029 44773.0
0.04030 44770.1
0.04031 44767.1
0.04032 44764.1
0.04033 44761.1
0.04034 44758.1
0.04035 44755.2
0.04036 44752.2
0.04037 44749.2
0.04038 44746.3
0.04039 44743.3
0.04040 44740.3
0.04041 44737.4
0.04042 44734.4
0.04043 44731.5
0.04044 44728.5
0.04045 44725.6
0.04046 44722.7
0.04047 44719.7
0.04048 44716.8
0.04049 44713.9
0.04050 44711.0
0.04051 44708.0
0.04052 44705.1
0.04053 44702.2
0.04054 44699.3
0.04055 44696.4
0.04056 44693.5
0.04057 44690.6
0.04058 44687.7
0.04059 44684.8
0.04060 44681.9
0.04061 44679.1
0.04062 44676.2
0.04063 44673.3
0.04064 44670.4
0.04065 44667.6
0.04066 44664.7
0.04067 44661.8
0.04068 44659.0
0.04069 44656.1
0.04070 44653.3
0.04071 44650.4
0.04072 44647.6
0.04073 44644.7
0.04074 44641.9
0.04075 44639.1
0.04076 44636.2
0.04077 44633.4
0.04078 44630.6
0.04079 44627.8
0.04080 44625.0
0.04081 44622.1
0.04082 44619.3
0.04083 44616.5
0.04084 44613.7
0.04085 44610.9
0.04086 44608.1
0.04087 44605.4
0.04088 44602.6
0.04089 44599.8
0.04090 44597.0
0.04091 44594.2
0.04092 44591.5
0.04093 44588.7
0.04094 44585.9
0.04095 44583.2
0.04096 44580.4
0.04097 44577.7
0.04098 44574.9
0.04099 44572.2
0.04100 44569.4
0.04101 44566.7
0.04102 44563.9
0.04103 44561.2
0.04104 44558.5
0.04105 44555.8
0.04106 44553.0
0.04107 44550.3
0.04108 44547.6
0.04109 44544.9
0.04110 44542.2
0.04111 44539.5
0.04112 44536.8
0.04113 44534.1
0.04114 44531.4
0.04115 44528.7
0.04116 44526.0
0.04117 44523.4
0.04118 44520.7
0.04119 44518.0
0.04120 44515.3
0.04121 44512.7
0.04122 44510.0
0.04123 44507.4
0.04124 44504.7
0.04125 44502.1
0.04126 44499.4
0.04127 44496.8
0.04128 44494.1
0.04129 44491.5
0.04130 44488.9
0.04131 44486.2
0.04132 44483.6
0.04133 44481.0
0.04134 44478.4
0.04135 44475.7
0.04136 44473.1
0.04137 44470.5
0.04138 44467.9
0.04139 44465.3
0.04140 44462.7
0.04141 44460.1
0.04142 44457.6
0.04143 44455.0
0.04144 44452.4
0.04145 44449.8
0.04146 44447.2
0.04147 44444.7
0.04148 44442.1
0.04149 44439.5
0.04150 44437.0
0.04151 44434.4
0.04152 44431.9
0.04153 44429.3
0.04154 44426.8
0.04155 44424.2
0.04156 44421.7
0.04157 44419.2
0.04158 44416.6
0.04159 44414.1
0.04160 44411.6
0.04161 44409.1
0.04162 44406.6
0.04163 44404.0
0.04164 44401.5
0.04165 44399.0
0.04166 44396.5
0.04167 44394.0
0.04168 44391.5
0.04169 44389.1
0.04170 44386.6
0.04171 44384.1
0.04172 44381.6
0.04173 44379.1
0.04174 44376.7
0.04175 44374.2
0.04176 44371.7
0.04177 44369.3
0.04178 44366.8
0.04179 44364.4
0.04180 44361.9
0.04181 44359.5
0.04182 44357.0
0.04183 44354.6
0.04184 44352.2
0.04185 44349.7
0.04186 44347.3
0.04187 44344.9
0.04188 44342.5
0.04189 44340.0
0.04190 44337.6
0.04191 44335.2
0.04192 44332.8
0.04193 44330.4
0.04194 44328.0
0.04195 44325.6
0.04196 44323.2
0.04197 44320.8
0.04198 44318.5
0.04199 44316.1
0.04200 44313.7
0.04201 44311.3
0.04202 44309.0
0.04203 44306.6
0.04204 44304.2
0.04205 44301.9
0.04206 44299.5
0.04207 44297.2
0.04208 44294.8
0.04209 44292.5
0.04210 44290.1
0.04211 44287.8
0.04212 44285.5
0.04213 44283.2
0.04214 44280.8
0.04215 44278.5
0.04216 44276.2
0.04217 44273.9
0.04218 44271.6
0.04219 44269.3
0.04220 44267.0
0.04221 44264.7
0.04222 44262.4
0.04223 44260.1
0.04224 44257.8
0.04225 44255.5
0.04226 44253.2
0.04227 44250.9
0.04228 44248.7
0.04229 44246.4
0.04230 44244.1
0.04231 44241.9
0.04232 44239.6
0.04233 44237.3
0.04234 44235.1
0.04235 44232.8
0.04236 44230.6
0.04237 44228.3
0.04238 44226.1
0.04239 44223.9
0.04240 44221.6
0.04241 44219.4
0.04242 44217.2
0.04243 44215.0
0.04244 44212.7
0.04245 44210.5
0.04246 44208.3
0.04247 44206.1
0.04248 44203.9
0.04249 44201.7
0.04250 44199.5
0.04251 44197.3
0.04252 44195.1
0.04253 44192.9
0.04254 44190.8
0.04255 44188.6
0.04256 44186.4
0.04257 44184.2
0.04258 44182.1
0.04259 44179.9
0.04260 44177.7
0.04261 44175.6
0.04262 44173.4
0.04263 44171.3
0.04264 44169.1
0.04265 44167.0
0.04266 44164.8
0.04267 44162.7
0.04268 44160.6
0.04269 44158.4
0.04270 44156.3
0.04271 44154.2
0.04272 44152.1
0.04273 44150.0
0.04274 44147.8
0.04275 44145.7
0.04276 44143.6
0.04277 44141.5
0.04278 44139.4
0.04279 44137.3
0.04280 44135.2
0.04281 44133.2
0.04282 44131.1
0.04283 44129.0
0.04284 44126.9
0.04285 44124.8
0.04286 44122.8
0.04287 44120.7
0.04288 44118.6
0.04289 44116.6
0.04290 44114.5
0.04291 44112.5
0.04292 44110.4
0.04293 44108.4
0.04294 44106.3
0.04295 44104.3
0.04296 44102.2
0.04297 44100.2
0.04298 44098.2
0.04299 44096.1
0.04300 44094.1
0.04301 44092.1
0.04302 44090.1
0.04303 44088.1
0.04304 44086.1
0.04305 44084.1
0.04306 44082.0
0.04307 44080.0
0.04308 44078.1
0.04309 44076.1
0.04310 44074.1
0.04311 44072.1
0.04312 44070.1
0.04313 44068.1
0.04314 44066.1
0.04315 44064.2
0.04316 44062.2
0.04317 44060.2
0.04318 44058.3
0.04319 44056.3
0.04320 44054.4
0.04321 44052.4
0.04322 44050.4
0.04323 44048.5
0.04324 44046.6
0.04325 44044.6
0.04326 44042.7
0.04327 44040.7
0.04328 44038.8
0.04329 44036.9
0.04330 44035.0
0.04331 44033.0
0.04332 44031.1
0.04333 44029.2
0.04334 44027.3
0.04335 44025.4
0.04336 44023.5
0.04337 44021.6
0.04338 44019.7
0.04339 44017.8
0.04340 44015.9
0.04341 44014.0
0.04342 44012.1
0.04343 44010.3
0.04344 44008.4
0.04345 44006.5
0.04346 44004.6
0.04347 44002.8
0.04348 44000.9
0.04349 43999.0
0.04350 43997.2
0.04351 43995.3
0.04352 43993.5
0.04353 43991.6
0.04354 43989.8
0.04355 43987.9
0.04356 43986.1
0.04357 43984.3
0.04358 43982.4
0.04359 43980.6
0.04360 43978.8
0.04361 43976.9
0.04362 43975.1
0.04363 43973.3
0.04364 43971.5
0.04365 43969.7
0.04366 43967.9
0.04367 43966.1
0.04368 43964.3
0.04369 43962.5
0.04370 43960.7
0.04371 43958.9
0.04372 43957.1
0.04373 43955.3
0.04374 43953.5
0.04375 43951.7
0.04376 43950.0
0.04377 43948.2
0.04378 43946.4
0.04379 43944.7
0.04380 43942.9
0.04381 43941.1
0.04382 43939.4
0.04383 43937.6
0.04384 43935.9
0.04385 43934.1
0.04386 43932.4
0.04387 43930.6
0.04388 43928.9
0.04389 43927.2
0.04390 43925.4
0.04391 43923.7
0.04392 43922.0
0.04393 43920.2
0.04394 43918.5
0.04395 43916.8
0.04396 43915.1
0.04397 43913.4
0.04398 43911.7
0.04399 43910.0
0.04400 43908.3
0.04401 43906.6
0.04402 43904.9
0.04403 43903.2
0.04404 43901.5
0.04405 43899.8
0.04406 43898.1
0.04407 43896.4
0.04408 43894.7
0.04409 43893.1
0.04410 43891.4
0.04411 43889.7
0.04412 43888.1
0.04413 43886.4
0.04414 43884.7
0.04415 43883.1
0.04416 43881.4
0.04417 43879.8
0.04418 43878.1
0.04419 43876.5
0.04420 43874.8
0.04421 43873.2
0.04422 43871.5
0.04423 43869.9
0.04424 43868.3
0.04425 43866.6
0.04426 43865.0
0.04427 43863.4
0.04428 43861.8
0.04429 43860.2
0.04430 43858.5
0.04431 43856.9
0.04432 43855.3
0.04433 43853.7
0.04434 43852.1
0.04435 43850.5
0.04436 43848.9
0.04437 43847.3
0.04438 43845.7
0.04439 43844.1
0.04440 43842.6
0.04441 43841.0
0.04442 43839.4
0.04443 43837.8
0.04444 43836.3
0.04445 43834.7
0.04446 43833.1
0.04447 43831.5
0.04448 43830.0
0.04449 43828.4
0.04450 43826.9
0.04451 43825.3
0.04452 43823.8
0.04453 43822.2
0.04454 43820.7
0.04455 43819.1
0.04456 43817.6
0.04457 43816.0
0.04458 43814.5
0.04459 43813.0
0.04460 43811.5
0.04461 43809.9
0.04462 43808.4
0.04463 43806.9
0.04464 43805.4
0.04465 43803.8
0.04466 43802.3
0.04467 43800.8
0.04468 43799.3
0.04469 43797.8
0.04470 43796.3
0.04471 43794.8
0.04472 43793.3
0.04473 43791.8
0.04474 43790.3
0.04475 43788.8
0.04476 43787.4
0.04477 43785.9
0.04478 43784.4
0.04479 43782.9
0.04480 43781.4
0.04481 43780.0
0.04482 43778.5
0.04483 43777.0
0.04484 43775.6
0.04485 43774.1
0.04486 43772.7
0.04487 43771.2
0.04488 43769.8
0.04489 43768.3
0.04490 43766.9
0.04491 43765.4
0.04492 43764.0
0.04493 43762.5
0.04494 43761.1
0.04495 43759.7
0.04496 43758.2
0.04497 43756.8
0.04498 43755.4
0.04499 43753.9
0.04500 43752.5
0.04501 43751.1
0.04502 43749.7
0.04503 43748.3
0.04504 43746.9
0.04505 43745.5
0.04506 43744.1
0.04507 43742.6
0.04508 43741.2
0.04509 43739.9
0.04510 43738.5
0.04511 43737.1
0.04512 43735.7
0.04513 43734.3
0.04514 43732.9
0.04515 43731.5
0.04516 43730.1
0.04517 43728.8
0.04518 43727.4
0.04519 43726.0
0.04520 43724.6
0.04521 43723.3
0.04522 43721.9
0.04523 43720.6
0.04524 43719.2
0.04525 43717.8
0.04526 43716.5
0.04527 43715.1
0.04528 43713.8
0.04529 43712.4
0.04530 43711.1
0.04531 43709.7
0.04532 43708.4
0.04533 43707.1
0.04534 43705.7
0.04535 43704.4
0.04536 43703.1
0.04537 43701.7
0.04538 43700.4
0.04539 43699.1
0.04540 43697.8
0.04541 43696.5
0.04542 43695.1
0.04543 43693.8
0.04544 43692.5
0.04545 43691.2
0.04546 43689.9
0.04547 43688.6
0.04548 43687.3
0.04549 43686.0
0.04550 43684.7
0.04551 43683.4
0.04552 43682.1
0.04553 43680.8
0.04554 43679.6
0.04555 43678.3
0.04556 43677.0
0.04557 43675.7
0.04558 43674.4
0.04559 43673.2
0.04560 43671.9
0.04561 43670.6
0.04562 43669.4
0.04563 43668.1
0.04564 43666.8
0.04565 43665.6
0.04566 43664.3
0.04567 43663.1
0.04568 43661.8
0.04569 43660.6
0.04570 43659.3
0.04571 43658.1
0.04572 43656.8
0.04573 43655.6
0.04574 43654.3
0.04575 43653.1
0.04576 43651.9
0.04577 43650.6
0.04578 43649.4
0.04579 43648.2
0.04580 43647.0
0.04581 43645.7
0.04582 43644.5
0.04583 43643.3
0.04584 43642.1
0.04585 43640.9
0.04586 43639.7
0.04587 43638.5
0.04588 43637.2
0.04589 43636.0
0.04590 43634.8
0.04591 43633.6
0.04592 43632.4
0.04593 43631.3
0.04594 43630.1
0.04595 43628.9
0.04596 43627.7
0.04597 43626.5
0.04598 43625.3
0.04599 43624.1
0.04600 43623.0
0.04601 43621.8
0.04602 43620.6
0.04603 43619.4
0.04604 43618.3
0.04605 43617.1
0.04606 43615.9
0.04607 43614.8
0.04608 43613.6
0.04609 43612.4
0.04610 43611.3
0.04611 43610.1
0.04612 43609.0
0.04613 43607.8
0.04614 43606.7
0.04615 43605.5
0.04616 43604.4
0.04617 43603.2
0.04618 43602.1
0.04619 43601.0
0.04620 43599.8
0.04621 43598.7
0.04622 43597.6
0.04623 43596.4
0.04624 43595.3
0.04625 43594.2
0.04626 43593.1
0.04627 43591.9
0.04628 43590.8
0.04629 43589.7
0.04630 43588.6
0.04631 43587.5
0.04632 43586.4
0.04633 43585.3
0.04634 43584.2
0.04635 43583.0
0.04636 43581.9
0.04637 43580.8
0.04638 43579.8
0.04639 43578.7
0.04640 43577.6
0.04641 43576.5
0.04642 43575.4
0.04643 43574.3
0.04644 43573.2
0.04645 43572.1
0.04646 43571.0
0.04647 43570.0
0.04648 43568.9
0.04649 43567.8
0.04650 43566.7
0.04651 43565.7
0.04652 43564.6
0.04653 43563.5
0.04654 43562.5
0.04655 43561.4
0.04656 43560.3
0.04657 43559.3
0.04658 43558.2
0.04659 43557.2
0.04660 43556.1
0.04661 43555.1
0.04662 43554.0
0.04663 43553.0
0.04664 43551.9
0.04665 43550.9
0.04666 43549.9
0.04667 43548.8
0.04668 43547.8
0.04669 43546.7
0.04670 43545.7
0.04671 43544.7
0.04672 43543.7
0.04673 43542.6
0.04674 43541.6
0.04675 43540.6
0.04676 43539.6
0.04677 43538.5
0.04678 43537.5
0.04679 43536.5
0.04680 43535.5
0.04681 43534.5
0.04682 43533.5
0.04683 43532.5
0.04684 43531.5
0.04685 43530.5
0.04686 43529.5
0.04687 43528.5
0.04688 43527.5
0.04689 43526.5
0.04690 43525.5
0.04691 43524.5
0.04692 43523.5
0.04693 43522.5
0.04694 43521.5
0.04695 43520.5
0.04696 43519.5
0.04697 43518.6
0.04698 43517.6
0.04699 43516.6
0.04700 43515.6
0.04701 43514.7
0.04702 43513.7
0.04703 43512.7
0.04704 43511.7
0.04705 43510.8
0.04706 43509.8
0.04707 43508.9
0.04708 43507.9
0.04709 43506.9
0.04710 43506.0
0.04711 43505.0
0.04712 43504.1
0.04713 43503.1
0.04714 43502.2
0.04715 43501.2
0.04716 43500.3
0.04717 43499.3
0.04718 43498.4
0.04719 43497.5
0.04720 43496.5
0.04721 43495.6
0.04722 43494.6
0.04723 43493.7
0.04724 43492.8
0.04725 43491.8
0.04726 43490.9
0.04727 43490.0
0.04728 43489.1
0.04729 43488.1
0.04730 43487.2
0.04731 43486.3
0.04732 43485.4
0.04733 43484.5
0.04734 43483.6
0.04735 43482.6
0.04736 43481.7
0.04737 43480.8
0.04738 43479.9
0.04739 43479.0
0.04740 43478.1
0.04741 43477.2
0.04742 43476.3
0.04743 43475.4
0.04744 43474.5
0.04745 43473.6
0.04746 43472.7
0.04747 43471.8
0.04748 43471.0
0.04749 43470.1
0.04750 43469.2
0.04751 43468.3
0.04752 43467.4
0.04753 43466.5
0.04754 43465.7
0.04755 43464.8
0.04756 43463.9
0.04757 43463.0
0.04758 43462.2
0.04759 43461.3
0.04760 43460.4
0.04761 43459.5
0.04762 43458.7
0.04763 43457.8
0.04764 43457.0
0.04765 43456.1
0.04766 43455.2
0.04767 43454.4
0.04768 43453.5
0.04769 43452.7
0.04770 43451.8
0.04771 43451.0
0.04772 43450.1
0.04773 43449.3
0.04774 43448.4
0.04775 43447.6
0.04776 43446.7
0.04777 43445.9
0.04778 43445.0
0.04779 43444.2
0.04780 43443.4
0.04781 43442.5
0.04782 43441.7
0.04783 43440.9
0.04784 43440.0
0.04785 43439.2
0.04786 43438.4
0.04787 43437.6
0.04788 43436.7
0.04789 43435.9
0.04790 43435.1
0.04791 43434.3
0.04792 43433.5
0.04793 43432.6
0.04794 43431.8
0.04795 43431.0
0.04796 43430.2
0.04797 43429.4
0.04798 43428.6
0.04799 43427.8
0.04800 43427.0
0.04801 43426.2
0.04802 43425.4
0.04803 43424.6
0.04804 43423.8
0.04805 43423.0
0.04806 43422.2
0.04807 43421.4
0.04808 43420.6
0.04809 43419.8
0.04810 43419.0
0.04811 43418.2
0.04812 43417.4
0.04813 43416.7
0.04814 43415.9
0.04815 43415.1
0.04816 43414.3
0.04817 43413.5
0.04818 43412.8
0.04819 43412.0
0.04820 43411.2
0.04821 43410.4
0.04822 43409.7
0.04823 43408.9
0.04824 43408.1
0.04825 43407.4
0.04826 43406.6
0.04827 43405.8
0.04828 43405.1
0.04829 43404.3
0.04830 43403.5
0.04831 43402.8
0.04832 43402.0
0.04833 43401.3
0.04834 43400.5
0.04835 43399.8
0.04836 43399.0
0.04837 43398.3
0.04838 43397.5
0.04839 43396.8
0.04840 43396.0
0.04841 43395.3
0.04842 43394.5
0.04843 43393.8
0.04844 43393.1
0.04845 43392.3
0.04846 43391.6
0.04847 43390.8
0.04848 43390.1
0.04849 43389.4
0.04850 43388.6
0.04851 43387.9
0.04852 43387.2
0.04853 43386.5
0.04854 43385.7
0.04855 43385.0
0.04856 43384.3
0.04857 43383.6
0.04858 43382.8
0.04859 43382.1
0.04860 43381.4
0.04861 43380.7
0.04862 43380.0
0.04863 43379.3
0.04864 43378.6
0.04865 43377.8
0.04866 43377.1
0.04867 43376.4
0.04868 43375.7
0.04869 43375.0
0.04870 43374.3
0.04871 43373.6
0.04872 43372.9
0.04873 43372.2
0.04874 43371.5
0.04875 43370.8
0.04876 43370.1
0.04877 43369.4
0.04878 43368.7
0.04879 43368.0
0.04880 43367.4
0.04881 43366.7
0.04882 43366.0
0.04883 43365.3
0.04884 43364.6
0.04885 43363.9
0.04886 43363.2
0.04887 43362.6
0.04888 43361.9
0.04889 43361.2
0.04890 43360.5
0.04891 43359.9
0.04892 43359.2
0.04893 43358.5
0.04894 43357.8
0.04895 43357.2
0.04896 43356.5
0.04897 43355.8
0.04898 43355.2
0.04899 43354.5
0.04900 43353.8
0.04901 43353.2
0.04902 43352.5
0.04903 43351.9
0.04904 43351.2
0.04905 43350.5
0.04906 43349.9
0.04907 43349.2
0.04908 43348.6
0.04909 43347.9
0.04910 43347.3
0.04911 43346.6
0.04912 43346.0
0.04913 43345.3
0.04914 43344.7
0.04915 43344.0
0.04916 43343.4
0.04917 43342.7
0.04918 43342.1
0.04919 43341.5
0.04920 43340.8
0.04921 43340.2
0.04922 43339.5
0.04923 43338.9
0.04924 43338.3
0.04925 43337.6
0.04926 43337.0
0.04927 43336.4
0.04928 43335.8
0.04929 43335.1
0.04930 43334.5
0.04931 43333.9
0.04932 43333.2
0.04933 43332.6
0.04934 43332.0
0.04935 43331.4
0.04936 43330.8
0.04937 43330.1
0.04938 43329.5
0.04939 43328.9
0.04940 43328.3
0.04941 43327.7
0.04942 43327.1
0.04943 43326.5
0.04944 43325.9
0.04945 43325.2
0.04946 43324.6
0.04947 43324.0
0.04948 43323.4
0.04949 43322.8
0.04950 43322.2
0.04951 43321.6
0.04952 43321.0
0.04953 43320.4
0.04954 43319.8
0.04955 43319.2
0.04956 43318.6
0.04957 43318.0
0.04958 43317.4
0.04959 43316.8
0.04960 43316.2
0.04961 43315.7
0.04962 43315.1
0.04963 43314.5
0.04964 43313.9
0.04965 43313.3
0.04966 43312.7
0.04967 43312.1
0.04968 43311.6
0.04969 43311.0
0.04970 43310.4
0.04971 43309.8
0.04972 43309.2
0.04973 43308.7
0.04974 43308.1
0.04975 43307.5
0.04976 43306.9
0.04977 43306.4
0.04978 43305.8
0.04979 43305.2
0.04980 43304.7
0.04981 43304.1
0.04982 43303.5
0.04983 43302.9
0.04984 43302.4
0.04985 43301.8
0.04986 43301.3
0.04987 43300.7
0.04988 43300.1
0.04989 43299.6
0.04990 43299.0
0.04991 43298.5
0.04992 43297.9
0.04993 43297.3
0.04994 43296.8
0.04995 43296.2
0.04996 43295.7
0.04997 43295.1
0.04998 43294.6
0.04999 43294.0
0.05000 42967.4
0.05001 42967.4
0.05002 42967.4
0.05003 42967.4
0.05004 42967.4
0.05005 42967.4
0.05006 42967.4
0.05007 42967.4
0.05008 42967.4
0.05009 42967.4
0.05010 42967.4
0.05011 42967.4
0.05012 42967.4
0.05013 42967.4
0.05014 42967.4
0.05015 42967.4
0.05016 42967.4
0.05017 42967.4
0.05018 42967.4
0.05019 42967.4
0.05020 42967.4
0.05021 42967.4
0.05022 42967.4
0.05023 42967.4
0.05024 42967.4
0.05025 42967.4
0.05026 42967.4
0.05027 42967.4
0.05028 42967.4
0.05029 42967.4
0.05030 42967.4
0.05031 42967.4
0.05032 42967.4
0.05033 42967.4
0.05034 42967.4
0.05035 42967.4
0.05036 42967.4
0.05037 42967.4
0.05038 42967.4
0.05039 42967.4
0.05040 42967.4
0.05041 42967.4
0.05042 42967.4
0.05043 42967.4
0.05044 42967.4
0.05045 42967.4
0.05046 42967.4
0.05047 42967.4
0.05048 42967.4
0.05049 42967.4
0.05050 42967.4
0.05051 42967.4
0.05052 42967.4
0.05053 42967.4
0.05054 42967.4
0.05055 42967.4
0.05056 42967.4
0.05057 42967.4
0.05058 42967.4
0.05059 42967.4
0.05060 42967.4
0.05061 42967.4
0.05062 42967.4
0.05063 42967.4
0.05064 42967.4
0.05065 42967.4
0.05066 42967.4
0.05067 42967.4
0.05068 42967.4
0.05069 42967.4
0.05070 42967.4
0.05071 42967.4
0.05072 42967.4
0.05073 42967.4
0.05074 42967.4
0.05075 42967.4
0.05076 42967.4
0.05077 42967.4
0.05078 42967.4
0.05079 42967.4
0.05080 42967.4
0.05081 42967.4
0.05082 42967.4
0.05083 42967.4
0.05084 42967.4
0.05085 42967.4
0.05086 42967.4
0.05087 42967.4
0.05088 42967.4
0.05089 42967.4
0.05090 42967.4
0.05091 42967.4
0.05092 42967.4
0.05093 42967.4
0.05094 42967.4
0.05095 42967.4
0.05096 42967.4
0.05097 42967.4
0.05098 42967.4
0.05099 42967.4
0.05100 42967.4
0.05101 42967.4
0.05102 42967.4
0.05103 42967.4
0.05104 42967.4
0.05105 42967.4
0.05106 42967.4
0.05107 42967.4
0.05108 42967.4
0.05109 42967.4
0.05110 42967.4
0.05111 42967.4
0.05112 42967.4
0.05113 42967.4
0.05114 42967.4
0.05115 42967.4
0.05116 42967.4
0.05117 42967.4
0.05118 42967.4
0.05119 42967.4
0.05120 42967.4
0.05121 42967.4
0.05122 42967.4
0.05123 42967.4
0.05124 42967.4
0.05125 42967.4
0.05126 42967.4
0.05127 42967.4
0.05128 42967.4
0.05129 42967.4
0.05130 42967.4
0.05131 42967.4
0.05132 42967.4
0.05133 42967.4
0.05134 42967.4
0.05135 42967.4
0.05136 42967.4
0.05137 42967.4
0.05138 42967.4
0.05139 42967.4
0.05140 42967.4
0.05141 42967.4
0.05142 42967.4
0.05143 42967.4
0.05144 42967.4
0.05145 42967.4
0.05146 42967.4
0.05147 42967.4
0.05148 42967.4
0.05149 42967.4
0.05150 42967.4
0.05151 42967.4
0.05152 42967.4
0.05153 42967.4
0.05154 42967.4
0.05155 42967.4
0.05156 42967.4
0.05157 42967.4
0.05158 42967.4
0.05159 42967.4
0.05160 42967.4
0.05161 42967.4
0.05162 42967.4
0.05163 42967.4
0.05164 42967.4
0.05165 42967.4
0.05166 42967.4
0.05167 42967.4
0.05168 42967.4
0.05169 42967.4
0.05170 42967.4
0.05171 42967.4
0.05172 42967.4
0.05173 42967.4
0.05174 42967.4
0.05175 42967.4
0.05176 42967.4
0.05177 42967.4
0.05178 42967.4
0.05179 42967.4
0.05180 42967.4
0.05181 42967.4
0.05182 42967.4
0.05183 42967.4
0.05184 42967.4
0.05185 42967.4
0.05186 42967.4
0.05187 42967.4
0.05188 42967.4
0.05189 42967.4
0.05190 42967.4
0.05191 42967.4
0.05192 42967.4
0.05193 42967.4
0.05194 42967.4
0.05195 42967.4
0.05196 42967.4
0.05197 42967.4
0.05198 42967.4
0.05199 42967.4
0.05200 42967.4
0.05201 42967.4
0.05202 42967.4
0.05203 42967.4
0.05204 42967.4
0.05205 42967.4
0.05206 42967.4
0.05207 42967.4
0.05208 42967.4
0.05209 42967.4
0.05210 42967.4
0.05211 42967.4
0.05212 42967.4
0.05213 42967.4
0.05214 42967.4
0.05215 42967.4
0.05216 42967.4
0.05217 42967.4
0.05218 42967.4
0.05219 42967.4
0.05220 42967.4
0.05221 42967.4
0.05222 42967.4
0.05223 42967.4
0.05224 42967.4
0.05225 42967.4
0.05226 42967.4
0.05227 42967.4
0.05228 42967.4
0.05229 42967.4
0.05230 42967.4
0.05231 42967.4
0.05232 42967.4
0.05233 42967.4
0.05234 42967.4
0.05235 42967.4
0.05236 42967.4
0.05237 42967.4
0.05238 42967.4
0.05239 42967.4
0.05240 42967.4
0.05241 42967.4
0.05242 42967.4
0.05243 42967.4
0.05244 42967.4
0.05245 42967.4
0.05246 42967.4
0.05247 42967.4
0.05248 42967.4
0.05249 42967.4
0.05250 42967.4
0.05251 42967.4
0.05252 42967.4
0.05253 42967.4
0.05254 42967.4
0.05255 42967.4
0.05256 42967.4
0.05257 42967.4
0.05258 42967.4
0.05259 42967.4
0.05260 42967.4
0.05261 42967.4
0.05262 42967.4
0.05263 42967.4
0.05264 42967.4
0.05265 42967.4
0.05266 42967.4
0.05267 42967.4
0.05268 42967.4
0.05269 42967.4
0.05270 42967.4
0.05271 42967.4
0.05272 42967.4
0.05273 42967.4
0.05274 42967.4
0.05275 42967.4
0.05276 42967.4
0.05277 42967.4
0.05278 42967.4
0.05279 42967.4
0.05280 42967.4
0.05281 42967.4
0.05282 42967.4
0.05283 42967.4
0.05284 42967.4
0.05285 42967.4
0.05286 42967.4
0.05287 42967.4
0.05288 42967.4
0.05289 42967.4
0.05290 42967.4
0.05291 42967.4
0.05292 42967.4
0.05293 42967.4
0.05294 42967.4
0.05295 42967.4
0.05296 42967.4
0.05297 42967.4
0.05298 42967.4
0.05299 42967.4
0.05300 42967.4
0.05301 42967.4
0.05302 42967.4
0.05303 42967.4
0.05304 42967.4
0.05305 42967.4
0.05306 42967.4
0.05307 42967.4
0.05308 42967.4
0.05309 42967.4
0.05310 42967.4
0.05311 42967.4
0.05312 42967.4
0.05313 42967.4
0.05314 42967.4
0.05315 42967.4
0.05316 42967.4
0.05317 42967.4
0.05318 42967.4
0.05319 42967.4
0.05320 42967.4
0.05321 42967.4
0.05322 42967.4
0.05323 42967.4
0.05324 42967.4
0.05325 42967.4
0.05326 42967.4
0.05327 42967.4
0.05328 42967.4
0.05329 42967.4
0.05330 42967.4
0.05331 42967.4
0.05332 42967.4
0.05333 42967.4
0.05334 42967.4
0.05335 42967.4
0.05336 42967.4
0.05337 42967.4
0.05338 42967.4
0.05339 42967.4
0.05340 42967.4
0.05341 42967.4
0.05342 42967.4
0.05343 42967.4
0.05344 42967.4
0.05345 42967.4
0.05346 42967.4
0.05347 42967.4
0.05348 42967.4
0.05349 42967.4
0.05350 42967.4
0.05351 42967.4
0.05352 42967.4
0.05353 42967.4
0.05354 42967.4
0.05355 42967.4
0.05356 42967.4
0.05357 42967.4
0.05358 42967.4
0.05359 42967.4
0.05360 42967.4
0.05361 42967.4
0.05362 42967.4
0.05363 42967.4
0.05364 42967.4
0.05365 42967.4
0.05366 42967.4
0.05367 42967.4
0.05368 42967.4
0.05369 42967.4
0.05370 42967.4
0.05371 42967.4
0.05372 42967.4
0.05373 42967.4
0.05374 42967.4
0.05375 42967.4
0.05376 42967.4
0.05377 42967.4
0.05378 42967.4
0.05379 42967.4
0.05380 42967.4
0.05381 42967.4
0.05382 42967.4
0.05383 42967.4
0.05384 42967.4
0.05385 42967.4
0.05386 42967.4
0.05387 42967.4
0.05388 42967.4
0.05389 42967.4
0.05390 42967.4
0.05391 42967.4
0.05392 42967.4
0.05393 42967.4
0.05394 42967.4
0.05395 42967.4
0.05396 42967.4
0.05397 42967.4
0.05398 42967.4
0.05399 42967.4
0.05400 42967.4
0.05401 42967.4
0.05402 42967.4
0.05403 42967.4
0.05404 42967.4
0.05405 42967.4
0.05406 42967.4
0.05407 42967.4
0.05408 42967.4
0.05409 42967.4
0.05410 42967.4
0.05411 42967.4
0.05412 42967.4
0.05413 42967.4
0.05414 42967.4
0.05415 42967.4
0.05416 42967.4
0.05417 42967.4
0.05418 42967.4
0.05419 42967.4
0.05420 42967.4
0.05421 42967.4
0.05422 42967.4
0.05423 42967.4
0.05424 42967.4
0.05425 42967.4
0.05426 42967.4
0.05427 42967.4
0.05428 42967.4
0.05429 42967.4
0.05430 42967.4
0.05431 42967.4
0.05432 42967.4
0.05433 42967.4
0.05434 42967.4
0.05435 42967.4
0.05436 42967.4
0.05437 42967.4
0.05438 42967.4
0.05439 42967.4
0.05440 42967.4
0.05441 42967.4
0.05442 42967.4
0.05443 42967.4
0.05444 42967.4
0.05445 42967.4
0.05446 42967.4
0.05447 42967.4
0.05448 42967.4
0.05449 42967.4
0.05450 42967.4
0.05451 42967.4
0.05452 42967.4
0.05453 42967.4
0.05454 42967.4
0.05455 42967.4
0.05456 42967.4
0.05457 42967.4
0.05458 42967.4
0.05459 42967.4
0.05460 42967.4
0.05461 42967.4
0.05462 42967.4
0.05463 42967.4
0.05464 42967.4
0.05465 42967.4
0.05466 42967.4
0.05467 42967.4
0.05468 42967.4
0.05469 42967.4
0.05470 42967.4
0.05471 42967.4
0.05472 42967.4
0.05473 42967.4
0.05474 42967.4
0.05475 42967.4
0.05476 42967.4
0.05477 42967.4
0.05478 42967.4
0.05479 42967.4
0.05480 42967.4
0.05481 42967.4
0.05482 42967.4
0.05483 42967.4
0.05484 42967.4
0.05485 42967.4
0.05486 42967.4
0.05487 42967.4
0.05488 42967.4
0.05489 42967.4
0.05490 42967.4
0.05491 42967.4
0.05492 42967.4
0.05493 42967.4
0.05494 42967.4
0.05495 42967.4
0.05496 42967.4
0.05497 42967.4
0.05498 42967.4
0.05499 42967.4
0.05500 42967.4
0.05501 42967.4
0.05502 42967.4
0.05503 42967.4
0.05504 42967.4
0.05505 42967.4
0.05506 42967.4
0.05507 42967.4
0.05508 42967.4
0.05509 42967.4
0.05510 42967.4
0.05511 42967.4
0.05512 42967.4
0.05513 42967.4
0.05514 42967.4
0.05515 42967.4
0.05516 42967.4
0.05517 42967.4
0.05518 42967.4
0.05519 42967.4
0.05520 42967.4
0.05521 42967.4
0.05522 42967.4
0.05523 42967.4
0.05524 42967.4
0.05525 42967.4
0.05526 42967.4
0.05527 42967.4
0.05528 42967.4
0.05529 42967.4
0.05530 42967.4
0.05531 42967.4
0.05532 42967.4
0.05533 42967.4
0.05534 42967.4
0.05535 42967.4
0.05536 42967.4
0.05537 42967.4
0.05538 42967.4
0.05539 42967.4
0.05540 42967.4
0.05541 42967.4
0.05542 42967.4
0.05543 42967.4
0.05544 42967.4
0.05545 42967.4
0.05546 42967.4
0.05547 42967.4
0.05548 42967.4
0.05549 42967.4
0.05550 42967.4
0.05551 42967.4
0.05552 42967.4
0.05553 42967.4
0.05554 42967.4
0.05555 42967.4
0.05556 42967.4
0.05557 42967.4
0.05558 42967.4
0.05559 42967.4
0.05560 42967.4
0.05561 42967.4
0.05562 42967.4
0.05563 42967.4
0.05564 42967.4
0.05565 42967.4
0.05566 42967.4
0.05567 42967.4
0.05568 42967.4
0.05569 42967.4
0.05570 42967.4
0.05571 42967.4
0.05572 42967.4
0.05573 42967.4
0.05574 42967.4
0.05575 42967.4
0.05576 42967.4
0.05577 42967.4
0.05578 42967.4
0.05579 42967.4
0.05580 42967.4
0.05581 42967.4
0.05582 42967.4
0.05583 42967.4
0.05584 42967.4
0.05585 42967.4
0.05586 42967.4
0.05587 42967.4
0.05588 42967.4
0.05589 42967.4
0.05590 42967.4
0.05591 42967.4
0.05592 42967.4
0.05593 42967.4
0.05594 42967.4
0.05595 42967.4
0.05596 42967.4
0.05597 42967.4
0.05598 42967.4
0.05599 42967.4
0.05600 42967.4
0.05601 42967.4
0.05602 42967.4
0.05603 42967.4
0.05604 42967.4
0.05605 42967.4
0.05606 42967.4
0.05607 42967.4
0.05608 42967.4
0.05609 42967.4
0.05610 42967.4
0.05611 42967.4
0.05612 42967.4
0.05613 42967.4
0.05614 42967.4
0.05615 42967.4
0.05616 42967.4
0.05617 42967.4
0.05618 42967.4
0.05619 42967.4
0.05620 42967.4
0.05621 42967.4
0.05622 42967.4
0.05623 42967.4
0.05624 42967.4
0.05625 42967.4
0.05626 42967.4
0.05627 42967.4
0.05628 42967.4
0.05629 42967.4
0.05630 42967.4
0.05631 42967.4
0.05632 42967.4
0.05633 42967.4
0.05634 42967.4
0.05635 42967.4
0.05636 42967.4
0.05637 42967.4
0.05638 42967.4
0.05639 42967.4
0.05640 42967.4
0.05641 42967.4
0.05642 42967.4
0.05643 42967.4
0.05644 42967.4
0.05645 42967.4
0.05646 42967.4
0.05647 42967.4
0.05648 42967.4
0.05649 42967.4
0.05650 42967.4
0.05651 42967.4
0.05652 42967.4
0.05653 42967.4
0.05654 42967.4
0.05655 42967.4
0.05656 42967.4
0.05657 42967.4
0.05658 42967.4
0.05659 42967.4
0.05660 42967.4
0.05661 42967.4
0.05662 42967.4
0.05663 42967.4
0.05664 42967.4
0.05665 42967.4
0.05666 42967.4
0.05667 42967.4
0.05668 42967.4
0.05669 42967.4
0.05670 42967.4
0.05671 42967.4
0.05672 42967.4
0.05673 42967.4
0.05674 42967.4
0.05675 42967.4
0.05676 42967.4
0.05677 42967.4
0.05678 42967.4
0.05679 42967.4
0.05680 42967.4
0.05681 42967.4
0.05682 42967.4
0.05683 42967.4
0.05684 42967.4
0.05685 42967.4
0.05686 42967.4
0.05687 42967.4
0.05688 42967.4
0.05689 42967.4
0.05690 42967.4
0.05691 42967.4
0.05692 42967.4
0.05693 42967.4
0.05694 42967.4
0.05695 42967.4
0.05696 42967.4
0.05697 42967.4
0.05698 42967.4
0.05699 42967.4
0.05700 42967.4
0.05701 42967.4
0.05702 42967.4
0.05703 42967.4
0.05704 42967.4
0.05705 42967.4
0.05706 42967.4
0.05707 42967.4
0.05708 42967.4
0.05709 42967.4
0.05710 42967.4
0.05711 42967.4
0.05712 42967.4
0.05713 42967.4
0.05714 42967.4
0.05715 42967.4
0.05716 42967.4
0.05717 42967.4
0.05718 42967.4
0.05719 42967.4
0.05720 42967.4
0.05721 42967.4
0.05722 42967.4
0.05723 42967.4
0.05724 42967.4
0.05725 42967.4
0.05726 42967.4
0.05727 42967.4
0.05728 42967.4
0.05729 42967.4
0.05730 42967.4
0.05731 42967.4
0.05732 42967.4
0.05733 42967.4
0.05734 42967.4
0.05735 42967.4
0.05736 42967.4
0.05737 42967.4
0.05738 42967.4
0.05739 42967.4
0.05740 42967.4
0.05741 42967.4
0.05742 42967.4
0.05743 42967.4
0.05744 42967.4
0.05745 42967.4
0.05746 42967.4
0.05747 42967.4
0.05748 42967.4
0.05749 42967.4
0.05750 42967.4
0.05751 42967.4
0.05752 42967.4
0.05753 42967.4
0.05754 42967.4
0.05755 42967.4
0.05756 42967.4
0.05757 42967.4
0.05758 42967.4
0.05759 42967.4
0.05760 42967.4
0.05761 42967.4
0.05762 42967.4
0.05763 42967.4
0.05764 42967.4
0.05765 42967.4
0.05766 42967.4
0.05767 42967.4
0.05768 42967.4
0.05769 42967.4
0.05770 42967.4
0.05771 42967.4
0.05772 42967.4
0.05773 42967.4
0.05774 42967.4
0.05775 42967.4
0.05776 42967.4
0.05777 42967.4
0.05778 42967.4
0.05779 42967.4
0.05780 42967.4
0.05781 42967.4
0.05782 42967.4
0.05783 42967.4
0.05784 42967.4
0.05785 42967.4
0.05786 42967.4
0.05787 42967.4
0.05788 42967.4
0.05789 42967.4
0.05790 42967.4
0.05791 42967.4
0.05792 42967.4
0.05793 42967.4
0.05794 42967.4
0.05795 42967.4
0.05796 42967.4
0.05797 42967.4
0.05798 42967.4
0.05799 42967.4
0.05800 42967.4
0.05801 42967.4
0.05802 42967.4
0.05803 42967.4
0.05804 42967.4
0.05805 42967.4
0.05806 42967.4
0.05807 42967.4
0.05808 42967.4
0.05809 42967.4
0.05810 42967.4
0.05811 42967.4
0.05812 42967.4
0.05813 42967.4
0.05814 42967.4
0.05815 42967.4
0.05816 42967.4
0.05817 42967.4
0.05818 42967.4
0.05819 42967.4
0.05820 42967.4
0.05821 42967.4
0.05822 42967.4
0.05823 42967.4
0.05824 42967.4
0.05825 42967.4
0.05826 42967.4
0.05827 42967.4
0.05828 42967.4
0.05829 42967.4
0.05830 42967.4
0.05831 42967.4
0.05832 42967.4
0.05833 42967.4
0.05834 42967.4
0.05835 42967.4
0.05836 42967.4
0.05837 42967.4
0.05838 42967.4
0.05839 42967.4
0.05840 42967.4
0.05841 42967.4
0.05842 42967.4
0.05843 42967.4
0.05844 42967.4
0.05845 42967.4
0.05846 42967.4
0.05847 42967.4
0.05848 42967.4
0.05849 42967.4
0.05850 42967.4
0.05851 42967.4
0.05852 42967.4
0.05853 42967.4
0.05854 42967.4
0.05855 42967.4
0.05856 42967.4
0.05857 42967.4
0.05858 42967.4
0.05859 42967.4
0.05860 42967.4
0.05861 42967.4
0.05862 42967.4
0.05863 42967.4
0.05864 42967.4
0.05865 42967.4
0.05866 42967.4
0.05867 42967.4
0.05868 42967.4
0.05869 42967.4
0.05870 42967.4
0.05871 42967.4
0.05872 42967.4
0.05873 42967.4
0.05874 42967.4
0.05875 42967.4
0.05876 42967.4
0.05877 42967.4
0.05878 42967.4
0.05879 42967.4
0.05880 42967.4
0.05881 42967.4
0.05882 42967.4
0.05883 42967.4
0.05884 42967.4
0.05885 42967.4
0.05886 42967.4
0.05887 42967.4
0.05888 42967.4
0.05889 42967.4
0.05890 42967.4
0.05891 42967.4
0.05892 42967.4
0.05893 42967.4
0.05894 42967.4
0.05895 42967.4
0.05896 42967.4
0.05897 42967.4
0.05898 42967.4
0.05899 42967.4
0.05900 42967.4
0.05901 42967.4
0.05902 42967.4
0.05903 42967.4
0.05904 42967.4
0.05905 42967.4
0.05906 42967.4
0.05907 42967.4
0.05908 42967.4
0.05909 42967.4
0.05910 42967.4
0.05911 42967.4
0.05912 42967.4
0.05913 42967.4
0.05914 42967.4
0.05915 42967.4
0.05916 42967.4
0.05917 42967.4
0.05918 42967.4
0.05919 42967.4
0.05920 42967.4
0.05921 42967.4
0.05922 42967.4
0.05923 42967.4
0.05924 42967.4
0.05925 42967.4
0.05926 42967.4
0.05927 42967.4
0.05928 42967.4
0.05929 42967.4
0.05930 42967.4
0.05931 42967.4
0.05932 42967.4
0.05933 42967.4
0.05934 42967.4
0.05935 42967.4
0.05936 42967.4
0.05937 42967.4
0.05938 42967.4
0.05939 42967.4
0.05940 42967.4
0.05941 42967.4
0.05942 42967.4
0.05943 42967.4
0.05944 42967.4
0.05945 42967.4
0.05946 42967.4
0.05947 42967.4
0.05948 42967.4
0.05949 42967.4
0.05950 42967.4
0.05951 42967.4
0.05952 42967.4
0.05953 42967.4
0.05954 42967.4
0.05955 42967.4
0.05956 42967.4
0.05957 42967.4
0.05958 42967.4
0.05959 42967.4
0.05960 42967.4
0.05961 42967.4
0.05962 42967.4
0.05963 42967.4
0.05964 42967.4
0.05965 42967.4
0.05966 42967.4
0.05967 42967.4
0.05968 42967.4
0.05969 42967.4
0.05970 42967.4
0.05971 42967.4
0.05972 42967.4
0.05973 42967.4
0.05974 42967.4
0.05975 42967.4
0.05976 42967.4
0.05977 42967.4
0.05978 42967.4
0.05979 42967.4
0.05980 42967.4
0.05981 42967.4
0.05982 42967.4
0.05983 42967.4
0.05984 42967.4
0.05985 42967.4
0.05986 42967.4
0.05987 42967.4
0.05988 42967.4
0.05989 42967.4
0.05990 42967.4
0.05991 42967.4
0.05992 42967.4
0.05993 42967.4
0.05994 42967.4
0.05995 42967.4
0.05996 42967.4
0.05997 42967.4
0.05998 42967.4
0.05999 42967.4
0.06000 42967.4
