0.00000 780.5
0.00001 780.5
0.00002 780.5
0.00003 780.5
0.00004 780.5
0.00005 780.5
0.00006 780.5
0.00007 780.5
0.00008 780.5
0.00009 780.5
0.00010 780.5
0.00011 780.5
0.00012 780.5
0.00013 780.5
0.00014 780.5
0.00015 780.5
0.00016 780.5
0.00017 780.5
0.00018 780.5
0.00019 780.5
0.00020 780.5
0.00021 780.5
0.00022 780.5
0.00023 780.5
0.00024 780.5
0.00025 780.5
0.00026 780.5
0.00027 780.5
0.00028 780.5
0.00029 780.5
0.00030 780.5
0.00031 780.5
0.00032 780.5
0.00033 780.5
0.00034 780.5
0.00035 780.5
0.00036 780.5
0.00037 780.5
0.00038 780.5
0.00039 780.5
0.00040 780.5
0.00041 780.5
0.00042 780.5
0.00043 780.5
0.00044 780.5
0.00045 780.5
0.00046 780.5
0.00047 780.5
0.00048 780.5
0.00049 780.5
0.00050 780.5
0.00051 780.5
0.00052 780.5
0.00053 780.5
0.00054 780.5
0.00055 780.5
0.00056 780.5
0.00057 780.5
0.00058 780.5
0.00059 780.5
0.00060 780.5
0.00061 780.5
0.00062 780.5
0.00063 780.5
0.00064 780.5
0.00065 780.5
0.00066 780.5
0.00067 780.5
0.00068 780.5
0.00069 780.5
0.00070 780.5
0.00071 780.5
0.00072 780.5
0.00073 780.5
0.00074 780.5
0.00075 780.5
0.00076 780.5
0.00077 780.5
0.00078 780.5
0.00079 780.5
0.00080 780.5
0.00081 780.5
0.00082 780.5
0.00083 780.5
0.00084 780.5
0.00085 780.5
0.00086 780.5
0.00087 780.5
0.00088 780.5
0.00089 780.5
0.00090 780.5
0.00091 780.5
0.00092 780.5
0.00093 780.5
0.00094 780.5
0.00095 780.5
0.00096 780.5
0.00097 780.5
0.00098 780.5
0.00099 780.5
0.00100 780.5
0.00101 796.5
0.00102 812.8
0.00103 829.4
0.00104 846.3
0.00105 863.4
0.00106 880.9
0.00107 898.6
0.00108 916.7
0.00109 935.1
0.00110 953.8
0.00111 972.8
0.00112 992.1
0.00113 1011.8
0.00114 1031.8
0.00115 1052.1
0.00116 1072.8
0.00117 1093.9
0.00118 1115.3
0.00119 1137.1
0.00120 1159.3
0.00121 1182.0
0.00122 1205.0
0.00123 1228.5
0.00124 1252.4
0.00125 1276.9
0.00126 1301.8
0.00127 1327.3
0.00128 1353.3
0.00129 1380.0
0.00130 1407.3
0.00131 1435.4
0.00132 1464.3
0.00133 1494.0
0.00134 1524.7
0.00135 1556.5
0.00136 1589.5
0.00137 1623.8
0.00138 1659.7
0.00139 1697.3
0.00140 1736.8
0.00141 1778.7
0.00142 1823.1
0.00143 1870.6
0.00144 1921.5
0.00145 1976.6
0.00146 2036.5
0.00147 2102.0
0.00148 2174.2
0.00149 2254.3
0.00150 2343.9
0.00151 2395.9
0.00152 2458.6
0.00153 2533.4
0.00154 2622.2
0.00155 2727.0
0.00156 2850.7
0.00157 2996.1
0.00158 3166.9
0.00159 3367.1
0.00160 3601.0
0.00161 3872.8
0.00162 4186.0
0.00163 4542.1
0.00164 4939.3
0.00165 5370.9
0.00166 5824.2
0.00167 6281.9
0.00168 6724.4
0.00169 7134.8
0.00170 7501.4
0.00171 7819.0
0.00172 8087.5
0.00173 8310.2
0.00174 8491.7
0.00175 8636.9
0.00176 8750.5
0.00177 8836.4
0.00178 8898.0
0.00179 8938.3
0.00180 8959.5
0.00181 8963.6
0.00182 8952.3
0.00183 8926.9
0.00184 8888.5
0.00185 8838.1
0.00186 8776.5
0.00187 8704.4
0.00188 8622.5
0.00189 8531.4
0.00190 8431.5
0.00191 8323.6
0.00192 8207.9
0.00193 8085.2
0.00194 7955.7
0.00195 7820.1
0.00196 7678.9
0.00197 7532.6
0.00198 7381.6
0.00199 7226.6
0.00200 7068.1
0.00201 6906.6
0.00202 6742.7
0.00203 6577.0
0.00204 6409.8
0.00205 6241.9
0.00206 6073.7
0.00207 5905.8
0.00208 5738.5
0.00209 5572.4
0.00210 5407.9
0.00211 5245.4
0.00212 5085.3
0.00213 4927.9
0.00214 4773.5
0.00215 4622.5
0.00216 4475.0
0.00217 4331.2
0.00218 4191.4
0.00219 4055.7
0.00220 3924.1
0.00221 3796.8
0.00222 3673.8
0.00223 3555.1
0.00224 3440.8
0.00225 3330.8
0.00226 3225.0
0.00227 3123.5
0.00228 3026.0
0.00229 2932.6
0.00230 2843.2
0.00231 2757.5
0.00232 2675.6
0.00233 2597.3
0.00234 2522.4
0.00235 2450.8
0.00236 2382.5
0.00237 2317.2
0.00238 2254.8
0.00239 2195.2
0.00240 2138.3
0.00241 2083.9
0.00242 2032.0
0.00243 1982.3
0.00244 1934.9
0.00245 1889.5
0.00246 1846.1
0.00247 1804.6
0.00248 1764.8
0.00249 1726.8
0.00250 1690.3
0.00251 1655.4
0.00252 1621.9
0.00253 1589.7
0.00254 1558.9
0.00255 1529.2
0.00256 1500.8
0.00257 1473.4
0.00258 1447.2
0.00259 1421.9
0.00260 1397.6
0.00261 1374.1
0.00262 1351.6
0.00263 1329.9
0.00264 1309.0
0.00265 1288.9
0.00266 1269.4
0.00267 1250.7
0.00268 1232.7
0.00269 1215.3
0.00270 1198.5
0.00271 1182.3
0.00272 1166.7
0.00273 1151.7
0.00274 1137.2
0.00275 1123.2
0.00276 1109.7
0.00277 1096.7
0.00278 1084.1
0.00279 1072.0
0.00280 1060.3
0.00281 1049.1
0.00282 1038.2
0.00283 1027.8
0.00284 1017.7
0.00285 1008.0
0.00286 998.6
0.00287 989.6
0.00288 980.9
0.00289 972.5
0.00290 964.4
0.00291 956.6
0.00292 949.1
0.00293 941.9
0.00294 935.0
0.00295 928.3
0.00296 921.8
0.00297 915.6
0.00298 909.6
0.00299 903.8
0.00300 898.2
0.00301 892.8
0.00302 887.6
0.00303 882.6
0.00304 877.8
0.00305 873.2
0.00306 868.7
0.00307 864.4
0.00308 860.2
0.00309 856.2
0.00310 852.3
0.00311 848.5
0.00312 844.9
0.00313 841.4
0.00314 838.1
0.00315 834.8
0.00316 831.7
0.00317 828.6
0.00318 825.7
0.00319 822.8
0.00320 820.1
0.00321 817.5
0.00322 814.9
0.00323 812.4
0.00324 810.0
0.00325 807.7
0.00326 805.5
0.00327 803.3
0.00328 801.2
0.00329 799.2
0.00330 797.2
0.00331 795.3
0.00332 793.4
0.00333 791.6
0.00334 789.9
0.00335 788.2
0.00336 786.6
0.00337 785.0
0.00338 783.5
0.00339 782.0
0.00340 780.6
0.00341 779.2
0.00342 777.9
0.00343 776.6
0.00344 775.3
0.00345 774.1
0.00346 772.9
0.00347 771.7
0.00348 770.6
0.00349 769.5
0.00350 768.4
0.00351 767.4
0.00352 766.4
0.00353 765.4
0.00354 764.5
0.00355 763.6
0.00356 762.7
0.00357 761.8
0.00358 761.0
0.00359 760.2
0.00360 759.4
0.00361 758.6
0.00362 757.9
0.00363 757.1
0.00364 756.4
0.00365 755.7
0.00366 755.1
0.00367 754.4
0.00368 753.8
0.00369 753.2
0.00370 752.6
0.00371 752.0
0.00372 751.4
0.00373 750.9
0.00374 750.4
0.00375 749.8
0.00376 749.3
0.00377 748.8
0.00378 748.4
0.00379 747.9
0.00380 747.4
0.00381 747.0
0.00382 746.6
0.00383 746.1
0.00384 745.7
0.00385 745.3
0.00386 745.0
0.00387 744.6
0.00388 744.2
0.00389 743.9
0.00390 743.5
0.00391 743.2
0.00392 742.8
0.00393 742.5
0.00394 742.2
0.00395 741.9
0.00396 741.6
0.00397 741.3
0.00398 741.0
0.00399 740.8
0.00400 740.5
0.00401 740.2
0.00402 740.0
0.00403 739.7
0.00404 739.5
0.00405 739.3
0.00406 739.0
0.00407 738.8
0.00408 738.6
0.00409 738.4
0.00410 738.2
0.00411 738.0
0.00412 737.8
0.00413 737.6
0.00414 737.4
0.00415 737.2
0.00416 737.0
0.00417 736.9
0.00418 736.7
0.00419 736.5
0.00420 736.4
0.00421 736.2
0.00422 736.1
0.00423 735.9
0.00424 735.8
0.00425 735.7
0.00426 735.5
0.00427 735.4
0.00428 735.3
0.00429 735.1
0.00430 735.0
0.00431 734.9
0.00432 734.8
0.00433 734.7
0.00434 734.6
0.00435 734.5
0.00436 734.4
0.00437 734.3
0.00438 734.2
0.00439 734.1
0.00440 734.0
0.00441 733.9
0.00442 733.8
0.00443 733.7
0.00444 733.6
0.00445 733.6
0.00446 733.5
0.00447 733.4
0.00448 733.3
0.00449 733.3
0.00450 733.2
0.00451 733.1
0.00452 733.1
0.00453 733.0
0.00454 732.9
0.00455 732.9
0.00456 732.8
0.00457 732.8
0.00458 732.7
0.00459 732.7
0.00460 732.6
0.00461 732.6
0.00462 732.5
0.00463 732.5
0.00464 732.4
0.00465 732.4
0.00466 732.3
0.00467 732.3
0.00468 732.3
0.00469 732.2
0.00470 732.2
0.00471 732.2
0.00472 732.1
0.00473 732.1
0.00474 732.1
0.00475 732.0
0.00476 732.0
0.00477 732.0
0.00478 732.0
0.00479 731.9
0.00480 731.9
0.00481 731.9
0.00482 731.9
0.00483 731.9
0.00484 731.8
0.00485 731.8
0.00486 731.8
0.00487 731.8
0.00488 731.8
0.00489 731.8
0.00490 731.8
0.00491 731.7
0.00492 731.7
0.00493 731.7
0.00494 731.7
0.00495 731.7
0.00496 731.7
0.00497 731.7
0.00498 731.7
0.00499 731.7
0.00500 731.7
0.00501 731.7
0.00502 731.7
0.00503 731.7
0.00504 731.7
0.00505 731.7
0.00506 731.7
0.00507 731.7
0.00508 731.7
0.00509 731.7
0.00510 731.7
0.00511 731.7
0.00512 731.7
0.00513 731.7
0.00514 731.7
0.00515 731.7
0.00516 731.7
0.00517 731.7
0.00518 731.7
0.00519 731.7
0.00520 731.8
0.00521 731.8
0.00522 731.8
0.00523 731.8
0.00524 731.8
0.00525 731.8
0.00526 731.8
0.00527 731.8
0.00528 731.9
0.00529 731.9
0.00530 731.9
0.00531 731.9
0.00532 731.9
0.00533 731.9
0.00534 731.9
0.00535 732.0
0.00536 732.0
0.00537 732.0
0.00538 732.0
0.00539 732.0
0.00540 732.1
0.00541 732.1
0.00542 732.1
0.00543 732.1
0.00544 732.1
0.00545 732.2
0.00546 732.2
0.00547 732.2
0.00548 732.2
0.00549 732.2
0.00550 732.3
0.00551 732.3
0.00552 732.3
0.00553 732.3
0.00554 732.4
0.00555 732.4
0.00556 732.4
0.00557 732.4
0.00558 732.5
0.00559 732.5
0.00560 732.5
0.00561 732.5
0.00562 732.6
0.00563 732.6
0.00564 732.6
0.00565 732.6
0.00566 732.7
0.00567 732.7
0.00568 732.7
0.00569 732.8
0.00570 732.8
0.00571 732.8
0.00572 732.8
0.00573 732.9
0.00574 732.9
0.00575 732.9
0.00576 733.0
0.00577 733.0
0.00578 733.0
0.00579 733.1
0.00580 733.1
0.00581 733.1
0.00582 733.1
0.00583 733.2
0.00584 733.2
0.00585 733.2
0.00586 733.3
0.00587 733.3
0.00588 733.3
0.00589 733.4
0.00590 733.4
0.00591 733.4
0.00592 733.5
0.00593 733.5
0.00594 733.5
0.00595 733.6
0.00596 733.6
0.00597 733.6
0.00598 733.7
0.00599 733.7
0.00600 733.8
0.00601 733.8
0.00602 733.8
0.00603 733.9
0.00604 733.9
0.00605 733.9
0.00606 734.0
0.00607 734.0
0.00608 734.0
0.00609 734.1
0.00610 734.1
0.00611 734.2
0.00612 734.2
0.00613 734.2
0.00614 734.3
0.00615 734.3
0.00616 734.3
0.00617 734.4
0.00618 734.4
0.00619 734.5
0.00620 734.5
0.00621 734.5
0.00622 734.6
0.00623 734.6
0.00624 734.7
0.00625 734.7
0.00626 734.7
0.00627 734.8
0.00628 734.8
0.00629 734.9
0.00630 734.9
0.00631 734.9
0.00632 735.0
0.00633 735.0
0.00634 735.1
0.00635 735.1
0.00636 735.1
0.00637 735.2
0.00638 735.2
0.00639 735.3
0.00640 735.3
0.00641 735.3
0.00642 735.4
0.00643 735.4
0.00644 735.5
0.00645 735.5
0.00646 735.5
0.00647 735.6
0.00648 735.6
0.00649 735.7
0.00650 735.7
0.00651 735.8
0.00652 735.8
0.00653 735.8
0.00654 735.9
0.00655 735.9
0.00656 736.0
0.00657 736.0
0.00658 736.1
0.00659 736.1
0.00660 736.1
0.00661 736.2
0.00662 736.2
0.00663 736.3
0.00664 736.3
0.00665 736.4
0.00666 736.4
0.00667 736.4
0.00668 736.5
0.00669 736.5
0.00670 736.6
0.00671 736.6
0.00672 736.7
0.00673 736.7
0.00674 736.8
0.00675 736.8
0.00676 736.8
0.00677 736.9
0.00678 736.9
0.00679 737.0
0.00680 737.0
0.00681 737.1
0.00682 737.1
0.00683 737.2
0.00684 737.2
0.00685 737.3
0.00686 737.3
0.00687 737.3
0.00688 737.4
0.00689 737.4
0.00690 737.5
0.00691 737.5
0.00692 737.6
0.00693 737.6
0.00694 737.7
0.00695 737.7
0.00696 737.8
0.00697 737.8
0.00698 737.8
0.00699 737.9
0.00700 737.9
0.00701 738.0
0.00702 738.0
0.00703 738.1
0.00704 738.1
0.00705 738.2
0.00706 738.2
0.00707 738.3
0.00708 738.3
0.00709 738.4
0.00710 738.4
0.00711 738.4
0.00712 738.5
0.00713 738.5
0.00714 738.6
0.00715 738.6
0.00716 738.7
0.00717 738.7
0.00718 738.8
0.00719 738.8
0.00720 738.9
0.00721 738.9
0.00722 739.0
0.00723 739.0
0.00724 739.1
0.00725 739.1
0.00726 739.2
0.00727 739.2
0.00728 739.2
0.00729 739.3
0.00730 739.3
0.00731 739.4
0.00732 739.4
0.00733 739.5
0.00734 739.5
0.00735 739.6
0.00736 739.6
0.00737 739.7
0.00738 739.7
0.00739 739.8
0.00740 739.8
0.00741 739.9
0.00742 739.9
0.00743 740.0
0.00744 740.0
0.00745 740.1
0.00746 740.1
0.00747 740.2
0.00748 740.2
0.00749 740.3
0.00750 740.3
0.00751 740.3
0.00752 740.4
0.00753 740.4
0.00754 740.5
0.00755 740.5
0.00756 740.6
0.00757 740.6
0.00758 740.7
0.00759 740.7
0.00760 740.8
0.00761 740.8
0.00762 740.9
0.00763 740.9
0.00764 741.0
0.00765 741.0
0.00766 741.1
0.00767 741.1
0.00768 741.2
0.00769 741.2
0.00770 741.3
0.00771 741.3
0.00772 741.4
0.00773 741.4
0.00774 741.5
0.00775 741.5
0.00776 741.6
0.00777 741.6
0.00778 741.7
0.00779 741.7
0.00780 741.8
0.00781 741.8
0.00782 741.9
0.00783 741.9
0.00784 741.9
0.00785 742.0
0.00786 742.0
0.00787 742.1
0.00788 742.1
0.00789 742.2
0.00790 742.2
0.00791 742.3
0.00792 742.3
0.00793 742.4
0.00794 742.4
0.00795 742.5
0.00796 742.5
0.00797 742.6
0.00798 742.6
0.00799 742.7
0.00800 742.7
0.00801 742.8
0.00802 742.8
0.00803 742.9
0.00804 742.9
0.00805 743.0
0.00806 743.0
0.00807 743.1
0.00808 743.1
0.00809 743.2
0.00810 743.2
0.00811 743.3
0.00812 743.3
0.00813 743.4
0.00814 743.4
0.00815 743.5
0.00816 743.5
0.00817 743.6
0.00818 743.6
0.00819 743.7
0.00820 743.7
0.00821 743.8
0.00822 743.8
0.00823 743.9
0.00824 743.9
0.00825 744.0
0.00826 744.0
0.00827 744.1
0.00828 744.1
0.00829 744.1
0.00830 744.2
0.00831 744.2
0.00832 744.3
0.00833 744.3
0.00834 744.4
0.00835 744.4
0.00836 744.5
0.00837 744.5
0.00838 744.6
0.00839 744.6
0.00840 744.7
0.00841 744.7
0.00842 744.8
0.00843 744.8
0.00844 744.9
0.00845 744.9
0.00846 745.0
0.00847 745.0
0.00848 745.1
0.00849 745.1
0.00850 745.2
0.00851 745.2
0.00852 745.3
0.00853 745.3
0.00854 745.4
0.00855 745.4
0.00856 745.5
0.00857 745.5
0.00858 745.6
0.00859 745.6
0.00860 745.7
0.00861 745.7
0.00862 745.8
0.00863 745.8
0.00864 745.9
0.00865 745.9
0.00866 745.9
0.00867 746.0
0.00868 746.0
0.00869 746.1
0.00870 746.1
0.00871 746.2
0.00872 746.2
0.00873 746.3
0.00874 746.3
0.00875 746.4
0.00876 746.4
0.00877 746.5
0.00878 746.5
0.00879 746.6
0.00880 746.6
0.00881 746.7
0.00882 746.7
0.00883 746.8
0.00884 746.8
0.00885 746.9
0.00886 746.9
0.00887 747.0
0.00888 747.0
0.00889 747.1
0.00890 747.1
0.00891 747.2
0.00892 747.2
0.00893 747.2
0.00894 747.3
0.00895 747.3
0.00896 747.4
0.00897 747.4
0.00898 747.5
0.00899 747.5
0.00900 747.6
0.00901 747.6
0.00902 747.7
0.00903 747.7
0.00904 747.8
0.00905 747.8
0.00906 747.9
0.00907 747.9
0.00908 748.0
0.00909 748.0
0.00910 748.1
0.00911 748.1
0.00912 748.2
0.00913 748.2
0.00914 748.3
0.00915 748.3
0.00916 748.3
0.00917 748.4
0.00918 748.4
0.00919 748.5
0.00920 748.5
0.00921 748.6
0.00922 748.6
0.00923 748.7
0.00924 748.7
0.00925 748.8
0.00926 748.8
0.00927 748.9
0.00928 748.9
0.00929 749.0
0.00930 749.0
0.00931 749.1
0.00932 749.1
0.00933 749.1
0.00934 749.2
0.00935 749.2
0.00936 749.3
0.00937 749.3
0.00938 749.4
0.00939 749.4
0.00940 749.5
0.00941 749.5
0.00942 749.6
0.00943 749.6
0.00944 749.7
0.00945 749.7
0.00946 749.8
0.00947 749.8
0.00948 749.8
0.00949 749.9
0.00950 749.9
0.00951 750.0
0.00952 750.0
0.00953 750.1
0.00954 750.1
0.00955 750.2
0.00956 750.2
0.00957 750.3
0.00958 750.3
0.00959 750.4
0.00960 750.4
0.00961 750.4
0.00962 750.5
0.00963 750.5
0.00964 750.6
0.00965 750.6
0.00966 750.7
0.00967 750.7
0.00968 750.8
0.00969 750.8
0.00970 750.9
0.00971 750.9
0.00972 750.9
0.00973 751.0
0.00974 751.0
0.00975 751.1
0.00976 751.1
0.00977 751.2
0.00978 751.2
0.00979 751.3
0.00980 751.3
0.00981 751.4
0.00982 751.4
0.00983 751.4
0.00984 751.5
0.00985 751.5
0.00986 751.6
0.00987 751.6
0.00988 751.7
0.00989 751.7
0.00990 751.8
0.00991 751.8
0.00992 751.8
0.00993 751.9
0.00994 751.9
0.00995 752.0
0.00996 752.0
0.00997 752.1
0.00998 752.1
0.00999 752.2
0.01000 752.2
0.01001 752.2
0.01002 752.3
0.01003 752.3
0.01004 752.4
0.01005 752.4
0.01006 752.5
0.01007 752.5
0.01008 752.6
0.01009 752.6
0.01010 752.6
0.01011 752.7
0.01012 752.7
0.01013 752.8
0.01014 752.8
0.01015 752.9
0.01016 752.9
0.01017 753.0
0.01018 753.0
0.01019 753.0
0.01020 753.1
0.01021 753.1
0.01022 753.2
0.01023 753.2
0.01024 753.3
0.01025 753.3
0.01026 753.3
0.01027 753.4
0.01028 753.4
0.01029 753.5
0.01030 753.5
0.01031 753.6
0.01032 753.6
0.01033 753.6
0.01034 753.7
0.01035 753.7
0.01036 753.8
0.01037 753.8
0.01038 753.9
0.01039 753.9
0.01040 753.9
0.01041 754.0
0.01042 754.0
0.01043 754.1
0.01044 754.1
0.01045 754.2
0.01046 754.2
0.01047 754.2
0.01048 754.3
0.01049 754.3
0.01050 754.4
0.01051 754.4
0.01052 754.5
0.01053 754.5
0.01054 754.5
0.01055 754.6
0.01056 754.6
0.01057 754.7
0.01058 754.7
0.01059 754.7
0.01060 754.8
0.01061 754.8
0.01062 754.9
0.01063 754.9
0.01064 755.0
0.01065 755.0
0.01066 755.0
0.01067 755.1
0.01068 755.1
0.01069 755.2
0.01070 755.2
0.01071 755.2
0.01072 755.3
0.01073 755.3
0.01074 755.4
0.01075 755.4
0.01076 755.4
0.01077 755.5
0.01078 755.5
0.01079 755.6
0.01080 755.6
0.01081 755.7
0.01082 755.7
0.01083 755.7
0.01084 755.8
0.01085 755.8
0.01086 755.9
0.01087 755.9
0.01088 755.9
0.01089 756.0
0.01090 756.0
0.01091 756.1
0.01092 756.1
0.01093 756.1
0.01094 756.2
0.01095 756.2
0.01096 756.3
0.01097 756.3
0.01098 756.3
0.01099 756.4
0.01100 756.4
0.01101 756.5
0.01102 756.5
0.01103 756.5
0.01104 756.6
0.01105 756.6
0.01106 756.7
0.01107 756.7
0.01108 756.7
0.01109 756.8
0.01110 756.8
0.01111 756.9
0.01112 756.9
0.01113 756.9
0.01114 757.0
0.01115 757.0
0.01116 757.0
0.01117 757.1
0.01118 757.1
0.01119 757.2
0.01120 757.2
0.01121 757.2
0.01122 757.3
0.01123 757.3
0.01124 757.4
0.01125 757.4
0.01126 757.4
0.01127 757.5
0.01128 757.5
0.01129 757.6
0.01130 757.6
0.01131 757.6
0.01132 757.7
0.01133 757.7
0.01134 757.7
0.01135 757.8
0.01136 757.8
0.01137 757.9
0.01138 757.9
0.01139 757.9
0.01140 758.0
0.01141 758.0
0.01142 758.0
0.01143 758.1
0.01144 758.1
0.01145 758.2
0.01146 758.2
0.01147 758.2
0.01148 758.3
0.01149 758.3
0.01150 758.3
0.01151 758.4
0.01152 758.4
0.01153 758.5
0.01154 758.5
0.01155 758.5
0.01156 758.6
0.01157 758.6
0.01158 758.6
0.01159 758.7
0.01160 758.7
0.01161 758.8
0.01162 758.8
0.01163 758.8
0.01164 758.9
0.01165 758.9
0.01166 758.9
0.01167 759.0
0.01168 759.0
0.01169 759.0
0.01170 759.1
0.01171 759.1
0.01172 759.2
0.01173 759.2
0.01174 759.2
0.01175 759.3
0.01176 759.3
0.01177 759.3
0.01178 759.4
0.01179 759.4
0.01180 759.4
0.01181 759.5
0.01182 759.5
0.01183 759.6
0.01184 759.6
0.01185 759.6
0.01186 759.7
0.01187 759.7
0.01188 759.7
0.01189 759.8
0.01190 759.8
0.01191 759.8
0.01192 759.9
0.01193 759.9
0.01194 759.9
0.01195 760.0
0.01196 760.0
0.01197 760.0
0.01198 760.1
0.01199 760.1
0.01200 760.2
0.01201 760.2
0.01202 760.2
0.01203 760.3
0.01204 760.3
0.01205 760.3
0.01206 760.4
0.01207 760.4
0.01208 760.4
0.01209 760.5
0.01210 760.5
0.01211 760.5
0.01212 760.6
0.01213 760.6
0.01214 760.6
0.01215 760.7
0.01216 760.7
0.01217 760.7
0.01218 760.8
0.01219 760.8
0.01220 760.8
0.01221 760.9
0.01222 760.9
0.01223 760.9
0.01224 761.0
0.01225 761.0
0.01226 761.0
0.01227 761.1
0.01228 761.1
0.01229 761.1
0.01230 761.2
0.01231 761.2
0.01232 761.2
0.01233 761.3
0.01234 761.3
0.01235 761.3
0.01236 761.4
0.01237 761.4
0.01238 761.4
0.01239 761.5
0.01240 761.5
0.01241 761.5
0.01242 761.6
0.01243 761.6
0.01244 761.6
0.01245 761.7
0.01246 761.7
0.01247 761.7
0.01248 761.8
0.01249 761.8
0.01250 761.8
0.01251 761.9
0.01252 761.9
0.01253 761.9
0.01254 762.0
0.01255 762.0
0.01256 762.0
0.01257 762.1
0.01258 762.1
0.01259 762.1
0.01260 762.2
0.01261 762.2
0.01262 762.2
0.01263 762.3
0.01264 762.3
0.01265 762.3
0.01266 762.3
0.01267 762.4
0.01268 762.4
0.01269 762.4
0.01270 762.5
0.01271 762.5
0.01272 762.5
0.01273 762.6
0.01274 762.6
0.01275 762.6
0.01276 762.7
0.01277 762.7
0.01278 762.7
0.01279 762.8
0.01280 762.8
0.01281 762.8
0.01282 762.8
0.01283 762.9
0.01284 762.9
0.01285 762.9
0.01286 763.0
0.01287 763.0
0.01288 763.0
0.01289 763.1
0.01290 763.1
0.01291 763.1
0.01292 763.2
0.01293 763.2
0.01294 763.2
0.01295 763.2
0.01296 763.3
0.01297 763.3
0.01298 763.3
0.01299 763.4
0.01300 763.4
0.01301 763.4
0.01302 763.5
0.01303 763.5
0.01304 763.5
0.01305 763.5
0.01306 763.6
0.01307 763.6
0.01308 763.6
0.01309 763.7
0.01310 763.7
0.01311 763.7
0.01312 763.8
0.01313 763.8
0.01314 763.8
0.01315 763.8
0.01316 763.9
0.01317 763.9
0.01318 763.9
0.01319 764.0
0.01320 764.0
0.01321 764.0
0.01322 764.0
0.01323 764.1
0.01324 764.1
0.01325 764.1
0.01326 764.2
0.01327 764.2
0.01328 764.2
0.01329 764.2
0.01330 764.3
0.01331 764.3
0.01332 764.3
0.01333 764.4
0.01334 764.4
0.01335 764.4
0.01336 764.4
0.01337 764.5
0.01338 764.5
0.01339 764.5
0.01340 764.6
0.01341 764.6
0.01342 764.6
0.01343 764.6
0.01344 764.7
0.01345 764.7
0.01346 764.7
0.01347 764.8
0.01348 764.8
0.01349 764.8
0.01350 764.8
0.01351 764.9
0.01352 764.9
0.01353 764.9
0.01354 764.9
0.01355 765.0
0.01356 765.0
0.01357 765.0
0.01358 765.1
0.01359 765.1
0.01360 765.1
0.01361 765.1
0.01362 765.2
0.01363 765.2
0.01364 765.2
0.01365 765.2
0.01366 765.3
0.01367 765.3
0.01368 765.3
0.01369 765.4
0.01370 765.4
0.01371 765.4
0.01372 765.4
0.01373 765.5
0.01374 765.5
0.01375 765.5
0.01376 765.5
0.01377 765.6
0.01378 765.6
0.01379 765.6
0.01380 765.6
0.01381 765.7
0.01382 765.7
0.01383 765.7
0.01384 765.7
0.01385 765.8
0.01386 765.8
0.01387 765.8
0.01388 765.9
0.01389 765.9
0.01390 765.9
0.01391 765.9
0.01392 766.0
0.01393 766.0
0.01394 766.0
0.01395 766.0
0.01396 766.1
0.01397 766.1
0.01398 766.1
0.01399 766.1
0.01400 766.2
0.01401 766.2
0.01402 766.2
0.01403 766.2
0.01404 766.3
0.01405 766.3
0.01406 766.3
0.01407 766.3
0.01408 766.4
0.01409 766.4
0.01410 766.4
0.01411 766.4
0.01412 766.5
0.01413 766.5
0.01414 766.5
0.01415 766.5
0.01416 766.6
0.01417 766.6
0.01418 766.6
0.01419 766.6
0.01420 766.7
0.01421 766.7
0.01422 766.7
0.01423 766.7
0.01424 766.8
0.01425 766.8
0.01426 766.8
0.01427 766.8
0.01428 766.9
0.01429 766.9
0.01430 766.9
0.01431 766.9
0.01432 767.0
0.01433 767.0
0.01434 767.0
0.01435 767.0
0.01436 767.0
0.01437 767.1
0.01438 767.1
0.01439 767.1
0.01440 767.1
0.01441 767.2
0.01442 767.2
0.01443 767.2
0.01444 767.2
0.01445 767.3
0.01446 767.3
0.01447 767.3
0.01448 767.3
0.01449 767.4
0.01450 767.4
0.01451 767.4
0.01452 767.4
0.01453 767.4
0.01454 767.5
0.01455 767.5
0.01456 767.5
0.01457 767.5
0.01458 767.6
0.01459 767.6
0.01460 767.6
0.01461 767.6
0.01462 767.7
0.01463 767.7
0.01464 767.7
0.01465 767.7
0.01466 767.7
0.01467 767.8
0.01468 767.8
0.01469 767.8
0.01470 767.8
0.01471 767.9
0.01472 767.9
0.01473 767.9
0.01474 767.9
0.01475 767.9
0.01476 768.0
0.01477 768.0
0.01478 768.0
0.01479 768.0
0.01480 768.1
0.01481 768.1
0.01482 768.1
0.01483 768.1
0.01484 768.1
0.01485 768.2
0.01486 768.2
0.01487 768.2
0.01488 768.2
0.01489 768.3
0.01490 768.3
0.01491 768.3
0.01492 768.3
0.01493 768.3
0.01494 768.4
0.01495 768.4
0.01496 768.4
0.01497 768.4
0.01498 768.5
0.01499 768.5
0.01500 768.5
0.01501 768.5
0.01502 768.5
0.01503 768.6
0.01504 768.6
0.01505 768.6
0.01506 768.6
0.01507 768.6
0.01508 768.7
0.01509 768.7
0.01510 768.7
0.01511 768.7
0.01512 768.7
0.01513 768.8
0.01514 768.8
0.01515 768.8
0.01516 768.8
0.01517 768.9
0.01518 768.9
0.01519 768.9
0.01520 768.9
0.01521 768.9
0.01522 769.0
0.01523 769.0
0.01524 769.0
0.01525 769.0
0.01526 769.0
0.01527 769.1
0.01528 769.1
0.01529 769.1
0.01530 769.1
0.01531 769.1
0.01532 769.2
0.01533 769.2
0.01534 769.2
0.01535 769.2
0.01536 769.2
0.01537 769.3
0.01538 769.3
0.01539 769.3
0.01540 769.3
0.01541 769.3
0.01542 769.4
0.01543 769.4
0.01544 769.4
0.01545 769.4
0.01546 769.4
0.01547 769.5
0.01548 769.5
0.01549 769.5
0.01550 769.5
0.01551 769.5
0.01552 769.6
0.01553 769.6
0.01554 769.6
0.01555 769.6
0.01556 769.6
0.01557 769.7
0.01558 769.7
0.01559 769.7
0.01560 769.7
0.01561 769.7
0.01562 769.7
0.01563 769.8
0.01564 769.8
0.01565 769.8
0.01566 769.8
0.01567 769.8
0.01568 769.9
0.01569 769.9
0.01570 769.9
0.01571 769.9
0.01572 769.9
0.01573 770.0
0.01574 770.0
0.01575 770.0
0.01576 770.0
0.01577 770.0
0.01578 770.0
0.01579 770.1
0.01580 770.1
0.01581 770.1
0.01582 770.1
0.01583 770.1
0.01584 770.2
0.01585 770.2
0.01586 770.2
0.01587 770.2
0.01588 770.2
0.01589 770.3
0.01590 770.3
0.01591 770.3
0.01592 770.3
0.01593 770.3
0.01594 770.3
0.01595 770.4
0.01596 770.4
0.01597 770.4
0.01598 770.4
0.01599 770.4
0.01600 770.4
0.01601 770.5
0.01602 770.5
0.01603 770.5
0.01604 770.5
0.01605 770.5
0.01606 770.6
0.01607 770.6
0.01608 770.6
0.01609 770.6
0.01610 770.6
0.01611 770.6
0.01612 770.7
0.01613 770.7
0.01614 770.7
0.01615 770.7
0.01616 770.7
0.01617 770.7
0.01618 770.8
0.01619 770.8
0.01620 770.8
0.01621 770.8
0.01622 770.8
0.01623 770.9
0.01624 770.9
0.01625 770.9
0.01626 770.9
0.01627 770.9
0.01628 770.9
0.01629 771.0
0.01630 771.0
0.01631 771.0
0.01632 771.0
0.01633 771.0
0.01634 771.0
0.01635 771.1
0.01636 771.1
0.01637 771.1
0.01638 771.1
0.01639 771.1
0.01640 771.1
0.01641 771.2
0.01642 771.2
0.01643 771.2
0.01644 771.2
0.01645 771.2
0.01646 771.2
0.01647 771.3
0.01648 771.3
0.01649 771.3
0.01650 771.3
0.01651 771.3
0.01652 771.3
0.01653 771.3
0.01654 771.4
0.01655 771.4
0.01656 771.4
0.01657 771.4
0.01658 771.4
0.01659 771.4
0.01660 771.5
0.01661 771.5
0.01662 771.5
0.01663 771.5
0.01664 771.5
0.01665 771.5
0.01666 771.6
0.01667 771.6
0.01668 771.6
0.01669 771.6
0.01670 771.6
0.01671 771.6
0.01672 771.7
0.01673 771.7
0.01674 771.7
0.01675 771.7
0.01676 771.7
0.01677 771.7
0.01678 771.7
0.01679 771.8
0.01680 771.8
0.01681 771.8
0.01682 771.8
0.01683 771.8
0.01684 771.8
0.01685 771.9
0.01686 771.9
0.01687 771.9
0.01688 771.9
0.01689 771.9
0.01690 771.9
0.01691 771.9
0.01692 772.0
0.01693 772.0
0.01694 772.0
0.01695 772.0
0.01696 772.0
0.01697 772.0
0.01698 772.0
0.01699 772.1
0.01700 772.1
0.01701 772.1
0.01702 772.1
0.01703 772.1
0.01704 772.1
0.01705 772.2
0.01706 772.2
0.01707 772.2
0.01708 772.2
0.01709 772.2
0.01710 772.2
0.01711 772.2
0.01712 772.3
0.01713 772.3
0.01714 772.3
0.01715 772.3
0.01716 772.3
0.01717 772.3
0.01718 772.3
0.01719 772.4
0.01720 772.4
0.01721 772.4
0.01722 772.4
0.01723 772.4
0.01724 772.4
0.01725 772.4
0.01726 772.5
0.01727 772.5
0.01728 772.5
0.01729 772.5
0.01730 772.5
0.01731 772.5
0.01732 772.5
0.01733 772.6
0.01734 772.6
0.01735 772.6
0.01736 772.6
0.01737 772.6
0.01738 772.6
0.01739 772.6
0.01740 772.6
0.01741 772.7
0.01742 772.7
0.01743 772.7
0.01744 772.7
0.01745 772.7
0.01746 772.7
0.01747 772.7
0.01748 772.8
0.01749 772.8
0.01750 772.8
0.01751 772.8
0.01752 772.8
0.01753 772.8
0.01754 772.8
0.01755 772.9
0.01756 772.9
0.01757 772.9
0.01758 772.9
0.01759 772.9
0.01760 772.9
0.01761 772.9
0.01762 772.9
0.01763 773.0
0.01764 773.0
0.01765 773.0
0.01766 773.0
0.01767 773.0
0.01768 773.0
0.01769 773.0
0.01770 773.0
0.01771 773.1
0.01772 773.1
0.01773 773.1
0.01774 773.1
0.01775 773.1
0.01776 773.1
0.01777 773.1
0.01778 773.2
0.01779 773.2
0.01780 773.2
0.01781 773.2
0.01782 773.2
0.01783 773.2
0.01784 773.2
0.01785 773.2
0.01786 773.3
0.01787 773.3
0.01788 773.3
0.01789 773.3
0.01790 773.3
0.01791 773.3
0.01792 773.3
0.01793 773.3
0.01794 773.4
0.01795 773.4
0.01796 773.4
0.01797 773.4
0.01798 773.4
0.01799 773.4
0.01800 773.4
0.01801 773.4
0.01802 773.5
0.01803 773.5
0.01804 773.5
0.01805 773.5
0.01806 773.5
0.01807 773.5
0.01808 773.5
0.01809 773.5
0.01810 773.5
0.01811 773.6
0.01812 773.6
0.01813 773.6
0.01814 773.6
0.01815 773.6
0.01816 773.6
0.01817 773.6
0.01818 773.6
0.01819 773.7
0.01820 773.7
0.01821 773.7
0.01822 773.7
0.01823 773.7
0.01824 773.7
0.01825 773.7
0.01826 773.7
0.01827 773.7
0.01828 773.8
0.01829 773.8
0.01830 773.8
0.01831 773.8
0.01832 773.8
0.01833 773.8
0.01834 773.8
0.01835 773.8
0.01836 773.9
0.01837 773.9
0.01838 773.9
0.01839 773.9
0.01840 773.9
0.01841 773.9
0.01842 773.9
0.01843 773.9
0.01844 773.9
0.01845 774.0
0.01846 774.0
0.01847 774.0
0.01848 774.0
0.01849 774.0
0.01850 774.0
0.01851 774.0
0.01852 774.0
0.01853 774.0
0.01854 774.1
0.01855 774.1
0.01856 774.1
0.01857 774.1
0.01858 774.1
0.01859 774.1
0.01860 774.1
0.01861 774.1
0.01862 774.1
0.01863 774.2
0.01864 774.2
0.01865 774.2
0.01866 774.2
0.01867 774.2
0.01868 774.2
0.01869 774.2
0.01870 774.2
0.01871 774.2
0.01872 774.3
0.01873 774.3
0.01874 774.3
0.01875 774.3
0.01876 774.3
0.01877 774.3
0.01878 774.3
0.01879 774.3
0.01880 774.3
0.01881 774.3
0.01882 774.4
0.01883 774.4
0.01884 774.4
0.01885 774.4
0.01886 774.4
0.01887 774.4
0.01888 774.4
0.01889 774.4
0.01890 774.4
0.01891 774.5
0.01892 774.5
0.01893 774.5
0.01894 774.5
0.01895 774.5
0.01896 774.5
0.01897 774.5
0.01898 774.5
0.01899 774.5
0.01900 774.5
0.01901 774.6
0.01902 774.6
0.01903 774.6
0.01904 774.6
0.01905 774.6
0.01906 774.6
0.01907 774.6
0.01908 774.6
0.01909 774.6
0.01910 774.6
0.01911 774.7
0.01912 774.7
0.01913 774.7
0.01914 774.7
0.01915 774.7
0.01916 774.7
0.01917 774.7
0.01918 774.7
0.01919 774.7
0.01920 774.7
0.01921 774.8
0.01922 774.8
0.01923 774.8
0.01924 774.8
0.01925 774.8
0.01926 774.8
0.01927 774.8
0.01928 774.8
0.01929 774.8
0.01930 774.8
0.01931 774.8
0.01932 774.9
0.01933 774.9
0.01934 774.9
0.01935 774.9
0.01936 774.9
0.01937 774.9
0.01938 774.9
0.01939 774.9
0.01940 774.9
0.01941 774.9
0.01942 775.0
0.01943 775.0
0.01944 775.0
0.01945 775.0
0.01946 775.0
0.01947 775.0
0.01948 775.0
0.01949 775.0
0.01950 775.0
0.01951 775.0
0.01952 775.0
0.01953 775.1
0.01954 775.1
0.01955 775.1
0.01956 775.1
0.01957 775.1
0.01958 775.1
0.01959 775.1
0.01960 775.1
0.01961 775.1
0.01962 775.1
0.01963 775.1
0.01964 775.2
0.01965 775.2
0.01966 775.2
0.01967 775.2
0.01968 775.2
0.01969 775.2
0.01970 775.2
0.01971 775.2
0.01972 775.2
0.01973 775.2
0.01974 775.2
0.01975 775.3
0.01976 775.3
0.01977 775.3
0.01978 775.3
0.01979 775.3
0.01980 775.3
0.01981 775.3
0.01982 775.3
0.01983 775.3
0.01984 775.3
0.01985 775.3
0.01986 775.3
0.01987 775.4
0.01988 775.4
0.01989 775.4
0.01990 775.4
0.01991 775.4
0.01992 775.4
0.01993 775.4
0.01994 775.4
0.01995 775.4
0.01996 775.4
0.01997 775.4
0.01998 775.5
0.01999 775.5
0.02000 780.5
0.02001 780.5
0.02002 780.5
0.02003 780.5
0.02004 780.5
0.02005 780.5
0.02006 780.5
0.02007 780.5
0.02008 780.5
0.02009 780.5
0.02010 780.5
0.02011 780.5
0.02012 780.5
0.02013 780.5
0.02014 780.5
0.02015 780.5
0.02016 780.5
0.02017 780.5
0.02018 780.5
0.02019 780.5
0.02020 780.5
0.02021 780.5
0.02022 780.5
0.02023 780.5
0.02024 780.5
0.02025 780.5
0.02026 780.5
0.02027 780.5
0.02028 780.5
0.02029 780.5
0.02030 780.5
0.02031 780.5
0.02032 780.5
0.02033 780.5
0.02034 780.5
0.02035 780.5
0.02036 780.5
0.02037 780.5
0.02038 780.5
0.02039 780.5
0.02040 780.5
0.02041 780.5
0.02042 780.5
0.02043 780.5
0.02044 780.5
0.02045 780.5
0.02046 780.5
0.02047 780.5
0.02048 780.5
0.02049 780.5
0.02050 780.5
0.02051 780.5
0.02052 780.5
0.02053 780.5
0.02054 780.5
0.02055 780.5
0.02056 780.5
0.02057 780.5
0.02058 780.5
0.02059 780.5
0.02060 780.5
0.02061 780.5
0.02062 780.5
0.02063 780.5
0.02064 780.5
0.02065 780.5
0.02066 780.5
0.02067 780.5
0.02068 780.5
0.02069 780.5
0.02070 780.5
0.02071 780.5
0.02072 780.5
0.02073 780.5
0.02074 780.5
0.02075 780.5
0.02076 780.5
0.02077 780.5
0.02078 780.5
0.02079 780.5
0.02080 780.5
0.02081 780.5
0.02082 780.5
0.02083 780.5
0.02084 780.5
0.02085 780.5
0.02086 780.5
0.02087 780.5
0.02088 780.5
0.02089 780.5
0.02090 780.5
0.02091 780.5
0.02092 780.5
0.02093 780.5
0.02094 780.5
0.02095 780.5
0.02096 780.5
0.02097 780.5
0.02098 780.5
0.02099 780.5
0.02100 780.5
0.02101 780.5
0.02102 780.5
0.02103 780.5
0.02104 780.5
0.02105 780.5
0.02106 780.5
0.02107 780.5
0.02108 780.5
0.02109 780.5
0.02110 780.5
0.02111 780.5
0.02112 780.5
0.02113 780.5
0.02114 780.5
0.02115 780.5
0.02116 780.5
0.02117 780.5
0.02118 780.5
0.02119 780.5
0.02120 780.5
0.02121 780.5
0.02122 780.5
0.02123 780.5
0.02124 780.5
0.02125 780.5
0.02126 780.5
0.02127 780.5
0.02128 780.5
0.02129 780.5
0.02130 780.5
0.02131 780.5
0.02132 780.5
0.02133 780.5
0.02134 780.5
0.02135 780.5
0.02136 780.5
0.02137 780.5
0.02138 780.5
0.02139 780.5
0.02140 780.5
0.02141 780.5
0.02142 780.5
0.02143 780.5
0.02144 780.5
0.02145 780.5
0.02146 780.5
0.02147 780.5
0.02148 780.5
0.02149 780.5
0.02150 780.5
0.02151 780.5
0.02152 780.5
0.02153 780.5
0.02154 780.5
0.02155 780.5
0.02156 780.5
0.02157 780.5
0.02158 780.5
0.02159 780.5
0.02160 780.5
0.02161 780.5
0.02162 780.5
0.02163 780.5
0.02164 780.5
0.02165 780.5
0.02166 780.5
0.02167 780.5
0.02168 780.5
0.02169 780.5
0.02170 780.5
0.02171 780.5
0.02172 780.5
0.02173 780.5
0.02174 780.5
0.02175 780.5
0.02176 780.5
0.02177 780.5
0.02178 780.5
0.02179 780.5
0.02180 780.5
0.02181 780.5
0.02182 780.5
0.02183 780.5
0.02184 780.5
0.02185 780.5
0.02186 780.5
0.02187 780.5
0.02188 780.5
0.02189 780.5
0.02190 780.5
0.02191 780.5
0.02192 780.5
0.02193 780.5
0.02194 780.5
0.02195 780.5
0.02196 780.5
0.02197 780.5
0.02198 780.5
0.02199 780.5
0.02200 780.5
0.02201 780.5
0.02202 780.5
0.02203 780.5
0.02204 780.5
0.02205 780.5
0.02206 780.5
0.02207 780.5
0.02208 780.5
0.02209 780.5
0.02210 780.5
0.02211 780.5
0.02212 780.5
0.02213 780.5
0.02214 780.5
0.02215 780.5
0.02216 780.5
0.02217 780.5
0.02218 780.5
0.02219 780.5
0.02220 780.5
0.02221 780.5
0.02222 780.5
0.02223 780.5
0.02224 780.5
0.02225 780.5
0.02226 780.5
0.02227 780.5
0.02228 780.5
0.02229 780.5
0.02230 780.5
0.02231 780.5
0.02232 780.5
0.02233 780.5
0.02234 780.5
0.02235 780.5
0.02236 780.5
0.02237 780.5
0.02238 780.5
0.02239 780.5
0.02240 780.5
0.02241 780.5
0.02242 780.5
0.02243 780.5
0.02244 780.5
0.02245 780.5
0.02246 780.5
0.02247 780.5
0.02248 780.5
0.02249 780.5
0.02250 780.5
0.02251 780.5
0.02252 780.5
0.02253 780.5
0.02254 780.5
0.02255 780.5
0.02256 780.5
0.02257 780.5
0.02258 780.5
0.02259 780.5
0.02260 780.5
0.02261 780.5
0.02262 780.5
0.02263 780.5
0.02264 780.5
0.02265 780.5
0.02266 780.5
0.02267 780.5
0.02268 780.5
0.02269 780.5
0.02270 780.5
0.02271 780.5
0.02272 780.5
0.02273 780.5
0.02274 780.5
0.02275 780.5
0.02276 780.5
0.02277 780.5
0.02278 780.5
0.02279 780.5
0.02280 780.5
0.02281 780.5
0.02282 780.5
0.02283 780.5
0.02284 780.5
0.02285 780.5
0.02286 780.5
0.02287 780.5
0.02288 780.5
0.02289 780.5
0.02290 780.5
0.02291 780.5
0.02292 780.5
0.02293 780.5
0.02294 780.5
0.02295 780.5
0.02296 780.5
0.02297 780.5
0.02298 780.5
0.02299 780.5
0.02300 780.5
0.02301 780.5
0.02302 780.5
0.02303 780.5
0.02304 780.5
0.02305 780.5
0.02306 780.5
0.02307 780.5
0.02308 780.5
0.02309 780.5
0.02310 780.5
0.02311 780.5
0.02312 780.5
0.02313 780.5
0.02314 780.5
0.02315 780.5
0.02316 780.5
0.02317 780.5
0.02318 780.5
0.02319 780.5
0.02320 780.5
0.02321 780.5
0.02322 780.5
0.02323 780.5
0.02324 780.5
0.02325 780.5
0.02326 780.5
0.02327 780.5
0.02328 780.5
0.02329 780.5
0.02330 780.5
0.02331 780.5
0.02332 780.5
0.02333 780.5
0.02334 780.5
0.02335 780.5
0.02336 780.5
0.02337 780.5
0.02338 780.5
0.02339 780.5
0.02340 780.5
0.02341 780.5
0.02342 780.5
0.02343 780.5
0.02344 780.5
0.02345 780.5
0.02346 780.5
0.02347 780.5
0.02348 780.5
0.02349 780.5
0.02350 780.5
0.02351 780.5
0.02352 780.5
0.02353 780.5
0.02354 780.5
0.02355 780.5
0.02356 780.5
0.02357 780.5
0.02358 780.5
0.02359 780.5
0.02360 780.5
0.02361 780.5
0.02362 780.5
0.02363 780.5
0.02364 780.5
0.02365 780.5
0.02366 780.5
0.02367 780.5
0.02368 780.5
0.02369 780.5
0.02370 780.5
0.02371 780.5
0.02372 780.5
0.02373 780.5
0.02374 780.5
0.02375 780.5
0.02376 780.5
0.02377 780.5
0.02378 780.5
0.02379 780.5
0.02380 780.5
0.02381 780.5
0.02382 780.5
0.02383 780.5
0.02384 780.5
0.02385 780.5
0.02386 780.5
0.02387 780.5
0.02388 780.5
0.02389 780.5
0.02390 780.5
0.02391 780.5
0.02392 780.5
0.02393 780.5
0.02394 780.5
0.02395 780.5
0.02396 780.5
0.02397 780.5
0.02398 780.5
0.02399 780.5
0.02400 780.5
0.02401 780.5
0.02402 780.5
0.02403 780.5
0.02404 780.5
0.02405 780.5
0.02406 780.5
0.02407 780.5
0.02408 780.5
0.02409 780.5
0.02410 780.5
0.02411 780.5
0.02412 780.5
0.02413 780.5
0.02414 780.5
0.02415 780.5
0.02416 780.5
0.02417 780.5
0.02418 780.5
0.02419 780.5
0.02420 780.5
0.02421 780.5
0.02422 780.5
0.02423 780.5
0.02424 780.5
0.02425 780.5
0.02426 780.5
0.02427 780.5
0.02428 780.5
0.02429 780.5
0.02430 780.5
0.02431 780.5
0.02432 780.5
0.02433 780.5
0.02434 780.5
0.02435 780.5
0.02436 780.5
0.02437 780.5
0.02438 780.5
0.02439 780.5
0.02440 780.5
0.02441 780.5
0.02442 780.5
0.02443 780.5
0.02444 780.5
0.02445 780.5
0.02446 780.5
0.02447 780.5
0.02448 780.5
0.02449 780.5
0.02450 780.5
0.02451 780.5
0.02452 780.5
0.02453 780.5
0.02454 780.5
0.02455 780.5
0.02456 780.5
0.02457 780.5
0.02458 780.5
0.02459 780.5
0.02460 780.5
0.02461 780.5
0.02462 780.5
0.02463 780.5
0.02464 780.5
0.02465 780.5
0.02466 780.5
0.02467 780.5
0.02468 780.5
0.02469 780.5
0.02470 780.5
0.02471 780.5
0.02472 780.5
0.02473 780.5
0.02474 780.5
0.02475 780.5
0.02476 780.5
0.02477 780.5
0.02478 780.5
0.02479 780.5
0.02480 780.5
0.02481 780.5
0.02482 780.5
0.02483 780.5
0.02484 780.5
0.02485 780.5
0.02486 780.5
0.02487 780.5
0.02488 780.5
0.02489 780.5
0.02490 780.5
0.02491 780.5
0.02492 780.5
0.02493 780.5
0.02494 780.5
0.02495 780.5
0.02496 780.5
0.02497 780.5
0.02498 780.5
0.02499 780.5
0.02500 780.5
0.02501 780.5
0.02502 780.5
0.02503 780.5
0.02504 780.5
0.02505 780.5
0.02506 780.5
0.02507 780.5
0.02508 780.5
0.02509 780.5
0.02510 780.5
0.02511 780.5
0.02512 780.5
0.02513 780.5
0.02514 780.5
0.02515 780.5
0.02516 780.5
0.02517 780.5
0.02518 780.5
0.02519 780.5
0.02520 780.5
0.02521 780.5
0.02522 780.5
0.02523 780.5
0.02524 780.5
0.02525 780.5
0.02526 780.5
0.02527 780.5
0.02528 780.5
0.02529 780.5
0.02530 780.5
0.02531 780.5
0.02532 780.5
0.02533 780.5
0.02534 780.5
0.02535 780.5
0.02536 780.5
0.02537 780.5
0.02538 780.5
0.02539 780.5
0.02540 780.5
0.02541 780.5
0.02542 780.5
0.02543 780.5
0.02544 780.5
0.02545 780.5
0.02546 780.5
0.02547 780.5
0.02548 780.5
0.02549 780.5
0.02550 780.5
0.02551 780.5
0.02552 780.5
0.02553 780.5
0.02554 780.5
0.02555 780.5
0.02556 780.5
0.02557 780.5
0.02558 780.5
0.02559 780.5
0.02560 780.5
0.02561 780.5
0.02562 780.5
0.02563 780.5
0.02564 780.5
0.02565 780.5
0.02566 780.5
0.02567 780.5
0.02568 780.5
0.02569 780.5
0.02570 780.5
0.02571 780.5
0.02572 780.5
0.02573 780.5
0.02574 780.5
0.02575 780.5
0.02576 780.5
0.02577 780.5
0.02578 780.5
0.02579 780.5
0.02580 780.5
0.02581 780.5
0.02582 780.5
0.02583 780.5
0.02584 780.5
0.02585 780.5
0.02586 780.5
0.02587 780.5
0.02588 780.5
0.02589 780.5
0.02590 780.5
0.02591 780.5
0.02592 780.5
0.02593 780.5
0.02594 780.5
0.02595 780.5
0.02596 780.5
0.02597 780.5
0.02598 780.5
0.02599 780.5
0.02600 780.5
0.02601 780.5
0.02602 780.5
0.02603 780.5
0.02604 780.5
0.02605 780.5
0.02606 780.5
0.02607 780.5
0.02608 780.5
0.02609 780.5
0.02610 780.5
0.02611 780.5
0.02612 780.5
0.02613 780.5
0.02614 780.5
0.02615 780.5
0.02616 780.5
0.02617 780.5
0.02618 780.5
0.02619 780.5
0.02620 780.5
0.02621 780.5
0.02622 780.5
0.02623 780.5
0.02624 780.5
0.02625 780.5
0.02626 780.5
0.02627 780.5
0.02628 780.5
0.02629 780.5
0.02630 780.5
0.02631 780.5
0.02632 780.5
0.02633 780.5
0.02634 780.5
0.02635 780.5
0.02636 780.5
0.02637 780.5
0.02638 780.5
0.02639 780.5
0.02640 780.5
0.02641 780.5
0.02642 780.5
0.02643 780.5
0.02644 780.5
0.02645 780.5
0.02646 780.5
0.02647 780.5
0.02648 780.5
0.02649 780.5
0.02650 780.5
0.02651 780.5
0.02652 780.5
0.02653 780.5
0.02654 780.5
0.02655 780.5
0.02656 780.5
0.02657 780.5
0.02658 780.5
0.02659 780.5
0.02660 780.5
0.02661 780.5
0.02662 780.5
0.02663 780.5
0.02664 780.5
0.02665 780.5
0.02666 780.5
0.02667 780.5
0.02668 780.5
0.02669 780.5
0.02670 780.5
0.02671 780.5
0.02672 780.5
0.02673 780.5
0.02674 780.5
0.02675 780.5
0.02676 780.5
0.02677 780.5
0.02678 780.5
0.02679 780.5
0.02680 780.5
0.02681 780.5
0.02682 780.5
0.02683 780.5
0.02684 780.5
0.02685 780.5
0.02686 780.5
0.02687 780.5
0.02688 780.5
0.02689 780.5
0.02690 780.5
0.02691 780.5
0.02692 780.5
0.02693 780.5
0.02694 780.5
0.02695 780.5
0.02696 780.5
0.02697 780.5
0.02698 780.5
0.02699 780.5
0.02700 780.5
0.02701 780.5
0.02702 780.5
0.02703 780.5
0.02704 780.5
0.02705 780.5
0.02706 780.5
0.02707 780.5
0.02708 780.5
0.02709 780.5
0.02710 780.5
0.02711 780.5
0.02712 780.5
0.02713 780.5
0.02714 780.5
0.02715 780.5
0.02716 780.5
0.02717 780.5
0.02718 780.5
0.02719 780.5
0.02720 780.5
0.02721 780.5
0.02722 780.5
0.02723 780.5
0.02724 780.5
0.02725 780.5
0.02726 780.5
0.02727 780.5
0.02728 780.5
0.02729 780.5
0.02730 780.5
0.02731 780.5
0.02732 780.5
0.02733 780.5
0.02734 780.5
0.02735 780.5
0.02736 780.5
0.02737 780.5
0.02738 780.5
0.02739 780.5
0.02740 780.5
0.02741 780.5
0.02742 780.5
0.02743 780.5
0.02744 780.5
0.02745 780.5
0.02746 780.5
0.02747 780.5
0.02748 780.5
0.02749 780.5
0.02750 780.5
0.02751 780.5
0.02752 780.5
0.02753 780.5
0.02754 780.5
0.02755 780.5
0.02756 780.5
0.02757 780.5
0.02758 780.5
0.02759 780.5
0.02760 780.5
0.02761 780.5
0.02762 780.5
0.02763 780.5
0.02764 780.5
0.02765 780.5
0.02766 780.5
0.02767 780.5
0.02768 780.5
0.02769 780.5
0.02770 780.5
0.02771 780.5
0.02772 780.5
0.02773 780.5
0.02774 780.5
0.02775 780.5
0.02776 780.5
0.02777 780.5
0.02778 780.5
0.02779 780.5
0.02780 780.5
0.02781 780.5
0.02782 780.5
0.02783 780.5
0.02784 780.5
0.02785 780.5
0.02786 780.5
0.02787 780.5
0.02788 780.5
0.02789 780.5
0.02790 780.5
0.02791 780.5
0.02792 780.5
0.02793 780.5
0.02794 780.5
0.02795 780.5
0.02796 780.5
0.02797 780.5
0.02798 780.5
0.02799 780.5
0.02800 780.5
0.02801 780.5
0.02802 780.5
0.02803 780.5
0.02804 780.5
0.02805 780.5
0.02806 780.5
0.02807 780.5
0.02808 780.5
0.02809 780.5
0.02810 780.5
0.02811 780.5
0.02812 780.5
0.02813 780.5
0.02814 780.5
0.02815 780.5
0.02816 780.5
0.02817 780.5
0.02818 780.5
0.02819 780.5
0.02820 780.5
0.02821 780.5
0.02822 780.5
0.02823 780.5
0.02824 780.5
0.02825 780.5
0.02826 780.5
0.02827 780.5
0.02828 780.5
0.02829 780.5
0.02830 780.5
0.02831 780.5
0.02832 780.5
0.02833 780.5
0.02834 780.5
0.02835 780.5
0.02836 780.5
0.02837 780.5
0.02838 780.5
0.02839 780.5
0.02840 780.5
0.02841 780.5
0.02842 780.5
0.02843 780.5
0.02844 780.5
0.02845 780.5
0.02846 780.5
0.02847 780.5
0.02848 780.5
0.02849 780.5
0.02850 780.5
0.02851 780.5
0.02852 780.5
0.02853 780.5
0.02854 780.5
0.02855 780.5
0.02856 780.5
0.02857 780.5
0.02858 780.5
0.02859 780.5
0.02860 780.5
0.02861 780.5
0.02862 780.5
0.02863 780.5
0.02864 780.5
0.02865 780.5
0.02866 780.5
0.02867 780.5
0.02868 780.5
0.02869 780.5
0.02870 780.5
0.02871 780.5
0.02872 780.5
0.02873 780.5
0.02874 780.5
0.02875 780.5
0.02876 780.5
0.02877 780.5
0.02878 780.5
0.02879 780.5
0.02880 780.5
0.02881 780.5
0.02882 780.5
0.02883 780.5
0.02884 780.5
0.02885 780.5
0.02886 780.5
0.02887 780.5
0.02888 780.5
0.02889 780.5
0.02890 780.5
0.02891 780.5
0.02892 780.5
0.02893 780.5
0.02894 780.5
0.02895 780.5
0.02896 780.5
0.02897 780.5
0.02898 780.5
0.02899 780.5
0.02900 780.5
0.02901 780.5
0.02902 780.5
0.02903 780.5
0.02904 780.5
0.02905 780.5
0.02906 780.5
0.02907 780.5
0.02908 780.5
0.02909 780.5
0.02910 780.5
0.02911 780.5
0.02912 780.5
0.02913 780.5
0.02914 780.5
0.02915 780.5
0.02916 780.5
0.02917 780.5
0.02918 780.5
0.02919 780.5
0.02920 780.5
0.02921 780.5
0.02922 780.5
0.02923 780.5
0.02924 780.5
0.02925 780.5
0.02926 780.5
0.02927 780.5
0.02928 780.5
0.02929 780.5
0.02930 780.5
0.02931 780.5
0.02932 780.5
0.02933 780.5
0.02934 780.5
0.02935 780.5
0.02936 780.5
0.02937 780.5
0.02938 780.5
0.02939 780.5
0.02940 780.5
0.02941 780.5
0.02942 780.5
0.02943 780.5
0.02944 780.5
0.02945 780.5
0.02946 780.5
0.02947 780.5
0.02948 780.5
0.02949 780.5
0.02950 780.5
0.02951 780.5
0.02952 780.5
0.02953 780.5
0.02954 780.5
0.02955 780.5
0.02956 780.5
0.02957 780.5
0.02958 780.5
0.02959 780.5
0.02960 780.5
0.02961 780.5
0.02962 780.5
0.02963 780.5
0.02964 780.5
0.02965 780.5
0.02966 780.5
0.02967 780.5
0.02968 780.5
0.02969 780.5
0.02970 780.5
0.02971 780.5
0.02972 780.5
0.02973 780.5
0.02974 780.5
0.02975 780.5
0.02976 780.5
0.02977 780.5
0.02978 780.5
0.02979 780.5
0.02980 780.5
0.02981 780.5
0.02982 780.5
0.02983 780.5
0.02984 780.5
0.02985 780.5
0.02986 780.5
0.02987 780.5
0.02988 780.5
0.02989 780.5
0.02990 780.5
0.02991 780.5
0.02992 780.5
0.02993 780.5
0.02994 780.5
0.02995 780.5
0.02996 780.5
0.02997 780.5
0.02998 780.5
0.02999 780.5
0.03000 780.5
0.03001 780.5
0.03002 780.5
0.03003 780.5
0.03004 780.5
0.03005 780.5
0.03006 780.5
0.03007 780.5
0.03008 780.5
0.03009 780.5
0.03010 780.5
0.03011 780.5
0.03012 780.5
0.03013 780.5
0.03014 780.5
0.03015 780.5
0.03016 780.5
0.03017 780.5
0.03018 780.5
0.03019 780.5
0.03020 780.5
0.03021 780.5
0.03022 780.5
0.03023 780.5
0.03024 780.5
0.03025 780.5
0.03026 780.5
0.03027 780.5
0.03028 780.5
0.03029 780.5
0.03030 780.5
0.03031 780.5
0.03032 780.5
0.03033 780.5
0.03034 780.5
0.03035 780.5
0.03036 780.5
0.03037 780.5
0.03038 780.5
0.03039 780.5
0.03040 780.5
0.03041 780.5
0.03042 780.5
0.03043 780.5
0.03044 780.5
0.03045 780.5
0.03046 780.5
0.03047 780.5
0.03048 780.5
0.03049 780.5
0.03050 780.5
0.03051 780.5
0.03052 780.5
0.03053 780.5
0.03054 780.5
0.03055 780.5
0.03056 780.5
0.03057 780.5
0.03058 780.5
0.03059 780.5
0.03060 780.5
0.03061 780.5
0.03062 780.5
0.03063 780.5
0.03064 780.5
0.03065 780.5
0.03066 780.5
0.03067 780.5
0.03068 780.5
0.03069 780.5
0.03070 780.5
0.03071 780.5
0.03072 780.5
0.03073 780.5
0.03074 780.5
0.03075 780.5
0.03076 780.5
0.03077 780.5
0.03078 780.5
0.03079 780.5
0.03080 780.5
0.03081 780.5
0.03082 780.5
0.03083 780.5
0.03084 780.5
0.03085 780.5
0.03086 780.5
0.03087 780.5
0.03088 780.5
0.03089 780.5
0.03090 780.5
0.03091 780.5
0.03092 780.5
0.03093 780.5
0.03094 780.5
0.03095 780.5
0.03096 780.5
0.03097 780.5
0.03098 780.5
0.03099 780.5
0.03100 780.5
0.03101 780.5
0.03102 780.5
0.03103 780.5
0.03104 780.5
0.03105 780.5
0.03106 780.5
0.03107 780.5
0.03108 780.5
0.03109 780.5
0.03110 780.5
0.03111 780.5
0.03112 780.5
0.03113 780.5
0.03114 780.5
0.03115 780.5
0.03116 780.5
0.03117 780.5
0.03118 780.5
0.03119 780.5
0.03120 780.5
0.03121 780.5
0.03122 780.5
0.03123 780.5
0.03124 780.5
0.03125 780.5
0.03126 780.5
0.03127 780.5
0.03128 780.5
0.03129 780.5
0.03130 780.5
0.03131 780.5
0.03132 780.5
0.03133 780.5
0.03134 780.5
0.03135 780.5
0.03136 780.5
0.03137 780.5
0.03138 780.5
0.03139 780.5
0.03140 780.5
0.03141 780.5
0.03142 780.5
0.03143 780.5
0.03144 780.5
0.03145 780.5
0.03146 780.5
0.03147 780.5
0.03148 780.5
0.03149 780.5
0.03150 780.5
0.03151 780.5
0.03152 780.5
0.03153 780.5
0.03154 780.5
0.03155 780.5
0.03156 780.5
0.03157 780.5
0.03158 780.5
0.03159 780.5
0.03160 780.5
0.03161 780.5
0.03162 780.5
0.03163 780.5
0.03164 780.5
0.03165 780.5
0.03166 780.5
0.03167 780.5
0.03168 780.5
0.03169 780.5
0.03170 780.5
0.03171 780.5
0.03172 780.5
0.03173 780.5
0.03174 780.5
0.03175 780.5
0.03176 780.5
0.03177 780.5
0.03178 780.5
0.03179 780.5
0.03180 780.5
0.03181 780.5
0.03182 780.5
0.03183 780.5
0.03184 780.5
0.03185 780.5
0.03186 780.5
0.03187 780.5
0.03188 780.5
0.03189 780.5
0.03190 780.5
0.03191 780.5
0.03192 780.5
0.03193 780.5
0.03194 780.5
0.03195 780.5
0.03196 780.5
0.03197 780.5
0.03198 780.5
0.03199 780.5
0.03200 780.5
0.03201 780.5
0.03202 780.5
0.03203 780.5
0.03204 780.5
0.03205 780.5
0.03206 780.5
0.03207 780.5
0.03208 780.5
0.03209 780.5
0.03210 780.5
0.03211 780.5
0.03212 780.5
0.03213 780.5
0.03214 780.5
0.03215 780.5
0.03216 780.5
0.03217 780.5
0.03218 780.5
0.03219 780.5
0.03220 780.5
0.03221 780.5
0.03222 780.5
0.03223 780.5
0.03224 780.5
0.03225 780.5
0.03226 780.5
0.03227 780.5
0.03228 780.5
0.03229 780.5
0.03230 780.5
0.03231 780.5
0.03232 780.5
0.03233 780.5
0.03234 780.5
0.03235 780.5
0.03236 780.5
0.03237 780.5
0.03238 780.5
0.03239 780.5
0.03240 780.5
0.03241 780.5
0.03242 780.5
0.03243 780.5
0.03244 780.5
0.03245 780.5
0.03246 780.5
0.03247 780.5
0.03248 780.5
0.03249 780.5
0.03250 780.5
0.03251 780.5
0.03252 780.5
0.03253 780.5
0.03254 780.5
0.03255 780.5
0.03256 780.5
0.03257 780.5
0.03258 780.5
0.03259 780.5
0.03260 780.5
0.03261 780.5
0.03262 780.5
0.03263 780.5
0.03264 780.5
0.03265 780.5
0.03266 780.5
0.03267 780.5
0.03268 780.5
0.03269 780.5
0.03270 780.5
0.03271 780.5
0.03272 780.5
0.03273 780.5
0.03274 780.5
0.03275 780.5
0.03276 780.5
0.03277 780.5
0.03278 780.5
0.03279 780.5
0.03280 780.5
0.03281 780.5
0.03282 780.5
0.03283 780.5
0.03284 780.5
0.03285 780.5
0.03286 780.5
0.03287 780.5
0.03288 780.5
0.03289 780.5
0.03290 780.5
0.03291 780.5
0.03292 780.5
0.03293 780.5
0.03294 780.5
0.03295 780.5
0.03296 780.5
0.03297 780.5
0.03298 780.5
0.03299 780.5
0.03300 780.5
0.03301 780.5
0.03302 780.5
0.03303 780.5
0.03304 780.5
0.03305 780.5
0.03306 780.5
0.03307 780.5
0.03308 780.5
0.03309 780.5
0.03310 780.5
0.03311 780.5
0.03312 780.5
0.03313 780.5
0.03314 780.5
0.03315 780.5
0.03316 780.5
0.03317 780.5
0.03318 780.5
0.03319 780.5
0.03320 780.5
0.03321 780.5
0.03322 780.5
0.03323 780.5
0.03324 780.5
0.03325 780.5
0.03326 780.5
0.03327 780.5
0.03328 780.5
0.03329 780.5
0.03330 780.5
0.03331 780.5
0.03332 780.5
0.03333 780.5
0.03334 780.5
0.03335 780.5
0.03336 780.5
0.03337 780.5
0.03338 780.5
0.03339 780.5
0.03340 780.5
0.03341 780.5
0.03342 780.5
0.03343 780.5
0.03344 780.5
0.03345 780.5
0.03346 780.5
0.03347 780.5
0.03348 780.5
0.03349 780.5
0.03350 780.5
0.03351 780.5
0.03352 780.5
0.03353 780.5
0.03354 780.5
0.03355 780.5
0.03356 780.5
0.03357 780.5
0.03358 780.5
0.03359 780.5
0.03360 780.5
0.03361 780.5
0.03362 780.5
0.03363 780.5
0.03364 780.5
0.03365 780.5
0.03366 780.5
0.03367 780.5
0.03368 780.5
0.03369 780.5
0.03370 780.5
0.03371 780.5
0.03372 780.5
0.03373 780.5
0.03374 780.5
0.03375 780.5
0.03376 780.5
0.03377 780.5
0.03378 780.5
0.03379 780.5
0.03380 780.5
0.03381 780.5
0.03382 780.5
0.03383 780.5
0.03384 780.5
0.03385 780.5
0.03386 780.5
0.03387 780.5
0.03388 780.5
0.03389 780.5
0.03390 780.5
0.03391 780.5
0.03392 780.5
0.03393 780.5
0.03394 780.5
0.03395 780.5
0.03396 780.5
0.03397 780.5
0.03398 780.5
0.03399 780.5
0.03400 780.5
0.03401 780.5
0.03402 780.5
0.03403 780.5
0.03404 780.5
0.03405 780.5
0.03406 780.5
0.03407 780.5
0.03408 780.5
0.03409 780.5
0.03410 780.5
0.03411 780.5
0.03412 780.5
0.03413 780.5
0.03414 780.5
0.03415 780.5
0.03416 780.5
0.03417 780.5
0.03418 780.5
0.03419 780.5
0.03420 780.5
0.03421 780.5
0.03422 780.5
0.03423 780.5
0.03424 780.5
0.03425 780.5
0.03426 780.5
0.03427 780.5
0.03428 780.5
0.03429 780.5
0.03430 780.5
0.03431 780.5
0.03432 780.5
0.03433 780.5
0.03434 780.5
0.03435 780.5
0.03436 780.5
0.03437 780.5
0.03438 780.5
0.03439 780.5
0.03440 780.5
0.03441 780.5
0.03442 780.5
0.03443 780.5
0.03444 780.5
0.03445 780.5
0.03446 780.5
0.03447 780.5
0.03448 780.5
0.03449 780.5
0.03450 780.5
0.03451 780.5
0.03452 780.5
0.03453 780.5
0.03454 780.5
0.03455 780.5
0.03456 780.5
0.03457 780.5
0.03458 780.5
0.03459 780.5
0.03460 780.5
0.03461 780.5
0.03462 780.5
0.03463 780.5
0.03464 780.5
0.03465 780.5
0.03466 780.5
0.03467 780.5
0.03468 780.5
0.03469 780.5
0.03470 780.5
0.03471 780.5
0.03472 780.5
0.03473 780.5
0.03474 780.5
0.03475 780.5
0.03476 780.5
0.03477 780.5
0.03478 780.5
0.03479 780.5
0.03480 780.5
0.03481 780.5
0.03482 780.5
0.03483 780.5
0.03484 780.5
0.03485 780.5
0.03486 780.5
0.03487 780.5
0.03488 780.5
0.03489 780.5
0.03490 780.5
0.03491 780.5
0.03492 780.5
0.03493 780.5
0.03494 780.5
0.03495 780.5
0.03496 780.5
0.03497 780.5
0.03498 780.5
0.03499 780.5
0.03500 780.5
0.03501 780.5
0.03502 780.5
0.03503 780.5
0.03504 780.5
0.03505 780.5
0.03506 780.5
0.03507 780.5
0.03508 780.5
0.03509 780.5
0.03510 780.5
0.03511 780.5
0.03512 780.5
0.03513 780.5
0.03514 780.5
0.03515 780.5
0.03516 780.5
0.03517 780.5
0.03518 780.5
0.03519 780.5
0.03520 780.5
0.03521 780.5
0.03522 780.5
0.03523 780.5
0.03524 780.5
0.03525 780.5
0.03526 780.5
0.03527 780.5
0.03528 780.5
0.03529 780.5
0.03530 780.5
0.03531 780.5
0.03532 780.5
0.03533 780.5
0.03534 780.5
0.03535 780.5
0.03536 780.5
0.03537 780.5
0.03538 780.5
0.03539 780.5
0.03540 780.5
0.03541 780.5
0.03542 780.5
0.03543 780.5
0.03544 780.5
0.03545 780.5
0.03546 780.5
0.03547 780.5
0.03548 780.5
0.03549 780.5
0.03550 780.5
0.03551 780.5
0.03552 780.5
0.03553 780.5
0.03554 780.5
0.03555 780.5
0.03556 780.5
0.03557 780.5
0.03558 780.5
0.03559 780.5
0.03560 780.5
0.03561 780.5
0.03562 780.5
0.03563 780.5
0.03564 780.5
0.03565 780.5
0.03566 780.5
0.03567 780.5
0.03568 780.5
0.03569 780.5
0.03570 780.5
0.03571 780.5
0.03572 780.5
0.03573 780.5
0.03574 780.5
0.03575 780.5
0.03576 780.5
0.03577 780.5
0.03578 780.5
0.03579 780.5
0.03580 780.5
0.03581 780.5
0.03582 780.5
0.03583 780.5
0.03584 780.5
0.03585 780.5
0.03586 780.5
0.03587 780.5
0.03588 780.5
0.03589 780.5
0.03590 780.5
0.03591 780.5
0.03592 780.5
0.03593 780.5
0.03594 780.5
0.03595 780.5
0.03596 780.5
0.03597 780.5
0.03598 780.5
0.03599 780.5
0.03600 780.5
0.03601 780.5
0.03602 780.5
0.03603 780.5
0.03604 780.5
0.03605 780.5
0.03606 780.5
0.03607 780.5
0.03608 780.5
0.03609 780.5
0.03610 780.5
0.03611 780.5
0.03612 780.5
0.03613 780.5
0.03614 780.5
0.03615 780.5
0.03616 780.5
0.03617 780.5
0.03618 780.5
0.03619 780.5
0.03620 780.5
0.03621 780.5
0.03622 780.5
0.03623 780.5
0.03624 780.5
0.03625 780.5
0.03626 780.5
0.03627 780.5
0.03628 780.5
0.03629 780.5
0.03630 780.5
0.03631 780.5
0.03632 780.5
0.03633 780.5
0.03634 780.5
0.03635 780.5
0.03636 780.5
0.03637 780.5
0.03638 780.5
0.03639 780.5
0.03640 780.5
0.03641 780.5
0.03642 780.5
0.03643 780.5
0.03644 780.5
0.03645 780.5
0.03646 780.5
0.03647 780.5
0.03648 780.5
0.03649 780.5
0.03650 780.5
0.03651 780.5
0.03652 780.5
0.03653 780.5
0.03654 780.5
0.03655 780.5
0.03656 780.5
0.03657 780.5
0.03658 780.5
0.03659 780.5
0.03660 780.5
0.03661 780.5
0.03662 780.5
0.03663 780.5
0.03664 780.5
0.03665 780.5
0.03666 780.5
0.03667 780.5
0.03668 780.5
0.03669 780.5
0.03670 780.5
0.03671 780.5
0.03672 780.5
0.03673 780.5
0.03674 780.5
0.03675 780.5
0.03676 780.5
0.03677 780.5
0.03678 780.5
0.03679 780.5
0.03680 780.5
0.03681 780.5
0.03682 780.5
0.03683 780.5
0.03684 780.5
0.03685 780.5
0.03686 780.5
0.03687 780.5
0.03688 780.5
0.03689 780.5
0.03690 780.5
0.03691 780.5
0.03692 780.5
0.03693 780.5
0.03694 780.5
0.03695 780.5
0.03696 780.5
0.03697 780.5
0.03698 780.5
0.03699 780.5
0.03700 780.5
0.03701 780.5
0.03702 780.5
0.03703 780.5
0.03704 780.5
0.03705 780.5
0.03706 780.5
0.03707 780.5
0.03708 780.5
0.03709 780.5
0.03710 780.5
0.03711 780.5
0.03712 780.5
0.03713 780.5
0.03714 780.5
0.03715 780.5
0.03716 780.5
0.03717 780.5
0.03718 780.5
0.03719 780.5
0.03720 780.5
0.03721 780.5
0.03722 780.5
0.03723 780.5
0.03724 780.5
0.03725 780.5
0.03726 780.5
0.03727 780.5
0.03728 780.5
0.03729 780.5
0.03730 780.5
0.03731 780.5
0.03732 780.5
0.03733 780.5
0.03734 780.5
0.03735 780.5
0.03736 780.5
0.03737 780.5
0.03738 780.5
0.03739 780.5
0.03740 780.5
0.03741 780.5
0.03742 780.5
0.03743 780.5
0.03744 780.5
0.03745 780.5
0.03746 780.5
0.03747 780.5
0.03748 780.5
0.03749 780.5
0.03750 780.5
0.03751 780.5
0.03752 780.5
0.03753 780.5
0.03754 780.5
0.03755 780.5
0.03756 780.5
0.03757 780.5
0.03758 780.5
0.03759 780.5
0.03760 780.5
0.03761 780.5
0.03762 780.5
0.03763 780.5
0.03764 780.5
0.03765 780.5
0.03766 780.5
0.03767 780.5
0.03768 780.5
0.03769 780.5
0.03770 780.5
0.03771 780.5
0.03772 780.5
0.03773 780.5
0.03774 780.5
0.03775 780.5
0.03776 780.5
0.03777 780.5
0.03778 780.5
0.03779 780.5
0.03780 780.5
0.03781 780.5
0.03782 780.5
0.03783 780.5
0.03784 780.5
0.03785 780.5
0.03786 780.5
0.03787 780.5
0.03788 780.5
0.03789 780.5
0.03790 780.5
0.03791 780.5
0.03792 780.5
0.03793 780.5
0.03794 780.5
0.03795 780.5
0.03796 780.5
0.03797 780.5
0.03798 780.5
0.03799 780.5
0.03800 780.5
0.03801 780.5
0.03802 780.5
0.03803 780.5
0.03804 780.5
0.03805 780.5
0.03806 780.5
0.03807 780.5
0.03808 780.5
0.03809 780.5
0.03810 780.5
0.03811 780.5
0.03812 780.5
0.03813 780.5
0.03814 780.5
0.03815 780.5
0.03816 780.5
0.03817 780.5
0.03818 780.5
0.03819 780.5
0.03820 780.5
0.03821 780.5
0.03822 780.5
0.03823 780.5
0.03824 780.5
0.03825 780.5
0.03826 780.5
0.03827 780.5
0.03828 780.5
0.03829 780.5
0.03830 780.5
0.03831 780.5
0.03832 780.5
0.03833 780.5
0.03834 780.5
0.03835 780.5
0.03836 780.5
0.03837 780.5
0.03838 780.5
0.03839 780.5
0.03840 780.5
0.03841 780.5
0.03842 780.5
0.03843 780.5
0.03844 780.5
0.03845 780.5
0.03846 780.5
0.03847 780.5
0.03848 780.5
0.03849 780.5
0.03850 780.5
0.03851 780.5
0.03852 780.5
0.03853 780.5
0.03854 780.5
0.03855 780.5
0.03856 780.5
0.03857 780.5
0.03858 780.5
0.03859 780.5
0.03860 780.5
0.03861 780.5
0.03862 780.5
0.03863 780.5
0.03864 780.5
0.03865 780.5
0.03866 780.5
0.03867 780.5
0.03868 780.5
0.03869 780.5
0.03870 780.5
0.03871 780.5
0.03872 780.5
0.03873 780.5
0.03874 780.5
0.03875 780.5
0.03876 780.5
0.03877 780.5
0.03878 780.5
0.03879 780.5
0.03880 780.5
0.03881 780.5
0.03882 780.5
0.03883 780.5
0.03884 780.5
0.03885 780.5
0.03886 780.5
0.03887 780.5
0.03888 780.5
0.03889 780.5
0.03890 780.5
0.03891 780.5
0.03892 780.5
0.03893 780.5
0.03894 780.5
0.03895 780.5
0.03896 780.5
0.03897 780.5
0.03898 780.5
0.03899 780.5
0.03900 780.5
0.03901 780.5
0.03902 780.5
0.03903 780.5
0.03904 780.5
0.03905 780.5
0.03906 780.5
0.03907 780.5
0.03908 780.5
0.03909 780.5
0.03910 780.5
0.03911 780.5
0.03912 780.5
0.03913 780.5
0.03914 780.5
0.03915 780.5
0.03916 780.5
0.03917 780.5
0.03918 780.5
0.03919 780.5
0.03920 780.5
0.03921 780.5
0.03922 780.5
0.03923 780.5
0.03924 780.5
0.03925 780.5
0.03926 780.5
0.03927 780.5
0.03928 780.5
0.03929 780.5
0.03930 780.5
0.03931 780.5
0.03932 780.5
0.03933 780.5
0.03934 780.5
0.03935 780.5
0.03936 780.5
0.03937 780.5
0.03938 780.5
0.03939 780.5
0.03940 780.5
0.03941 780.5
0.03942 780.5
0.03943 780.5
0.03944 780.5
0.03945 780.5
0.03946 780.5
0.03947 780.5
0.03948 780.5
0.03949 780.5
0.03950 780.5
0.03951 780.5
0.03952 780.5
0.03953 780.5
0.03954 780.5
0.03955 780.5
0.03956 780.5
0.03957 780.5
0.03958 780.5
0.03959 780.5
0.03960 780.5
0.03961 780.5
0.03962 780.5
0.03963 780.5
0.03964 780.5
0.03965 780.5
0.03966 780.5
0.03967 780.5
0.03968 780.5
0.03969 780.5
0.03970 780.5
0.03971 780.5
0.03972 780.5
0.03973 780.5
0.03974 780.5
0.03975 780.5
0.03976 780.5
0.03977 780.5
0.03978 780.5
0.03979 780.5
0.03980 780.5
0.03981 780.5
0.03982 780.5
0.03983 780.5
0.03984 780.5
0.03985 780.5
0.03986 780.5
0.03987 780.5
0.03988 780.5
0.03989 780.5
0.03990 780.5
0.03991 780.5
0.03992 780.5
0.03993 780.5
0.03994 780.5
0.03995 780.5
0.03996 780.5
0.03997 780.5
0.03998 780.5
0.03999 780.5
0.04000 780.5
0.04001 780.5
0.04002 780.5
0.04003 780.5
0.04004 780.5
0.04005 780.5
0.04006 780.5
0.04007 780.5
0.04008 780.5
0.04009 780.5
0.04010 780.5
0.04011 780.5
0.04012 780.5
0.04013 780.5
0.04014 780.5
0.04015 780.5
0.04016 780.5
0.04017 780.5
0.04018 780.5
0.04019 780.5
0.04020 780.5
0.04021 780.5
0.04022 780.5
0.04023 780.5
0.04024 780.5
0.04025 780.5
0.04026 780.5
0.04027 780.5
0.04028 780.5
0.04029 780.5
0.04030 780.5
0.04031 780.5
0.04032 780.5
0.04033 780.5
0.04034 780.5
0.04035 780.5
0.04036 780.5
0.04037 780.5
0.04038 780.5
0.04039 780.5
0.04040 780.5
0.04041 780.5
0.04042 780.5
0.04043 780.5
0.04044 780.5
0.04045 780.5
0.04046 780.5
0.04047 780.5
0.04048 780.5
0.04049 780.5
0.04050 780.5
0.04051 780.5
0.04052 780.5
0.04053 780.5
0.04054 780.5
0.04055 780.5
0.04056 780.5
0.04057 780.5
0.04058 780.5
0.04059 780.5
0.04060 780.5
0.04061 780.5
0.04062 780.5
0.04063 780.5
0.04064 780.5
0.04065 780.5
0.04066 780.5
0.04067 780.5
0.04068 780.5
0.04069 780.5
0.04070 780.5
0.04071 780.5
0.04072 780.5
0.04073 780.5
0.04074 780.5
0.04075 780.5
0.04076 780.5
0.04077 780.5
0.04078 780.5
0.04079 780.5
0.04080 780.5
0.04081 780.5
0.04082 780.5
0.04083 780.5
0.04084 780.5
0.04085 780.5
0.04086 780.5
0.04087 780.5
0.04088 780.5
0.04089 780.5
0.04090 780.5
0.04091 780.5
0.04092 780.5
0.04093 780.5
0.04094 780.5
0.04095 780.5
0.04096 780.5
0.04097 780.5
0.04098 780.5
0.04099 780.5
0.04100 780.5
0.04101 796.5
0.04102 812.8
0.04103 829.4
0.04104 846.3
0.04105 863.4
0.04106 880.9
0.04107 898.6
0.04108 916.7
0.04109 935.1
0.04110 953.8
0.04111 972.8
0.04112 992.1
0.04113 1011.8
0.04114 1031.8
0.04115 1052.1
0.04116 1072.8
0.04117 1093.9
0.04118 1115.3
0.04119 1137.1
0.04120 1159.3
0.04121 1182.0
0.04122 1205.0
0.04123 1228.5
0.04124 1252.4
0.04125 1276.9
0.04126 1301.8
0.04127 1327.3
0.04128 1353.3
0.04129 1380.0
0.04130 1407.3
0.04131 1435.4
0.04132 1464.3
0.04133 1494.0
0.04134 1524.7
0.04135 1556.5
0.04136 1589.5
0.04137 1623.8
0.04138 1659.7
0.04139 1697.3
0.04140 1736.8
0.04141 1778.7
0.04142 1823.1
0.04143 1870.6
0.04144 1921.5
0.04145 1976.6
0.04146 2036.5
0.04147 2102.0
0.04148 2174.2
0.04149 2254.3
0.04150 2343.9
0.04151 2395.9
0.04152 2458.6
0.04153 2533.4
0.04154 2622.2
0.04155 2727.0
0.04156 2850.7
0.04157 2996.1
0.04158 3166.9
0.04159 3367.1
0.04160 3601.0
0.04161 3872.8
0.04162 4186.0
0.04163 4542.1
0.04164 4939.3
0.04165 5370.9
0.04166 5824.2
0.04167 6281.9
0.04168 6724.4
0.04169 7134.8
0.04170 7501.4
0.04171 7819.0
0.04172 8087.5
0.04173 8310.2
0.04174 8491.7
0.04175 8636.9
0.04176 8750.5
0.04177 8836.4
0.04178 8898.0
0.04179 8938.3
0.04180 8959.5
0.04181 8963.6
0.04182 8952.3
0.04183 8926.9
0.04184 8888.5
0.04185 8838.1
0.04186 8776.5
0.04187 8704.4
0.04188 8622.5
0.04189 8531.4
0.04190 8431.5
0.04191 8323.6
0.04192 8207.9
0.04193 8085.2
0.04194 7955.7
0.04195 7820.1
0.04196 7678.9
0.04197 7532.6
0.04198 7381.6
0.04199 7226.6
0.04200 7068.1
0.04201 6906.6
0.04202 6742.7
0.04203 6577.0
0.04204 6409.8
0.04205 6241.9
0.04206 6073.7
0.04207 5905.8
0.04208 5738.5
0.04209 5572.4
0.04210 5407.9
0.04211 5245.4
0.04212 5085.3
0.04213 4927.9
0.04214 4773.5
0.04215 4622.5
0.04216 4475.0
0.04217 4331.2
0.04218 4191.4
0.04219 4055.7
0.04220 3924.1
0.04221 3796.8
0.04222 3673.8
0.04223 3555.1
0.04224 3440.8
0.04225 3330.8
0.04226 3225.0
0.04227 3123.5
0.04228 3026.0
0.04229 2932.6
0.04230 2843.2
0.04231 2757.5
0.04232 2675.6
0.04233 2597.3
0.04234 2522.4
0.04235 2450.8
0.04236 2382.5
0.04237 2317.2
0.04238 2254.8
0.04239 2195.2
0.04240 2138.3
0.04241 2083.9
0.04242 2032.0
0.04243 1982.3
0.04244 1934.9
0.04245 1889.5
0.04246 1846.1
0.04247 1804.6
0.04248 1764.8
0.04249 1726.8
0.04250 1690.3
0.04251 1655.4
0.04252 1621.9
0.04253 1589.7
0.04254 1558.9
0.04255 1529.2
0.04256 1500.8
0.04257 1473.4
0.04258 1447.2
0.04259 1421.9
0.04260 1397.6
0.04261 1374.1
0.04262 1351.6
0.04263 1329.9
0.04264 1309.0
0.04265 1288.9
0.04266 1269.4
0.04267 1250.7
0.04268 1232.7
0.04269 1215.3
0.04270 1198.5
0.04271 1182.3
0.04272 1166.7
0.04273 1151.7
0.04274 1137.2
0.04275 1123.2
0.04276 1109.7
0.04277 1096.7
0.04278 1084.1
0.04279 1072.0
0.04280 1060.3
0.04281 1049.1
0.04282 1038.2
0.04283 1027.8
0.04284 1017.7
0.04285 1008.0
0.04286 998.6
0.04287 989.6
0.04288 980.9
0.04289 972.5
0.04290 964.4
0.04291 956.6
0.04292 949.1
0.04293 941.9
0.04294 935.0
0.04295 928.3
0.04296 921.8
0.04297 915.6
0.04298 909.6
0.04299 903.8
0.04300 898.2
0.04301 892.8
0.04302 887.6
0.04303 882.6
0.04304 877.8
0.04305 873.2
0.04306 868.7
0.04307 864.4
0.04308 860.2
0.04309 856.2
0.04310 852.3
0.04311 848.5
0.04312 844.9
0.04313 841.4
0.04314 838.1
0.04315 834.8
0.04316 831.7
0.04317 828.6
0.04318 825.7
0.04319 822.8
0.04320 820.1
0.04321 817.5
0.04322 814.9
0.04323 812.4
0.04324 810.0
0.04325 807.7
0.04326 805.5
0.04327 803.3
0.04328 801.2
0.04329 799.2
0.04330 797.2
0.04331 795.3
0.04332 793.4
0.04333 791.6
0.04334 789.9
0.04335 788.2
0.04336 786.6
0.04337 785.0
0.04338 783.5
0.04339 782.0
0.04340 780.6
0.04341 779.2
0.04342 777.9
0.04343 776.6
0.04344 775.3
0.04345 774.1
0.04346 772.9
0.04347 771.7
0.04348 770.6
0.04349 769.5
0.04350 768.4
0.04351 767.4
0.04352 766.4
0.04353 765.4
0.04354 764.5
0.04355 763.6
0.04356 762.7
0.04357 761.8
0.04358 761.0
0.04359 760.2
0.04360 759.4
0.04361 758.6
0.04362 757.9
0.04363 757.1
0.04364 756.4
0.04365 755.7
0.04366 755.1
0.04367 754.4
0.04368 753.8
0.04369 753.2
0.04370 752.6
0.04371 752.0
0.04372 751.4
0.04373 750.9
0.04374 750.4
0.04375 749.8
0.04376 749.3
0.04377 748.8
0.04378 748.4
0.04379 747.9
0.04380 747.4
0.04381 747.0
0.04382 746.6
0.04383 746.1
0.04384 745.7
0.04385 745.3
0.04386 745.0
0.04387 744.6
0.04388 744.2
0.04389 743.9
0.04390 743.5
0.04391 743.2
0.04392 742.8
0.04393 742.5
0.04394 742.2
0.04395 741.9
0.04396 741.6
0.04397 741.3
0.04398 741.0
0.04399 740.8
0.04400 740.5
0.04401 740.2
0.04402 740.0
0.04403 739.7
0.04404 739.5
0.04405 739.3
0.04406 739.0
0.04407 738.8
0.04408 738.6
0.04409 738.4
0.04410 738.2
0.04411 738.0
0.04412 737.8
0.04413 737.6
0.04414 737.4
0.04415 737.2
0.04416 737.0
0.04417 736.9
0.04418 736.7
0.04419 736.5
0.04420 736.4
0.04421 736.2
0.04422 736.1
0.04423 735.9
0.04424 735.8
0.04425 735.7
0.04426 735.5
0.04427 735.4
0.04428 735.3
0.04429 735.1
0.04430 735.0
0.04431 734.9
0.04432 734.8
0.04433 734.7
0.04434 734.6
0.04435 734.5
0.04436 734.4
0.04437 734.3
0.04438 734.2
0.04439 734.1
0.04440 734.0
0.04441 733.9
0.04442 733.8
0.04443 733.7
0.04444 733.6
0.04445 733.6
0.04446 733.5
0.04447 733.4
0.04448 733.3
0.04449 733.3
0.04450 733.2
0.04451 733.1
0.04452 733.1
0.04453 733.0
0.04454 732.9
0.04455 732.9
0.04456 732.8
0.04457 732.8
0.04458 732.7
0.04459 732.7
0.04460 732.6
0.04461 732.6
0.04462 732.5
0.04463 732.5
0.04464 732.4
0.04465 732.4
0.04466 732.3
0.04467 732.3
0.04468 732.3
0.04469 732.2
0.04470 732.2
0.04471 732.2
0.04472 732.1
0.04473 732.1
0.04474 732.1
0.04475 732.0
0.04476 732.0
0.04477 732.0
0.04478 732.0
0.04479 731.9
0.04480 731.9
0.04481 731.9
0.04482 731.9
0.04483 731.9
0.04484 731.8
0.04485 731.8
0.04486 731.8
0.04487 731.8
0.04488 731.8
0.04489 731.8
0.04490 731.8
0.04491 731.7
0.04492 731.7
0.04493 731.7
0.04494 731.7
0.04495 731.7
0.04496 731.7
0.04497 731.7
0.04498 731.7
0.04499 731.7
0.04500 731.7
0.04501 731.7
0.04502 731.7
0.04503 731.7
0.04504 731.7
0.04505 731.7
0.04506 731.7
0.04507 731.7
0.04508 731.7
0.04509 731.7
0.04510 731.7
0.04511 731.7
0.04512 731.7
0.04513 731.7
0.04514 731.7
0.04515 731.7
0.04516 731.7
0.04517 731.7
0.04518 731.7
0.04519 731.7
0.04520 731.8
0.04521 731.8
0.04522 731.8
0.04523 731.8
0.04524 731.8
0.04525 731.8
0.04526 731.8
0.04527 731.8
0.04528 731.9
0.04529 731.9
0.04530 731.9
0.04531 731.9
0.04532 731.9
0.04533 731.9
0.04534 731.9
0.04535 732.0
0.04536 732.0
0.04537 732.0
0.04538 732.0
0.04539 732.0
0.04540 732.1
0.04541 732.1
0.04542 732.1
0.04543 732.1
0.04544 732.1
0.04545 732.2
0.04546 732.2
0.04547 732.2
0.04548 732.2
0.04549 732.2
0.04550 732.3
0.04551 732.3
0.04552 732.3
0.04553 732.3
0.04554 732.4
0.04555 732.4
0.04556 732.4
0.04557 732.4
0.04558 732.5
0.04559 732.5
0.04560 732.5
0.04561 732.5
0.04562 732.6
0.04563 732.6
0.04564 732.6
0.04565 732.6
0.04566 732.7
0.04567 732.7
0.04568 732.7
0.04569 732.8
0.04570 732.8
0.04571 732.8
0.04572 732.8
0.04573 732.9
0.04574 732.9
0.04575 732.9
0.04576 733.0
0.04577 733.0
0.04578 733.0
0.04579 733.1
0.04580 733.1
0.04581 733.1
0.04582 733.1
0.04583 733.2
0.04584 733.2
0.04585 733.2
0.04586 733.3
0.04587 733.3
0.04588 733.3
0.04589 733.4
0.04590 733.4
0.04591 733.4
0.04592 733.5
0.04593 733.5
0.04594 733.5
0.04595 733.6
0.04596 733.6
0.04597 733.6
0.04598 733.7
0.04599 733.7
0.04600 733.8
0.04601 733.8
0.04602 733.8
0.04603 733.9
0.04604 733.9
0.04605 733.9
0.04606 734.0
0.04607 734.0
0.04608 734.0
0.04609 734.1
0.04610 734.1
0.04611 734.2
0.04612 734.2
0.04613 734.2
0.04614 734.3
0.04615 734.3
0.04616 734.3
0.04617 734.4
0.04618 734.4
0.04619 734.5
0.04620 734.5
0.04621 734.5
0.04622 734.6
0.04623 734.6
0.04624 734.7
0.04625 734.7
0.04626 734.7
0.04627 734.8
0.04628 734.8
0.04629 734.9
0.04630 734.9
0.04631 734.9
0.04632 735.0
0.04633 735.0
0.04634 735.1
0.04635 735.1
0.04636 735.1
0.04637 735.2
0.04638 735.2
0.04639 735.3
0.04640 735.3
0.04641 735.3
0.04642 735.4
0.04643 735.4
0.04644 735.5
0.04645 735.5
0.04646 735.5
0.04647 735.6
0.04648 735.6
0.04649 735.7
0.04650 735.7
0.04651 735.8
0.04652 735.8
0.04653 735.8
0.04654 735.9
0.04655 735.9
0.04656 736.0
0.04657 736.0
0.04658 736.1
0.04659 736.1
0.04660 736.1
0.04661 736.2
0.04662 736.2
0.04663 736.3
0.04664 736.3
0.04665 736.4
0.04666 736.4
0.04667 736.4
0.04668 736.5
0.04669 736.5
0.04670 736.6
0.04671 736.6
0.04672 736.7
0.04673 736.7
0.04674 736.8
0.04675 736.8
0.04676 736.8
0.04677 736.9
0.04678 736.9
0.04679 737.0
0.04680 737.0
0.04681 737.1
0.04682 737.1
0.04683 737.2
0.04684 737.2
0.04685 737.3
0.04686 737.3
0.04687 737.3
0.04688 737.4
0.04689 737.4
0.04690 737.5
0.04691 737.5
0.04692 737.6
0.04693 737.6
0.04694 737.7
0.04695 737.7
0.04696 737.8
0.04697 737.8
0.04698 737.8
0.04699 737.9
0.04700 737.9
0.04701 738.0
0.04702 738.0
0.04703 738.1
0.04704 738.1
0.04705 738.2
0.04706 738.2
0.04707 738.3
0.04708 738.3
0.04709 738.4
0.04710 738.4
0.04711 738.4
0.04712 738.5
0.04713 738.5
0.04714 738.6
0.04715 738.6
0.04716 738.7
0.04717 738.7
0.04718 738.8
0.04719 738.8
0.04720 738.9
0.04721 738.9
0.04722 739.0
0.04723 739.0
0.04724 739.1
0.04725 739.1
0.04726 739.2
0.04727 739.2
0.04728 739.2
0.04729 739.3
0.04730 739.3
0.04731 739.4
0.04732 739.4
0.04733 739.5
0.04734 739.5
0.04735 739.6
0.04736 739.6
0.04737 739.7
0.04738 739.7
0.04739 739.8
0.04740 739.8
0.04741 739.9
0.04742 739.9
0.04743 740.0
0.04744 740.0
0.04745 740.1
0.04746 740.1
0.04747 740.2
0.04748 740.2
0.04749 740.3
0.04750 740.3
0.04751 740.3
0.04752 740.4
0.04753 740.4
0.04754 740.5
0.04755 740.5
0.04756 740.6
0.04757 740.6
0.04758 740.7
0.04759 740.7
0.04760 740.8
0.04761 740.8
0.04762 740.9
0.04763 740.9
0.04764 741.0
0.04765 741.0
0.04766 741.1
0.04767 741.1
0.04768 741.2
0.04769 741.2
0.04770 741.3
0.04771 741.3
0.04772 741.4
0.04773 741.4
0.04774 741.5
0.04775 741.5
0.04776 741.6
0.04777 741.6
0.04778 741.7
0.04779 741.7
0.04780 741.8
0.04781 741.8
0.04782 741.9
0.04783 741.9
0.04784 741.9
0.04785 742.0
0.04786 742.0
0.04787 742.1
0.04788 742.1
0.04789 742.2
0.04790 742.2
0.04791 742.3
0.04792 742.3
0.04793 742.4
0.04794 742.4
0.04795 742.5
0.04796 742.5
0.04797 742.6
0.04798 742.6
0.04799 742.7
0.04800 742.7
0.04801 742.8
0.04802 742.8
0.04803 742.9
0.04804 742.9
0.04805 743.0
0.04806 743.0
0.04807 743.1
0.04808 743.1
0.04809 743.2
0.04810 743.2
0.04811 743.3
0.04812 743.3
0.04813 743.4
0.04814 743.4
0.04815 743.5
0.04816 743.5
0.04817 743.6
0.04818 743.6
0.04819 743.7
0.04820 743.7
0.04821 743.8
0.04822 743.8
0.04823 743.9
0.04824 743.9
0.04825 744.0
0.04826 744.0
0.04827 744.1
0.04828 744.1
0.04829 744.1
0.04830 744.2
0.04831 744.2
0.04832 744.3
0.04833 744.3
0.04834 744.4
0.04835 744.4
0.04836 744.5
0.04837 744.5
0.04838 744.6
0.04839 744.6
0.04840 744.7
0.04841 744.7
0.04842 744.8
0.04843 744.8
0.04844 744.9
0.04845 744.9
0.04846 745.0
0.04847 745.0
0.04848 745.1
0.04849 745.1
0.04850 745.2
0.04851 745.2
0.04852 745.3
0.04853 745.3
0.04854 745.4
0.04855 745.4
0.04856 745.5
0.04857 745.5
0.04858 745.6
0.04859 745.6
0.04860 745.7
0.04861 745.7
0.04862 745.8
0.04863 745.8
0.04864 745.9
0.04865 745.9
0.04866 745.9
0.04867 746.0
0.04868 746.0
0.04869 746.1
0.04870 746.1
0.04871 746.2
0.04872 746.2
0.04873 746.3
0.04874 746.3
0.04875 746.4
0.04876 746.4
0.04877 746.5
0.04878 746.5
0.04879 746.6
0.04880 746.6
0.04881 746.7
0.04882 746.7
0.04883 746.8
0.04884 746.8
0.04885 746.9
0.04886 746.9
0.04887 747.0
0.04888 747.0
0.04889 747.1
0.04890 747.1
0.04891 747.2
0.04892 747.2
0.04893 747.2
0.04894 747.3
0.04895 747.3
0.04896 747.4
0.04897 747.4
0.04898 747.5
0.04899 747.5
0.04900 747.6
0.04901 747.6
0.04902 747.7
0.04903 747.7
0.04904 747.8
0.04905 747.8
0.04906 747.9
0.04907 747.9
0.04908 748.0
0.04909 748.0
0.04910 748.1
0.04911 748.1
0.04912 748.2
0.04913 748.2
0.04914 748.3
0.04915 748.3
0.04916 748.3
0.04917 748.4
0.04918 748.4
0.04919 748.5
0.04920 748.5
0.04921 748.6
0.04922 748.6
0.04923 748.7
0.04924 748.7
0.04925 748.8
0.04926 748.8
0.04927 748.9
0.04928 748.9
0.04929 749.0
0.04930 749.0
0.04931 749.1
0.04932 749.1
0.04933 749.1
0.04934 749.2
0.04935 749.2
0.04936 749.3
0.04937 749.3
0.04938 749.4
0.04939 749.4
0.04940 749.5
0.04941 749.5
0.04942 749.6
0.04943 749.6
0.04944 749.7
0.04945 749.7
0.04946 749.8
0.04947 749.8
0.04948 749.8
0.04949 749.9
0.04950 749.9
0.04951 750.0
0.04952 750.0
0.04953 750.1
0.04954 750.1
0.04955 750.2
0.04956 750.2
0.04957 750.3
0.04958 750.3
0.04959 750.4
0.04960 750.4
0.04961 750.4
0.04962 750.5
0.04963 750.5
0.04964 750.6
0.04965 750.6
0.04966 750.7
0.04967 750.7
0.04968 750.8
0.04969 750.8
0.04970 750.9
0.04971 750.9
0.04972 750.9
0.04973 751.0
0.04974 751.0
0.04975 751.1
0.04976 751.1
0.04977 751.2
0.04978 751.2
0.04979 751.3
0.04980 751.3
0.04981 751.4
0.04982 751.4
0.04983 751.4
0.04984 751.5
0.04985 751.5
0.04986 751.6
0.04987 751.6
0.04988 751.7
0.04989 751.7
0.04990 751.8
0.04991 751.8
0.04992 751.8
0.04993 751.9
0.04994 751.9
0.04995 752.0
0.04996 752.0
0.04997 752.1
0.04998 752.1
0.04999 752.2
0.05000 752.2
0.05001 752.2
0.05002 752.3
0.05003 752.3
0.05004 752.4
0.05005 752.4
0.05006 752.5
0.05007 752.5
0.05008 752.6
0.05009 752.6
0.05010 752.6
0.05011 752.7
0.05012 752.7
0.05013 752.8
0.05014 752.8
0.05015 752.9
0.05016 752.9
0.05017 753.0
0.05018 753.0
0.05019 753.0
0.05020 753.1
0.05021 753.1
0.05022 753.2
0.05023 753.2
0.05024 753.3
0.05025 753.3
0.05026 753.3
0.05027 753.4
0.05028 753.4
0.05029 753.5
0.05030 753.5
0.05031 753.6
0.05032 753.6
0.05033 753.6
0.05034 753.7
0.05035 753.7
0.05036 753.8
0.05037 753.8
0.05038 753.9
0.05039 753.9
0.05040 753.9
0.05041 754.0
0.05042 754.0
0.05043 754.1
0.05044 754.1
0.05045 754.2
0.05046 754.2
0.05047 754.2
0.05048 754.3
0.05049 754.3
0.05050 754.4
0.05051 754.4
0.05052 754.5
0.05053 754.5
0.05054 754.5
0.05055 754.6
0.05056 754.6
0.05057 754.7
0.05058 754.7
0.05059 754.7
0.05060 754.8
0.05061 754.8
0.05062 754.9
0.05063 754.9
0.05064 755.0
0.05065 755.0
0.05066 755.0
0.05067 755.1
0.05068 755.1
0.05069 755.2
0.05070 755.2
0.05071 755.2
0.05072 755.3
0.05073 755.3
0.05074 755.4
0.05075 755.4
0.05076 755.4
0.05077 755.5
0.05078 755.5
0.05079 755.6
0.05080 755.6
0.05081 755.7
0.05082 755.7
0.05083 755.7
0.05084 755.8
0.05085 755.8
0.05086 755.9
0.05087 755.9
0.05088 755.9
0.05089 756.0
0.05090 756.0
0.05091 756.1
0.05092 756.1
0.05093 756.1
0.05094 756.2
0.05095 756.2
0.05096 756.3
0.05097 756.3
0.05098 756.3
0.05099 756.4
0.05100 756.4
0.05101 756.5
0.05102 756.5
0.05103 756.5
0.05104 756.6
0.05105 756.6
0.05106 756.7
0.05107 756.7
0.05108 756.7
0.05109 756.8
0.05110 756.8
0.05111 756.9
0.05112 756.9
0.05113 756.9
0.05114 757.0
0.05115 757.0
0.05116 757.0
0.05117 757.1
0.05118 757.1
0.05119 757.2
0.05120 757.2
0.05121 757.2
0.05122 757.3
0.05123 757.3
0.05124 757.4
0.05125 757.4
0.05126 757.4
0.05127 757.5
0.05128 757.5
0.05129 757.6
0.05130 757.6
0.05131 757.6
0.05132 757.7
0.05133 757.7
0.05134 757.7
0.05135 757.8
0.05136 757.8
0.05137 757.9
0.05138 757.9
0.05139 757.9
0.05140 758.0
0.05141 758.0
0.05142 758.0
0.05143 758.1
0.05144 758.1
0.05145 758.2
0.05146 758.2
0.05147 758.2
0.05148 758.3
0.05149 758.3
0.05150 758.3
0.05151 758.4
0.05152 758.4
0.05153 758.5
0.05154 758.5
0.05155 758.5
0.05156 758.6
0.05157 758.6
0.05158 758.6
0.05159 758.7
0.05160 758.7
0.05161 758.8
0.05162 758.8
0.05163 758.8
0.05164 758.9
0.05165 758.9
0.05166 758.9
0.05167 759.0
0.05168 759.0
0.05169 759.0
0.05170 759.1
0.05171 759.1
0.05172 759.2
0.05173 759.2
0.05174 759.2
0.05175 759.3
0.05176 759.3
0.05177 759.3
0.05178 759.4
0.05179 759.4
0.05180 759.4
0.05181 759.5
0.05182 759.5
0.05183 759.6
0.05184 759.6
0.05185 759.6
0.05186 759.7
0.05187 759.7
0.05188 759.7
0.05189 759.8
0.05190 759.8
0.05191 759.8
0.05192 759.9
0.05193 759.9
0.05194 759.9
0.05195 760.0
0.05196 760.0
0.05197 760.0
0.05198 760.1
0.05199 760.1
0.05200 760.2
0.05201 760.2
0.05202 760.2
0.05203 760.3
0.05204 760.3
0.05205 760.3
0.05206 760.4
0.05207 760.4
0.05208 760.4
0.05209 760.5
0.05210 760.5
0.05211 760.5
0.05212 760.6
0.05213 760.6
0.05214 760.6
0.05215 760.7
0.05216 760.7
0.05217 760.7
0.05218 760.8
0.05219 760.8
0.05220 760.8
0.05221 760.9
0.05222 760.9
0.05223 760.9
0.05224 761.0
0.05225 761.0
0.05226 761.0
0.05227 761.1
0.05228 761.1
0.05229 761.1
0.05230 761.2
0.05231 761.2
0.05232 761.2
0.05233 761.3
0.05234 761.3
0.05235 761.3
0.05236 761.4
0.05237 761.4
0.05238 761.4
0.05239 761.5
0.05240 761.5
0.05241 761.5
0.05242 761.6
0.05243 761.6
0.05244 761.6
0.05245 761.7
0.05246 761.7
0.05247 761.7
0.05248 761.8
0.05249 761.8
0.05250 761.8
0.05251 761.9
0.05252 761.9
0.05253 761.9
0.05254 762.0
0.05255 762.0
0.05256 762.0
0.05257 762.1
0.05258 762.1
0.05259 762.1
0.05260 762.2
0.05261 762.2
0.05262 762.2
0.05263 762.3
0.05264 762.3
0.05265 762.3
0.05266 762.3
0.05267 762.4
0.05268 762.4
0.05269 762.4
0.05270 762.5
0.05271 762.5
0.05272 762.5
0.05273 762.6
0.05274 762.6
0.05275 762.6
0.05276 762.7
0.05277 762.7
0.05278 762.7
0.05279 762.8
0.05280 762.8
0.05281 762.8
0.05282 762.8
0.05283 762.9
0.05284 762.9
0.05285 762.9
0.05286 763.0
0.05287 763.0
0.05288 763.0
0.05289 763.1
0.05290 763.1
0.05291 763.1
0.05292 763.2
0.05293 763.2
0.05294 763.2
0.05295 763.2
0.05296 763.3
0.05297 763.3
0.05298 763.3
0.05299 763.4
0.05300 763.4
0.05301 763.4
0.05302 763.5
0.05303 763.5
0.05304 763.5
0.05305 763.5
0.05306 763.6
0.05307 763.6
0.05308 763.6
0.05309 763.7
0.05310 763.7
0.05311 763.7
0.05312 763.8
0.05313 763.8
0.05314 763.8
0.05315 763.8
0.05316 763.9
0.05317 763.9
0.05318 763.9
0.05319 764.0
0.05320 764.0
0.05321 764.0
0.05322 764.0
0.05323 764.1
0.05324 764.1
0.05325 764.1
0.05326 764.2
0.05327 764.2
0.05328 764.2
0.05329 764.2
0.05330 764.3
0.05331 764.3
0.05332 764.3
0.05333 764.4
0.05334 764.4
0.05335 764.4
0.05336 764.4
0.05337 764.5
0.05338 764.5
0.05339 764.5
0.05340 764.6
0.05341 764.6
0.05342 764.6
0.05343 764.6
0.05344 764.7
0.05345 764.7
0.05346 764.7
0.05347 764.8
0.05348 764.8
0.05349 764.8
0.05350 764.8
0.05351 764.9
0.05352 764.9
0.05353 764.9
0.05354 764.9
0.05355 765.0
0.05356 765.0
0.05357 765.0
0.05358 765.1
0.05359 765.1
0.05360 765.1
0.05361 765.1
0.05362 765.2
0.05363 765.2
0.05364 765.2
0.05365 765.2
0.05366 765.3
0.05367 765.3
0.05368 765.3
0.05369 765.4
0.05370 765.4
0.05371 765.4
0.05372 765.4
0.05373 765.5
0.05374 765.5
0.05375 765.5
0.05376 765.5
0.05377 765.6
0.05378 765.6
0.05379 765.6
0.05380 765.6
0.05381 765.7
0.05382 765.7
0.05383 765.7
0.05384 765.7
0.05385 765.8
0.05386 765.8
0.05387 765.8
0.05388 765.9
0.05389 765.9
0.05390 765.9
0.05391 765.9
0.05392 766.0
0.05393 766.0
0.05394 766.0
0.05395 766.0
0.05396 766.1
0.05397 766.1
0.05398 766.1
0.05399 766.1
0.05400 766.2
0.05401 766.2
0.05402 766.2
0.05403 766.2
0.05404 766.3
0.05405 766.3
0.05406 766.3
0.05407 766.3
0.05408 766.4
0.05409 766.4
0.05410 766.4
0.05411 766.4
0.05412 766.5
0.05413 766.5
0.05414 766.5
0.05415 766.5
0.05416 766.6
0.05417 766.6
0.05418 766.6
0.05419 766.6
0.05420 766.7
0.05421 766.7
0.05422 766.7
0.05423 766.7
0.05424 766.8
0.05425 766.8
0.05426 766.8
0.05427 766.8
0.05428 766.9
0.05429 766.9
0.05430 766.9
0.05431 766.9
0.05432 767.0
0.05433 767.0
0.05434 767.0
0.05435 767.0
0.05436 767.0
0.05437 767.1
0.05438 767.1
0.05439 767.1
0.05440 767.1
0.05441 767.2
0.05442 767.2
0.05443 767.2
0.05444 767.2
0.05445 767.3
0.05446 767.3
0.05447 767.3
0.05448 767.3
0.05449 767.4
0.05450 767.4
0.05451 767.4
0.05452 767.4
0.05453 767.4
0.05454 767.5
0.05455 767.5
0.05456 767.5
0.05457 767.5
0.05458 767.6
0.05459 767.6
0.05460 767.6
0.05461 767.6
0.05462 767.7
0.05463 767.7
0.05464 767.7
0.05465 767.7
0.05466 767.7
0.05467 767.8
0.05468 767.8
0.05469 767.8
0.05470 767.8
0.05471 767.9
0.05472 767.9
0.05473 767.9
0.05474 767.9
0.05475 767.9
0.05476 768.0
0.05477 768.0
0.05478 768.0
0.05479 768.0
0.05480 768.1
0.05481 768.1
0.05482 768.1
0.05483 768.1
0.05484 768.1
0.05485 768.2
0.05486 768.2
0.05487 768.2
0.05488 768.2
0.05489 768.3
0.05490 768.3
0.05491 768.3
0.05492 768.3
0.05493 768.3
0.05494 768.4
0.05495 768.4
0.05496 768.4
0.05497 768.4
0.05498 768.5
0.05499 768.5
0.05500 768.5
0.05501 768.5
0.05502 768.5
0.05503 768.6
0.05504 768.6
0.05505 768.6
0.05506 768.6
0.05507 768.6
0.05508 768.7
0.05509 768.7
0.05510 768.7
0.05511 768.7
0.05512 768.7
0.05513 768.8
0.05514 768.8
0.05515 768.8
0.05516 768.8
0.05517 768.9
0.05518 768.9
0.05519 768.9
0.05520 768.9
0.05521 768.9
0.05522 769.0
0.05523 769.0
0.05524 769.0
0.05525 769.0
0.05526 769.0
0.05527 769.1
0.05528 769.1
0.05529 769.1
0.05530 769.1
0.05531 769.1
0.05532 769.2
0.05533 769.2
0.05534 769.2
0.05535 769.2
0.05536 769.2
0.05537 769.3
0.05538 769.3
0.05539 769.3
0.05540 769.3
0.05541 769.3
0.05542 769.4
0.05543 769.4
0.05544 769.4
0.05545 769.4
0.05546 769.4
0.05547 769.5
0.05548 769.5
0.05549 769.5
0.05550 769.5
0.05551 769.5
0.05552 769.6
0.05553 769.6
0.05554 769.6
0.05555 769.6
0.05556 769.6
0.05557 769.7
0.05558 769.7
0.05559 769.7
0.05560 769.7
0.05561 769.7
0.05562 769.7
0.05563 769.8
0.05564 769.8
0.05565 769.8
0.05566 769.8
0.05567 769.8
0.05568 769.9
0.05569 769.9
0.05570 769.9
0.05571 769.9
0.05572 769.9
0.05573 770.0
0.05574 770.0
0.05575 770.0
0.05576 770.0
0.05577 770.0
0.05578 770.0
0.05579 770.1
0.05580 770.1
0.05581 770.1
0.05582 770.1
0.05583 770.1
0.05584 770.2
0.05585 770.2
0.05586 770.2
0.05587 770.2
0.05588 770.2
0.05589 770.3
0.05590 770.3
0.05591 770.3
0.05592 770.3
0.05593 770.3
0.05594 770.3
0.05595 770.4
0.05596 770.4
0.05597 770.4
0.05598 770.4
0.05599 770.4
0.05600 770.4
0.05601 770.5
0.05602 770.5
0.05603 770.5
0.05604 770.5
0.05605 770.5
0.05606 770.6
0.05607 770.6
0.05608 770.6
0.05609 770.6
0.05610 770.6
0.05611 770.6
0.05612 770.7
0.05613 770.7
0.05614 770.7
0.05615 770.7
0.05616 770.7
0.05617 770.7
0.05618 770.8
0.05619 770.8
0.05620 770.8
0.05621 770.8
0.05622 770.8
0.05623 770.9
0.05624 770.9
0.05625 770.9
0.05626 770.9
0.05627 770.9
0.05628 770.9
0.05629 771.0
0.05630 771.0
0.05631 771.0
0.05632 771.0
0.05633 771.0
0.05634 771.0
0.05635 771.1
0.05636 771.1
0.05637 771.1
0.05638 771.1
0.05639 771.1
0.05640 771.1
0.05641 771.2
0.05642 771.2
0.05643 771.2
0.05644 771.2
0.05645 771.2
0.05646 771.2
0.05647 771.3
0.05648 771.3
0.05649 771.3
0.05650 771.3
0.05651 771.3
0.05652 771.3
0.05653 771.3
0.05654 771.4
0.05655 771.4
0.05656 771.4
0.05657 771.4
0.05658 771.4
0.05659 771.4
0.05660 771.5
0.05661 771.5
0.05662 771.5
0.05663 771.5
0.05664 771.5
0.05665 771.5
0.05666 771.6
0.05667 771.6
0.05668 771.6
0.05669 771.6
0.05670 771.6
0.05671 771.6
0.05672 771.7
0.05673 771.7
0.05674 771.7
0.05675 771.7
0.05676 771.7
0.05677 771.7
0.05678 771.7
0.05679 771.8
0.05680 771.8
0.05681 771.8
0.05682 771.8
0.05683 771.8
0.05684 771.8
0.05685 771.9
0.05686 771.9
0.05687 771.9
0.05688 771.9
0.05689 771.9
0.05690 771.9
0.05691 771.9
0.05692 772.0
0.05693 772.0
0.05694 772.0
0.05695 772.0
0.05696 772.0
0.05697 772.0
0.05698 772.0
0.05699 772.1
0.05700 772.1
0.05701 772.1
0.05702 772.1
0.05703 772.1
0.05704 772.1
0.05705 772.2
0.05706 772.2
0.05707 772.2
0.05708 772.2
0.05709 772.2
0.05710 772.2
0.05711 772.2
0.05712 772.3
0.05713 772.3
0.05714 772.3
0.05715 772.3
0.05716 772.3
0.05717 772.3
0.05718 772.3
0.05719 772.4
0.05720 772.4
0.05721 772.4
0.05722 772.4
0.05723 772.4
0.05724 772.4
0.05725 772.4
0.05726 772.5
0.05727 772.5
0.05728 772.5
0.05729 772.5
0.05730 772.5
0.05731 772.5
0.05732 772.5
0.05733 772.6
0.05734 772.6
0.05735 772.6
0.05736 772.6
0.05737 772.6
0.05738 772.6
0.05739 772.6
0.05740 772.6
0.05741 772.7
0.05742 772.7
0.05743 772.7
0.05744 772.7
0.05745 772.7
0.05746 772.7
0.05747 772.7
0.05748 772.8
0.05749 772.8
0.05750 772.8
0.05751 772.8
0.05752 772.8
0.05753 772.8
0.05754 772.8
0.05755 772.9
0.05756 772.9
0.05757 772.9
0.05758 772.9
0.05759 772.9
0.05760 772.9
0.05761 772.9
0.05762 772.9
0.05763 773.0
0.05764 773.0
0.05765 773.0
0.05766 773.0
0.05767 773.0
0.05768 773.0
0.05769 773.0
0.05770 773.0
0.05771 773.1
0.05772 773.1
0.05773 773.1
0.05774 773.1
0.05775 773.1
0.05776 773.1
0.05777 773.1
0.05778 773.2
0.05779 773.2
0.05780 773.2
0.05781 773.2
0.05782 773.2
0.05783 773.2
0.05784 773.2
0.05785 773.2
0.05786 773.3
0.05787 773.3
0.05788 773.3
0.05789 773.3
0.05790 773.3
0.05791 773.3
0.05792 773.3
0.05793 773.3
0.05794 773.4
0.05795 773.4
0.05796 773.4
0.05797 773.4
0.05798 773.4
0.05799 773.4
0.05800 773.4
0.05801 773.4
0.05802 773.5
0.05803 773.5
0.05804 773.5
0.05805 773.5
0.05806 773.5
0.05807 773.5
0.05808 773.5
0.05809 773.5
0.05810 773.5
0.05811 773.6
0.05812 773.6
0.05813 773.6
0.05814 773.6
0.05815 773.6
0.05816 773.6
0.05817 773.6
0.05818 773.6
0.05819 773.7
0.05820 773.7
0.05821 773.7
0.05822 773.7
0.05823 773.7
0.05824 773.7
0.05825 773.7
0.05826 773.7
0.05827 773.7
0.05828 773.8
0.05829 773.8
0.05830 773.8
0.05831 773.8
0.05832 773.8
0.05833 773.8
0.05834 773.8
0.05835 773.8
0.05836 773.9
0.05837 773.9
0.05838 773.9
0.05839 773.9
0.05840 773.9
0.05841 773.9
0.05842 773.9
0.05843 773.9
0.05844 773.9
0.05845 774.0
0.05846 774.0
0.05847 774.0
0.05848 774.0
0.05849 774.0
0.05850 774.0
0.05851 774.0
0.05852 774.0
0.05853 774.0
0.05854 774.1
0.05855 774.1
0.05856 774.1
0.05857 774.1
0.05858 774.1
0.05859 774.1
0.05860 774.1
0.05861 774.1
0.05862 774.1
0.05863 774.2
0.05864 774.2
0.05865 774.2
0.05866 774.2
0.05867 774.2
0.05868 774.2
0.05869 774.2
0.05870 774.2
0.05871 774.2
0.05872 774.3
0.05873 774.3
0.05874 774.3
0.05875 774.3
0.05876 774.3
0.05877 774.3
0.05878 774.3
0.05879 774.3
0.05880 774.3
0.05881 774.3
0.05882 774.4
0.05883 774.4
0.05884 774.4
0.05885 774.4
0.05886 774.4
0.05887 774.4
0.05888 774.4
0.05889 774.4
0.05890 774.4
0.05891 774.5
0.05892 774.5
0.05893 774.5
0.05894 774.5
0.05895 774.5
0.05896 774.5
0.05897 774.5
0.05898 774.5
0.05899 774.5
0.05900 774.5
0.05901 774.6
0.05902 774.6
0.05903 774.6
0.05904 774.6
0.05905 774.6
0.05906 774.6
0.05907 774.6
0.05908 774.6
0.05909 774.6
0.05910 774.6
0.05911 774.7
0.05912 774.7
0.05913 774.7
0.05914 774.7
0.05915 774.7
0.05916 774.7
0.05917 774.7
0.05918 774.7
0.05919 774.7
0.05920 774.7
0.05921 774.8
0.05922 774.8
0.05923 774.8
0.05924 774.8
0.05925 774.8
0.05926 774.8
0.05927 774.8
0.05928 774.8
0.05929 774.8
0.05930 774.8
0.05931 774.8
0.05932 774.9
0.05933 774.9
0.05934 774.9
0.05935 774.9
0.05936 774.9
0.05937 774.9
0.05938 774.9
0.05939 774.9
0.05940 774.9
0.05941 774.9
0.05942 775.0
0.05943 775.0
0.05944 775.0
0.05945 775.0
0.05946 775.0
0.05947 775.0
0.05948 775.0
0.05949 775.0
0.05950 775.0
0.05951 775.0
0.05952 775.0
0.05953 775.1
0.05954 775.1
0.05955 775.1
0.05956 775.1
0.05957 775.1
0.05958 775.1
0.05959 775.1
0.05960 775.1
0.05961 775.1
0.05962 775.1
0.05963 775.1
0.05964 775.2
0.05965 775.2
0.05966 775.2
0.05967 775.2
0.05968 775.2
0.05969 775.2
0.05970 775.2
0.05971 775.2
0.05972 775.2
0.05973 775.2
0.05974 775.2
0.05975 775.3
0.05976 775.3
0.05977 775.3
0.05978 775.3
0.05979 775.3
0.05980 775.3
0.05981 775.3
0.05982 775.3
0.05983 775.3
0.05984 775.3
0.05985 775.3
0.05986 775.3
0.05987 775.4
0.05988 775.4
0.05989 775.4
0.05990 775.4
0.05991 775.4
0.05992 775.4
0.05993 775.4
0.05994 775.4
0.05995 775.4
0.05996 775.4
0.05997 775.4
0.05998 775.5
0.05999 775.5
0.06000 780.5
0.06001 780.5
0.06002 780.5
0.06003 780.5
0.06004 780.5
0.06005 780.5
0.06006 780.5
0.06007 780.5
0.06008 780.5
0.06009 780.5
0.06010 780.5
0.06011 780.5
0.06012 780.5
0.06013 780.5
0.06014 780.5
0.06015 780.5
0.06016 780.5
0.06017 780.5
0.06018 780.5
0.06019 780.5
0.06020 780.5
0.06021 780.5
0.06022 780.5
0.06023 780.5
0.06024 780.5
0.06025 780.5
0.06026 780.5
0.06027 780.5
0.06028 780.5
0.06029 780.5
0.06030 780.5
0.06031 780.5
0.06032 780.5
0.06033 780.5
0.06034 780.5
0.06035 780.5
0.06036 780.5
0.06037 780.5
0.06038 780.5
0.06039 780.5
0.06040 780.5
0.06041 780.5
0.06042 780.5
0.06043 780.5
0.06044 780.5
0.06045 780.5
0.06046 780.5
0.06047 780.5
0.06048 780.5
0.06049 780.5
0.06050 780.5
0.06051 780.5
0.06052 780.5
0.06053 780.5
0.06054 780.5
0.06055 780.5
0.06056 780.5
0.06057 780.5
0.06058 780.5
0.06059 780.5
0.06060 780.5
0.06061 780.5
0.06062 780.5
0.06063 780.5
0.06064 780.5
0.06065 780.5
0.06066 780.5
0.06067 780.5
0.06068 780.5
0.06069 780.5
0.06070 780.5
0.06071 780.5
0.06072 780.5
0.06073 780.5
0.06074 780.5
0.06075 780.5
0.06076 780.5
0.06077 780.5
0.06078 780.5
0.06079 780.5
0.06080 780.5
0.06081 780.5
0.06082 780.5
0.06083 780.5
0.06084 780.5
0.06085 780.5
0.06086 780.5
0.06087 780.5
0.06088 780.5
0.06089 780.5
0.06090 780.5
0.06091 780.5
0.06092 780.5
0.06093 780.5
0.06094 780.5
0.06095 780.5
0.06096 780.5
0.06097 780.5
0.06098 780.5
0.06099 780.5
0.06100 780.5
0.06101 780.5
0.06102 780.5
0.06103 780.5
0.06104 780.5
0.06105 780.5
0.06106 780.5
0.06107 780.5
0.06108 780.5
0.06109 780.5
0.06110 780.5
0.06111 780.5
0.06112 780.5
0.06113 780.5
0.06114 780.5
0.06115 780.5
0.06116 780.5
0.06117 780.5
0.06118 780.5
0.06119 780.5
0.06120 780.5
0.06121 780.5
0.06122 780.5
0.06123 780.5
0.06124 780.5
0.06125 780.5
0.06126 780.5
0.06127 780.5
0.06128 780.5
0.06129 780.5
0.06130 780.5
0.06131 780.5
0.06132 780.5
0.06133 780.5
0.06134 780.5
0.06135 780.5
0.06136 780.5
0.06137 780.5
0.06138 780.5
0.06139 780.5
0.06140 780.5
0.06141 780.5
0.06142 780.5
0.06143 780.5
0.06144 780.5
0.06145 780.5
0.06146 780.5
0.06147 780.5
0.06148 780.5
0.06149 780.5
0.06150 780.5
0.06151 780.5
0.06152 780.5
0.06153 780.5
0.06154 780.5
0.06155 780.5
0.06156 780.5
0.06157 780.5
0.06158 780.5
0.06159 780.5
0.06160 780.5
0.06161 780.5
0.06162 780.5
0.06163 780.5
0.06164 780.5
0.06165 780.5
0.06166 780.5
0.06167 780.5
0.06168 780.5
0.06169 780.5
0.06170 780.5
0.06171 780.5
0.06172 780.5
0.06173 780.5
0.06174 780.5
0.06175 780.5
0.06176 780.5
0.06177 780.5
0.06178 780.5
0.06179 780.5
0.06180 780.5
0.06181 780.5
0.06182 780.5
0.06183 780.5
0.06184 780.5
0.06185 780.5
0.06186 780.5
0.06187 780.5
0.06188 780.5
0.06189 780.5
0.06190 780.5
0.06191 780.5
0.06192 780.5
0.06193 780.5
0.06194 780.5
0.06195 780.5
0.06196 780.5
0.06197 780.5
0.06198 780.5
0.06199 780.5
0.06200 780.5
0.06201 780.5
0.06202 780.5
0.06203 780.5
0.06204 780.5
0.06205 780.5
0.06206 780.5
0.06207 780.5
0.06208 780.5
0.06209 780.5
0.06210 780.5
0.06211 780.5
0.06212 780.5
0.06213 780.5
0.06214 780.5
0.06215 780.5
0.06216 780.5
0.06217 780.5
0.06218 780.5
0.06219 780.5
0.06220 780.5
0.06221 780.5
0.06222 780.5
0.06223 780.5
0.06224 780.5
0.06225 780.5
0.06226 780.5
0.06227 780.5
0.06228 780.5
0.06229 780.5
0.06230 780.5
0.06231 780.5
0.06232 780.5
0.06233 780.5
0.06234 780.5
0.06235 780.5
0.06236 780.5
0.06237 780.5
0.06238 780.5
0.06239 780.5
0.06240 780.5
0.06241 780.5
0.06242 780.5
0.06243 780.5
0.06244 780.5
0.06245 780.5
0.06246 780.5
0.06247 780.5
0.06248 780.5
0.06249 780.5
0.06250 780.5
0.06251 780.5
0.06252 780.5
0.06253 780.5
0.06254 780.5
0.06255 780.5
0.06256 780.5
0.06257 780.5
0.06258 780.5
0.06259 780.5
0.06260 780.5
0.06261 780.5
0.06262 780.5
0.06263 780.5
0.06264 780.5
0.06265 780.5
0.06266 780.5
0.06267 780.5
0.06268 780.5
0.06269 780.5
0.06270 780.5
0.06271 780.5
0.06272 780.5
0.06273 780.5
0.06274 780.5
0.06275 780.5
0.06276 780.5
0.06277 780.5
0.06278 780.5
0.06279 780.5
0.06280 780.5
0.06281 780.5
0.06282 780.5
0.06283 780.5
0.06284 780.5
0.06285 780.5
0.06286 780.5
0.06287 780.5
0.06288 780.5
0.06289 780.5
0.06290 780.5
0.06291 780.5
0.06292 780.5
0.06293 780.5
0.06294 780.5
0.06295 780.5
0.06296 780.5
0.06297 780.5
0.06298 780.5
0.06299 780.5
0.06300 780.5
0.06301 780.5
0.06302 780.5
0.06303 780.5
0.06304 780.5
0.06305 780.5
0.06306 780.5
0.06307 780.5
0.06308 780.5
0.06309 780.5
0.06310 780.5
0.06311 780.5
0.06312 780.5
0.06313 780.5
0.06314 780.5
0.06315 780.5
0.06316 780.5
0.06317 780.5
0.06318 780.5
0.06319 780.5
0.06320 780.5
0.06321 780.5
0.06322 780.5
0.06323 780.5
0.06324 780.5
0.06325 780.5
0.06326 780.5
0.06327 780.5
0.06328 780.5
0.06329 780.5
0.06330 780.5
0.06331 780.5
0.06332 780.5
0.06333 780.5
0.06334 780.5
0.06335 780.5
0.06336 780.5
0.06337 780.5
0.06338 780.5
0.06339 780.5
0.06340 780.5
0.06341 780.5
0.06342 780.5
0.06343 780.5
0.06344 780.5
0.06345 780.5
0.06346 780.5
0.06347 780.5
0.06348 780.5
0.06349 780.5
0.06350 780.5
0.06351 780.5
0.06352 780.5
0.06353 780.5
0.06354 780.5
0.06355 780.5
0.06356 780.5
0.06357 780.5
0.06358 780.5
0.06359 780.5
0.06360 780.5
0.06361 780.5
0.06362 780.5
0.06363 780.5
0.06364 780.5
0.06365 780.5
0.06366 780.5
0.06367 780.5
0.06368 780.5
0.06369 780.5
0.06370 780.5
0.06371 780.5
0.06372 780.5
0.06373 780.5
0.06374 780.5
0.06375 780.5
0.06376 780.5
0.06377 780.5
0.06378 780.5
0.06379 780.5
0.06380 780.5
0.06381 780.5
0.06382 780.5
0.06383 780.5
0.06384 780.5
0.06385 780.5
0.06386 780.5
0.06387 780.5
0.06388 780.5
0.06389 780.5
0.06390 780.5
0.06391 780.5
0.06392 780.5
0.06393 780.5
0.06394 780.5
0.06395 780.5
0.06396 780.5
0.06397 780.5
0.06398 780.5
0.06399 780.5
0.06400 780.5
0.06401 780.5
0.06402 780.5
0.06403 780.5
0.06404 780.5
0.06405 780.5
0.06406 780.5
0.06407 780.5
0.06408 780.5
0.06409 780.5
0.06410 780.5
0.06411 780.5
0.06412 780.5
0.06413 780.5
0.06414 780.5
0.06415 780.5
0.06416 780.5
0.06417 780.5
0.06418 780.5
0.06419 780.5
0.06420 780.5
0.06421 780.5
0.06422 780.5
0.06423 780.5
0.06424 780.5
0.06425 780.5
0.06426 780.5
0.06427 780.5
0.06428 780.5
0.06429 780.5
0.06430 780.5
0.06431 780.5
0.06432 780.5
0.06433 780.5
0.06434 780.5
0.06435 780.5
0.06436 780.5
0.06437 780.5
0.06438 780.5
0.06439 780.5
0.06440 780.5
0.06441 780.5
0.06442 780.5
0.06443 780.5
0.06444 780.5
0.06445 780.5
0.06446 780.5
0.06447 780.5
0.06448 780.5
0.06449 780.5
0.06450 780.5
0.06451 780.5
0.06452 780.5
0.06453 780.5
0.06454 780.5
0.06455 780.5
0.06456 780.5
0.06457 780.5
0.06458 780.5
0.06459 780.5
0.06460 780.5
0.06461 780.5
0.06462 780.5
0.06463 780.5
0.06464 780.5
0.06465 780.5
0.06466 780.5
0.06467 780.5
0.06468 780.5
0.06469 780.5
0.06470 780.5
0.06471 780.5
0.06472 780.5
0.06473 780.5
0.06474 780.5
0.06475 780.5
0.06476 780.5
0.06477 780.5
0.06478 780.5
0.06479 780.5
0.06480 780.5
0.06481 780.5
0.06482 780.5
0.06483 780.5
0.06484 780.5
0.06485 780.5
0.06486 780.5
0.06487 780.5
0.06488 780.5
0.06489 780.5
0.06490 780.5
0.06491 780.5
0.06492 780.5
0.06493 780.5
0.06494 780.5
0.06495 780.5
0.06496 780.5
0.06497 780.5
0.06498 780.5
0.06499 780.5
0.06500 780.5
0.06501 780.5
0.06502 780.5
0.06503 780.5
0.06504 780.5
0.06505 780.5
0.06506 780.5
0.06507 780.5
0.06508 780.5
0.06509 780.5
0.06510 780.5
0.06511 780.5
0.06512 780.5
0.06513 780.5
0.06514 780.5
0.06515 780.5
0.06516 780.5
0.06517 780.5
0.06518 780.5
0.06519 780.5
0.06520 780.5
0.06521 780.5
0.06522 780.5
0.06523 780.5
0.06524 780.5
0.06525 780.5
0.06526 780.5
0.06527 780.5
0.06528 780.5
0.06529 780.5
0.06530 780.5
0.06531 780.5
0.06532 780.5
0.06533 780.5
0.06534 780.5
0.06535 780.5
0.06536 780.5
0.06537 780.5
0.06538 780.5
0.06539 780.5
0.06540 780.5
0.06541 780.5
0.06542 780.5
0.06543 780.5
0.06544 780.5
0.06545 780.5
0.06546 780.5
0.06547 780.5
0.06548 780.5
0.06549 780.5
0.06550 780.5
0.06551 780.5
0.06552 780.5
0.06553 780.5
0.06554 780.5
0.06555 780.5
0.06556 780.5
0.06557 780.5
0.06558 780.5
0.06559 780.5
0.06560 780.5
0.06561 780.5
0.06562 780.5
0.06563 780.5
0.06564 780.5
0.06565 780.5
0.06566 780.5
0.06567 780.5
0.06568 780.5
0.06569 780.5
0.06570 780.5
0.06571 780.5
0.06572 780.5
0.06573 780.5
0.06574 780.5
0.06575 780.5
0.06576 780.5
0.06577 780.5
0.06578 780.5
0.06579 780.5
0.06580 780.5
0.06581 780.5
0.06582 780.5
0.06583 780.5
0.06584 780.5
0.06585 780.5
0.06586 780.5
0.06587 780.5
0.06588 780.5
0.06589 780.5
0.06590 780.5
0.06591 780.5
0.06592 780.5
0.06593 780.5
0.06594 780.5
0.06595 780.5
0.06596 780.5
0.06597 780.5
0.06598 780.5
0.06599 780.5
0.06600 780.5
0.06601 780.5
0.06602 780.5
0.06603 780.5
0.06604 780.5
0.06605 780.5
0.06606 780.5
0.06607 780.5
0.06608 780.5
0.06609 780.5
0.06610 780.5
0.06611 780.5
0.06612 780.5
0.06613 780.5
0.06614 780.5
0.06615 780.5
0.06616 780.5
0.06617 780.5
0.06618 780.5
0.06619 780.5
0.06620 780.5
0.06621 780.5
0.06622 780.5
0.06623 780.5
0.06624 780.5
0.06625 780.5
0.06626 780.5
0.06627 780.5
0.06628 780.5
0.06629 780.5
0.06630 780.5
0.06631 780.5
0.06632 780.5
0.06633 780.5
0.06634 780.5
0.06635 780.5
0.06636 780.5
0.06637 780.5
0.06638 780.5
0.06639 780.5
0.06640 780.5
0.06641 780.5
0.06642 780.5
0.06643 780.5
0.06644 780.5
0.06645 780.5
0.06646 780.5
0.06647 780.5
0.06648 780.5
0.06649 780.5
0.06650 780.5
0.06651 780.5
0.06652 780.5
0.06653 780.5
0.06654 780.5
0.06655 780.5
0.06656 780.5
0.06657 780.5
0.06658 780.5
0.06659 780.5
0.06660 780.5
0.06661 780.5
0.06662 780.5
0.06663 780.5
0.06664 780.5
0.06665 780.5
0.06666 780.5
0.06667 780.5
0.06668 780.5
0.06669 780.5
0.06670 780.5
0.06671 780.5
0.06672 780.5
0.06673 780.5
0.06674 780.5
0.06675 780.5
0.06676 780.5
0.06677 780.5
0.06678 780.5
0.06679 780.5
0.06680 780.5
0.06681 780.5
0.06682 780.5
0.06683 780.5
0.06684 780.5
0.06685 780.5
0.06686 780.5
0.06687 780.5
0.06688 780.5
0.06689 780.5
0.06690 780.5
0.06691 780.5
0.06692 780.5
0.06693 780.5
0.06694 780.5
0.06695 780.5
0.06696 780.5
0.06697 780.5
0.06698 780.5
0.06699 780.5
0.06700 780.5
0.06701 780.5
0.06702 780.5
0.06703 780.5
0.06704 780.5
0.06705 780.5
0.06706 780.5
0.06707 780.5
0.06708 780.5
0.06709 780.5
0.06710 780.5
0.06711 780.5
0.06712 780.5
0.06713 780.5
0.06714 780.5
0.06715 780.5
0.06716 780.5
0.06717 780.5
0.06718 780.5
0.06719 780.5
0.06720 780.5
0.06721 780.5
0.06722 780.5
0.06723 780.5
0.06724 780.5
0.06725 780.5
0.06726 780.5
0.06727 780.5
0.06728 780.5
0.06729 780.5
0.06730 780.5
0.06731 780.5
0.06732 780.5
0.06733 780.5
0.06734 780.5
0.06735 780.5
0.06736 780.5
0.06737 780.5
0.06738 780.5
0.06739 780.5
0.06740 780.5
0.06741 780.5
0.06742 780.5
0.06743 780.5
0.06744 780.5
0.06745 780.5
0.06746 780.5
0.06747 780.5
0.06748 780.5
0.06749 780.5
0.06750 780.5
0.06751 780.5
0.06752 780.5
0.06753 780.5
0.06754 780.5
0.06755 780.5
0.06756 780.5
0.06757 780.5
0.06758 780.5
0.06759 780.5
0.06760 780.5
0.06761 780.5
0.06762 780.5
0.06763 780.5
0.06764 780.5
0.06765 780.5
0.06766 780.5
0.06767 780.5
0.06768 780.5
0.06769 780.5
0.06770 780.5
0.06771 780.5
0.06772 780.5
0.06773 780.5
0.06774 780.5
0.06775 780.5
0.06776 780.5
0.06777 780.5
0.06778 780.5
0.06779 780.5
0.06780 780.5
0.06781 780.5
0.06782 780.5
0.06783 780.5
0.06784 780.5
0.06785 780.5
0.06786 780.5
0.06787 780.5
0.06788 780.5
0.06789 780.5
0.06790 780.5
0.06791 780.5
0.06792 780.5
0.06793 780.5
0.06794 780.5
0.06795 780.5
0.06796 780.5
0.06797 780.5
0.06798 780.5
0.06799 780.5
0.06800 780.5
0.06801 780.5
0.06802 780.5
0.06803 780.5
0.06804 780.5
0.06805 780.5
0.06806 780.5
0.06807 780.5
0.06808 780.5
0.06809 780.5
0.06810 780.5
0.06811 780.5
0.06812 780.5
0.06813 780.5
0.06814 780.5
0.06815 780.5
0.06816 780.5
0.06817 780.5
0.06818 780.5
0.06819 780.5
0.06820 780.5
0.06821 780.5
0.06822 780.5
0.06823 780.5
0.06824 780.5
0.06825 780.5
0.06826 780.5
0.06827 780.5
0.06828 780.5
0.06829 780.5
0.06830 780.5
0.06831 780.5
0.06832 780.5
0.06833 780.5
0.06834 780.5
0.06835 780.5
0.06836 780.5
0.06837 780.5
0.06838 780.5
0.06839 780.5
0.06840 780.5
0.06841 780.5
0.06842 780.5
0.06843 780.5
0.06844 780.5
0.06845 780.5
0.06846 780.5
0.06847 780.5
0.06848 780.5
0.06849 780.5
0.06850 780.5
0.06851 780.5
0.06852 780.5
0.06853 780.5
0.06854 780.5
0.06855 780.5
0.06856 780.5
0.06857 780.5
0.06858 780.5
0.06859 780.5
0.06860 780.5
0.06861 780.5
0.06862 780.5
0.06863 780.5
0.06864 780.5
0.06865 780.5
0.06866 780.5
0.06867 780.5
0.06868 780.5
0.06869 780.5
0.06870 780.5
0.06871 780.5
0.06872 780.5
0.06873 780.5
0.06874 780.5
0.06875 780.5
0.06876 780.5
0.06877 780.5
0.06878 780.5
0.06879 780.5
0.06880 780.5
0.06881 780.5
0.06882 780.5
0.06883 780.5
0.06884 780.5
0.06885 780.5
0.06886 780.5
0.06887 780.5
0.06888 780.5
0.06889 780.5
0.06890 780.5
0.06891 780.5
0.06892 780.5
0.06893 780.5
0.06894 780.5
0.06895 780.5
0.06896 780.5
0.06897 780.5
0.06898 780.5
0.06899 780.5
0.06900 780.5
0.06901 780.5
0.06902 780.5
0.06903 780.5
0.06904 780.5
0.06905 780.5
0.06906 780.5
0.06907 780.5
0.06908 780.5
0.06909 780.5
0.06910 780.5
0.06911 780.5
0.06912 780.5
0.06913 780.5
0.06914 780.5
0.06915 780.5
0.06916 780.5
0.06917 780.5
0.06918 780.5
0.06919 780.5
0.06920 780.5
0.06921 780.5
0.06922 780.5
0.06923 780.5
0.06924 780.5
0.06925 780.5
0.06926 780.5
0.06927 780.5
0.06928 780.5
0.06929 780.5
0.06930 780.5
0.06931 780.5
0.06932 780.5
0.06933 780.5
0.06934 780.5
0.06935 780.5
0.06936 780.5
0.06937 780.5
0.06938 780.5
0.06939 780.5
0.06940 780.5
0.06941 780.5
0.06942 780.5
0.06943 780.5
0.06944 780.5
0.06945 780.5
0.06946 780.5
0.06947 780.5
0.06948 780.5
0.06949 780.5
0.06950 780.5
0.06951 780.5
0.06952 780.5
0.06953 780.5
0.06954 780.5
0.06955 780.5
0.06956 780.5
0.06957 780.5
0.06958 780.5
0.06959 780.5
0.06960 780.5
0.06961 780.5
0.06962 780.5
0.06963 780.5
0.06964 780.5
0.06965 780.5
0.06966 780.5
0.06967 780.5
0.06968 780.5
0.06969 780.5
0.06970 780.5
0.06971 780.5
0.06972 780.5
0.06973 780.5
0.06974 780.5
0.06975 780.5
0.06976 780.5
0.06977 780.5
0.06978 780.5
0.06979 780.5
0.06980 780.5
0.06981 780.5
0.06982 780.5
0.06983 780.5
0.06984 780.5
0.06985 780.5
0.06986 780.5
0.06987 780.5
0.06988 780.5
0.06989 780.5
0.06990 780.5
0.06991 780.5
0.06992 780.5
0.06993 780.5
0.06994 780.5
0.06995 780.5
0.06996 780.5
0.06997 780.5
0.06998 780.5
0.06999 780.5
0.07000 780.5
