0.00000 826.6
0.00001 826.6
0.00002 826.6
0.00003 826.6
0.00004 826.6
0.00005 826.6
0.00006 826.6
0.00007 826.6
0.00008 826.6
0.00009 826.6
0.00010 826.6
0.00011 826.6
0.00012 826.6
0.00013 826.6
0.00014 826.6
0.00015 826.6
0.00016 826.6
0.00017 826.6
0.00018 826.6
0.00019 826.6
0.00020 826.6
0.00021 826.6
0.00022 826.6
0.00023 826.6
0.00024 826.6
0.00025 826.6
0.00026 826.6
0.00027 826.6
0.00028 826.6
0.00029 826.6
0.00030 826.6
0.00031 826.6
0.00032 826.6
0.00033 826.6
0.00034 826.6
0.00035 826.6
0.00036 826.6
0.00037 826.6
0.00038 826.6
0.00039 826.6
0.00040 826.6
0.00041 826.6
0.00042 826.6
0.00043 826.6
0.00044 826.6
0.00045 826.6
0.00046 826.6
0.00047 826.6
0.00048 826.6
0.00049 826.6
0.00050 826.6
0.00051 826.6
0.00052 826.6
0.00053 826.6
0.00054 826.6
0.00055 826.6
0.00056 826.6
0.00057 826.6
0.00058 826.6
0.00059 826.6
0.00060 826.6
0.00061 826.6
0.00062 826.6
0.00063 826.6
0.00064 826.6
0.00065 826.6
0.00066 826.6
0.00067 826.6
0.00068 826.6
0.00069 826.6
0.00070 826.6
0.00071 826.6
0.00072 826.6
0.00073 826.6
0.00074 826.6
0.00075 826.6
0.00076 826.6
0.00077 826.6
0.00078 826.6
0.00079 826.6
0.00080 826.6
0.00081 826.6
0.00082 826.6
0.00083 826.6
0.00084 826.6
0.00085 826.6
0.00086 826.6
0.00087 826.6
0.00088 826.6
0.00089 826.6
0.00090 826.6
0.00091 826.6
0.00092 826.6
0.00093 826.6
0.00094 826.6
0.00095 826.6
0.00096 826.6
0.00097 826.6
0.00098 826.6
0.00099 826.6
0.00100 826.6
0.00101 858.3
0.00102 891.0
0.00103 925.0
0.00104 960.1
0.00105 996.4
0.00106 1034.0
0.00107 1073.0
0.00108 1113.2
0.00109 1154.8
0.00110 1197.9
0.00111 1242.5
0.00112 1288.6
0.00113 1336.2
0.00114 1385.5
0.00115 1436.5
0.00116 1489.3
0.00117 1543.8
0.00118 1600.3
0.00119 1658.7
0.00120 1719.2
0.00121 1781.8
0.00122 1846.6
0.00123 1913.8
0.00124 1983.4
0.00125 2055.6
0.00126 2130.5
0.00127 2208.3
0.00128 2289.2
0.00129 2373.4
0.00130 2461.2
0.00131 2552.8
0.00132 2648.7
0.00133 2749.1
0.00134 2854.6
0.00135 2965.7
0.00136 3083.0
0.00137 3207.4
0.00138 3339.7
0.00139 3481.0
0.00140 3632.7
0.00141 3796.3
0.00142 3973.8
0.00143 4167.4
0.00144 4380.0
0.00145 4615.1
0.00146 4877.1
0.00147 5171.5
0.00148 5505.0
0.00149 5886.3
0.00150 6326.6
0.00151 6589.2
0.00152 6911.7
0.00153 7306.0
0.00154 7786.7
0.00155 8373.0
0.00156 9089.0
0.00157 9965.7
0.00158 11042.7
0.00159 12369.3
0.00160 14006.4
0.00161 16025.9
0.00162 18506.8
0.00163 21526.0
0.00164 25139.5
0.00165 29355.3
0.00166 34105.2
0.00167 39230.1
0.00168 44498.2
0.00169 49654.6
0.00170 54479.7
0.00171 58825.1
0.00172 62618.8
0.00173 65847.4
0.00174 68534.0
0.00175 70719.3
0.00176 72449.8
0.00177 73771.6
0.00178 74727.0
0.00179 75353.9
0.00180 75685.3
0.00181 75750.0
0.00182 75573.1
0.00183 75176.2
0.00184 74578.7
0.00185 73797.6
0.00186 72848.2
0.00187 71744.8
0.00188 70500.4
0.00189 69127.5
0.00190 67638.1
0.00191 66043.7
0.00192 64355.7
0.00193 62585.3
0.00194 60743.6
0.00195 58841.4
0.00196 56889.8
0.00197 54899.4
0.00198 52880.7
0.00199 50843.9
0.00200 48799.0
0.00201 46755.6
0.00202 44722.8
0.00203 42709.0
0.00204 40722.2
0.00205 38769.9
0.00206 36858.5
0.00207 34994.1
0.00208 33181.9
0.00209 31426.2
0.00210 29730.7
0.00211 28098.4
0.00212 26531.6
0.00213 25031.8
0.00214 23599.9
0.00215 22236.4
0.00216 20940.9
0.00217 19713.0
0.00218 18551.4
0.00219 17454.7
0.00220 16421.2
0.00221 15448.8
0.00222 14535.3
0.00223 13678.3
0.00224 12875.2
0.00225 12123.6
0.00226 11420.7
0.00227 10764.0
0.00228 10150.8
0.00229 9578.6
0.00230 9044.8
0.00231 8547.1
0.00232 8083.1
0.00233 7650.5
0.00234 7247.3
0.00235 6871.4
0.00236 6520.8
0.00237 6193.9
0.00238 5888.8
0.00239 5604.0
0.00240 5338.1
0.00241 5089.6
0.00242 4857.3
0.00243 4640.0
0.00244 4436.5
0.00245 4245.8
0.00246 4067.1
0.00247 3899.4
0.00248 3741.9
0.00249 3593.9
0.00250 3454.7
0.00251 3323.7
0.00252 3200.2
0.00253 3083.8
0.00254 2974.0
0.00255 2870.2
0.00256 2772.2
0.00257 2679.4
0.00258 2591.6
0.00259 2508.4
0.00260 2429.6
0.00261 2354.8
0.00262 2283.8
0.00263 2216.4
0.00264 2152.4
0.00265 2091.5
0.00266 2033.5
0.00267 1978.4
0.00268 1925.9
0.00269 1875.9
0.00270 1828.2
0.00271 1782.8
0.00272 1739.5
0.00273 1698.3
0.00274 1658.9
0.00275 1621.3
0.00276 1585.4
0.00277 1551.1
0.00278 1518.4
0.00279 1487.2
0.00280 1457.4
0.00281 1428.9
0.00282 1401.7
0.00283 1375.6
0.00284 1350.8
0.00285 1327.0
0.00286 1304.3
0.00287 1282.5
0.00288 1261.7
0.00289 1241.9
0.00290 1222.8
0.00291 1204.6
0.00292 1187.2
0.00293 1170.5
0.00294 1154.6
0.00295 1139.3
0.00296 1124.6
0.00297 1110.6
0.00298 1097.2
0.00299 1084.3
0.00300 1071.9
0.00301 1060.1
0.00302 1048.7
0.00303 1037.8
0.00304 1027.4
0.00305 1017.3
0.00306 1007.7
0.00307 998.4
0.00308 989.5
0.00309 981.0
0.00310 972.8
0.00311 964.9
0.00312 957.3
0.00313 949.9
0.00314 942.9
0.00315 936.1
0.00316 929.6
0.00317 923.3
0.00318 917.3
0.00319 911.5
0.00320 905.9
0.00321 900.5
0.00322 895.2
0.00323 890.2
0.00324 885.3
0.00325 880.7
0.00326 876.1
0.00327 871.8
0.00328 867.6
0.00329 863.5
0.00330 859.6
0.00331 855.8
0.00332 852.1
0.00333 848.5
0.00334 845.1
0.00335 841.8
0.00336 838.6
0.00337 835.5
0.00338 832.5
0.00339 829.6
0.00340 826.8
0.00341 824.0
0.00342 821.4
0.00343 818.8
0.00344 816.4
0.00345 814.0
0.00346 811.7
0.00347 809.4
0.00348 807.2
0.00349 805.1
0.00350 803.1
0.00351 801.1
0.00352 799.1
0.00353 797.3
0.00354 795.5
0.00355 793.7
0.00356 792.0
0.00357 790.3
0.00358 788.7
0.00359 787.2
0.00360 785.7
0.00361 784.2
0.00362 782.8
0.00363 781.4
0.00364 780.0
0.00365 778.7
0.00366 777.4
0.00367 776.2
0.00368 775.0
0.00369 773.8
0.00370 772.7
0.00371 771.6
0.00372 770.5
0.00373 769.5
0.00374 768.5
0.00375 767.5
0.00376 766.5
0.00377 765.6
0.00378 764.7
0.00379 763.8
0.00380 762.9
0.00381 762.1
0.00382 761.3
0.00383 760.5
0.00384 759.7
0.00385 759.0
0.00386 758.3
0.00387 757.5
0.00388 756.9
0.00389 756.2
0.00390 755.5
0.00391 754.9
0.00392 754.3
0.00393 753.7
0.00394 753.1
0.00395 752.5
0.00396 752.0
0.00397 751.4
0.00398 750.9
0.00399 750.4
0.00400 749.9
0.00401 749.4
0.00402 748.9
0.00403 748.4
0.00404 748.0
0.00405 747.6
0.00406 747.1
0.00407 746.7
0.00408 746.3
0.00409 745.9
0.00410 745.5
0.00411 745.2
0.00412 744.8
0.00413 744.4
0.00414 744.1
0.00415 743.8
0.00416 743.4
0.00417 743.1
0.00418 742.8
0.00419 742.5
0.00420 742.2
0.00421 741.9
0.00422 741.6
0.00423 741.4
0.00424 741.1
0.00425 740.8
0.00426 740.6
0.00427 740.3
0.00428 740.1
0.00429 739.9
0.00430 739.6
0.00431 739.4
0.00432 739.2
0.00433 739.0
0.00434 738.8
0.00435 738.6
0.00436 738.4
0.00437 738.2
0.00438 738.0
0.00439 737.9
0.00440 737.7
0.00441 737.5
0.00442 737.4
0.00443 737.2
0.00444 737.1
0.00445 736.9
0.00446 736.8
0.00447 736.6
0.00448 736.5
0.00449 736.4
0.00450 736.2
0.00451 736.1
0.00452 736.0
0.00453 735.9
0.00454 735.8
0.00455 735.7
0.00456 735.6
0.00457 735.5
0.00458 735.4
0.00459 735.3
0.00460 735.2
0.00461 735.1
0.00462 735.0
0.00463 734.9
0.00464 734.8
0.00465 734.7
0.00466 734.7
0.00467 734.6
0.00468 734.5
0.00469 734.5
0.00470 734.4
0.00471 734.3
0.00472 734.3
0.00473 734.2
0.00474 734.2
0.00475 734.1
0.00476 734.1
0.00477 734.0
0.00478 734.0
0.00479 733.9
0.00480 733.9
0.00481 733.8
0.00482 733.8
0.00483 733.8
0.00484 733.7
0.00485 733.7
0.00486 733.7
0.00487 733.6
0.00488 733.6
0.00489 733.6
0.00490 733.6
0.00491 733.6
0.00492 733.5
0.00493 733.5
0.00494 733.5
0.00495 733.5
0.00496 733.5
0.00497 733.5
0.00498 733.5
0.00499 733.4
0.00500 733.4
0.00501 733.4
0.00502 733.4
0.00503 733.4
0.00504 733.4
0.00505 733.4
0.00506 733.4
0.00507 733.4
0.00508 733.4
0.00509 733.4
0.00510 733.4
0.00511 733.5
0.00512 733.5
0.00513 733.5
0.00514 733.5
0.00515 733.5
0.00516 733.5
0.00517 733.5
0.00518 733.5
0.00519 733.6
0.00520 733.6
0.00521 733.6
0.00522 733.6
0.00523 733.6
0.00524 733.7
0.00525 733.7
0.00526 733.7
0.00527 733.7
0.00528 733.7
0.00529 733.8
0.00530 733.8
0.00531 733.8
0.00532 733.9
0.00533 733.9
0.00534 733.9
0.00535 734.0
0.00536 734.0
0.00537 734.0
0.00538 734.0
0.00539 734.1
0.00540 734.1
0.00541 734.2
0.00542 734.2
0.00543 734.2
0.00544 734.3
0.00545 734.3
0.00546 734.3
0.00547 734.4
0.00548 734.4
0.00549 734.5
0.00550 734.5
0.00551 734.6
0.00552 734.6
0.00553 734.6
0.00554 734.7
0.00555 734.7
0.00556 734.8
0.00557 734.8
0.00558 734.9
0.00559 734.9
0.00560 735.0
0.00561 735.0
0.00562 735.1
0.00563 735.1
0.00564 735.2
0.00565 735.2
0.00566 735.3
0.00567 735.3
0.00568 735.4
0.00569 735.4
0.00570 735.5
0.00571 735.5
0.00572 735.6
0.00573 735.6
0.00574 735.7
0.00575 735.8
0.00576 735.8
0.00577 735.9
0.00578 735.9
0.00579 736.0
0.00580 736.0
0.00581 736.1
0.00582 736.2
0.00583 736.2
0.00584 736.3
0.00585 736.3
0.00586 736.4
0.00587 736.5
0.00588 736.5
0.00589 736.6
0.00590 736.6
0.00591 736.7
0.00592 736.8
0.00593 736.8
0.00594 736.9
0.00595 737.0
0.00596 737.0
0.00597 737.1
0.00598 737.2
0.00599 737.2
0.00600 737.3
0.00601 737.3
0.00602 737.4
0.00603 737.5
0.00604 737.6
0.00605 737.6
0.00606 737.7
0.00607 737.8
0.00608 737.8
0.00609 737.9
0.00610 738.0
0.00611 738.0
0.00612 738.1
0.00613 738.2
0.00614 738.2
0.00615 738.3
0.00616 738.4
0.00617 738.5
0.00618 738.5
0.00619 738.6
0.00620 738.7
0.00621 738.7
0.00622 738.8
0.00623 738.9
0.00624 739.0
0.00625 739.0
0.00626 739.1
0.00627 739.2
0.00628 739.3
0.00629 739.3
0.00630 739.4
0.00631 739.5
0.00632 739.5
0.00633 739.6
0.00634 739.7
0.00635 739.8
0.00636 739.9
0.00637 739.9
0.00638 740.0
0.00639 740.1
0.00640 740.2
0.00641 740.2
0.00642 740.3
0.00643 740.4
0.00644 740.5
0.00645 740.5
0.00646 740.6
0.00647 740.7
0.00648 740.8
0.00649 740.9
0.00650 740.9
0.00651 741.0
0.00652 741.1
0.00653 741.2
0.00654 741.3
0.00655 741.3
0.00656 741.4
0.00657 741.5
0.00658 741.6
0.00659 741.7
0.00660 741.7
0.00661 741.8
0.00662 741.9
0.00663 742.0
0.00664 742.1
0.00665 742.1
0.00666 742.2
0.00667 742.3
0.00668 742.4
0.00669 742.5
0.00670 742.5
0.00671 742.6
0.00672 742.7
0.00673 742.8
0.00674 742.9
0.00675 743.0
0.00676 743.0
0.00677 743.1
0.00678 743.2
0.00679 743.3
0.00680 743.4
0.00681 743.5
0.00682 743.5
0.00683 743.6
0.00684 743.7
0.00685 743.8
0.00686 743.9
0.00687 744.0
0.00688 744.1
0.00689 744.1
0.00690 744.2
0.00691 744.3
0.00692 744.4
0.00693 744.5
0.00694 744.6
0.00695 744.7
0.00696 744.7
0.00697 744.8
0.00698 744.9
0.00699 745.0
0.00700 745.1
0.00701 745.2
0.00702 745.3
0.00703 745.3
0.00704 745.4
0.00705 745.5
0.00706 745.6
0.00707 745.7
0.00708 745.8
0.00709 745.9
0.00710 745.9
0.00711 746.0
0.00712 746.1
0.00713 746.2
0.00714 746.3
0.00715 746.4
0.00716 746.5
0.00717 746.6
0.00718 746.6
0.00719 746.7
0.00720 746.8
0.00721 746.9
0.00722 747.0
0.00723 747.1
0.00724 747.2
0.00725 747.3
0.00726 747.4
0.00727 747.4
0.00728 747.5
0.00729 747.6
0.00730 747.7
0.00731 747.8
0.00732 747.9
0.00733 748.0
0.00734 748.1
0.00735 748.2
0.00736 748.2
0.00737 748.3
0.00738 748.4
0.00739 748.5
0.00740 748.6
0.00741 748.7
0.00742 748.8
0.00743 748.9
0.00744 749.0
0.00745 749.1
0.00746 749.1
0.00747 749.2
0.00748 749.3
0.00749 749.4
0.00750 749.5
0.00751 749.6
0.00752 749.7
0.00753 749.8
0.00754 749.9
0.00755 750.0
0.00756 750.0
0.00757 750.1
0.00758 750.2
0.00759 750.3
0.00760 750.4
0.00761 750.5
0.00762 750.6
0.00763 750.7
0.00764 750.8
0.00765 750.9
0.00766 751.0
0.00767 751.0
0.00768 751.1
0.00769 751.2
0.00770 751.3
0.00771 751.4
0.00772 751.5
0.00773 751.6
0.00774 751.7
0.00775 751.8
0.00776 751.9
0.00777 752.0
0.00778 752.0
0.00779 752.1
0.00780 752.2
0.00781 752.3
0.00782 752.4
0.00783 752.5
0.00784 752.6
0.00785 752.7
0.00786 752.8
0.00787 752.9
0.00788 753.0
0.00789 753.1
0.00790 753.1
0.00791 753.2
0.00792 753.3
0.00793 753.4
0.00794 753.5
0.00795 753.6
0.00796 753.7
0.00797 753.8
0.00798 753.9
0.00799 754.0
0.00800 754.1
0.00801 754.2
0.00802 754.2
0.00803 754.3
0.00804 754.4
0.00805 754.5
0.00806 754.6
0.00807 754.7
0.00808 754.8
0.00809 754.9
0.00810 755.0
0.00811 755.1
0.00812 755.2
0.00813 755.3
0.00814 755.3
0.00815 755.4
0.00816 755.5
0.00817 755.6
0.00818 755.7
0.00819 755.8
0.00820 755.9
0.00821 756.0
0.00822 756.1
0.00823 756.2
0.00824 756.3
0.00825 756.4
0.00826 756.5
0.00827 756.5
0.00828 756.6
0.00829 756.7
0.00830 756.8
0.00831 756.9
0.00832 757.0
0.00833 757.1
0.00834 757.2
0.00835 757.3
0.00836 757.4
0.00837 757.5
0.00838 757.6
0.00839 757.6
0.00840 757.7
0.00841 757.8
0.00842 757.9
0.00843 758.0
0.00844 758.1
0.00845 758.2
0.00846 758.3
0.00847 758.4
0.00848 758.5
0.00849 758.6
0.00850 758.7
0.00851 758.7
0.00852 758.8
0.00853 758.9
0.00854 759.0
0.00855 759.1
0.00856 759.2
0.00857 759.3
0.00858 759.4
0.00859 759.5
0.00860 759.6
0.00861 759.7
0.00862 759.8
0.00863 759.8
0.00864 759.9
0.00865 760.0
0.00866 760.1
0.00867 760.2
0.00868 760.3
0.00869 760.4
0.00870 760.5
0.00871 760.6
0.00872 760.7
0.00873 760.8
0.00874 760.9
0.00875 760.9
0.00876 761.0
0.00877 761.1
0.00878 761.2
0.00879 761.3
0.00880 761.4
0.00881 761.5
0.00882 761.6
0.00883 761.7
0.00884 761.8
0.00885 761.9
0.00886 761.9
0.00887 762.0
0.00888 762.1
0.00889 762.2
0.00890 762.3
0.00891 762.4
0.00892 762.5
0.00893 762.6
0.00894 762.7
0.00895 762.8
0.00896 762.8
0.00897 762.9
0.00898 763.0
0.00899 763.1
0.00900 763.2
0.00901 763.3
0.00902 763.4
0.00903 763.5
0.00904 763.6
0.00905 763.7
0.00906 763.7
0.00907 763.8
0.00908 763.9
0.00909 764.0
0.00910 764.1
0.00911 764.2
0.00912 764.3
0.00913 764.4
0.00914 764.5
0.00915 764.6
0.00916 764.6
0.00917 764.7
0.00918 764.8
0.00919 764.9
0.00920 765.0
0.00921 765.1
0.00922 765.2
0.00923 765.3
0.00924 765.4
0.00925 765.4
0.00926 765.5
0.00927 765.6
0.00928 765.7
0.00929 765.8
0.00930 765.9
0.00931 766.0
0.00932 766.1
0.00933 766.2
0.00934 766.2
0.00935 766.3
0.00936 766.4
0.00937 766.5
0.00938 766.6
0.00939 766.7
0.00940 766.8
0.00941 766.9
0.00942 767.0
0.00943 767.0
0.00944 767.1
0.00945 767.2
0.00946 767.3
0.00947 767.4
0.00948 767.5
0.00949 767.6
0.00950 767.7
0.00951 767.7
0.00952 767.8
0.00953 767.9
0.00954 768.0
0.00955 768.1
0.00956 768.2
0.00957 768.3
0.00958 768.4
0.00959 768.4
0.00960 768.5
0.00961 768.6
0.00962 768.7
0.00963 768.8
0.00964 768.9
0.00965 769.0
0.00966 769.1
0.00967 769.1
0.00968 769.2
0.00969 769.3
0.00970 769.4
0.00971 769.5
0.00972 769.6
0.00973 769.7
0.00974 769.7
0.00975 769.8
0.00976 769.9
0.00977 770.0
0.00978 770.1
0.00979 770.2
0.00980 770.3
0.00981 770.3
0.00982 770.4
0.00983 770.5
0.00984 770.6
0.00985 770.7
0.00986 770.8
0.00987 770.9
0.00988 770.9
0.00989 771.0
0.00990 771.1
0.00991 771.2
0.00992 771.3
0.00993 771.4
0.00994 771.5
0.00995 771.5
0.00996 771.6
0.00997 771.7
0.00998 771.8
0.00999 771.9
0.01000 772.0
0.01001 772.0
0.01002 772.1
0.01003 772.2
0.01004 772.3
0.01005 772.4
0.01006 772.5
0.01007 772.5
0.01008 772.6
0.01009 772.7
0.01010 772.8
0.01011 772.9
0.01012 773.0
0.01013 773.0
0.01014 773.1
0.01015 773.2
0.01016 773.3
0.01017 773.4
0.01018 773.5
0.01019 773.5
0.01020 773.6
0.01021 773.7
0.01022 773.8
0.01023 773.9
0.01024 774.0
0.01025 774.0
0.01026 774.1
0.01027 774.2
0.01028 774.3
0.01029 774.4
0.01030 774.5
0.01031 774.5
0.01032 774.6
0.01033 774.7
0.01034 774.8
0.01035 774.9
0.01036 774.9
0.01037 775.0
0.01038 775.1
0.01039 775.2
0.01040 775.3
0.01041 775.3
0.01042 775.4
0.01043 775.5
0.01044 775.6
0.01045 775.7
0.01046 775.8
0.01047 775.8
0.01048 775.9
0.01049 776.0
0.01050 776.1
0.01051 776.2
0.01052 776.2
0.01053 776.3
0.01054 776.4
0.01055 776.5
0.01056 776.6
0.01057 776.6
0.01058 776.7
0.01059 776.8
0.01060 776.9
0.01061 777.0
0.01062 777.0
0.01063 777.1
0.01064 777.2
0.01065 777.3
0.01066 777.3
0.01067 777.4
0.01068 777.5
0.01069 777.6
0.01070 777.7
0.01071 777.7
0.01072 777.8
0.01073 777.9
0.01074 778.0
0.01075 778.1
0.01076 778.1
0.01077 778.2
0.01078 778.3
0.01079 778.4
0.01080 778.4
0.01081 778.5
0.01082 778.6
0.01083 778.7
0.01084 778.8
0.01085 778.8
0.01086 778.9
0.01087 779.0
0.01088 779.1
0.01089 779.1
0.01090 779.2
0.01091 779.3
0.01092 779.4
0.01093 779.4
0.01094 779.5
0.01095 779.6
0.01096 779.7
0.01097 779.8
0.01098 779.8
0.01099 779.9
0.01100 780.0
0.01101 780.1
0.01102 780.1
0.01103 780.2
0.01104 780.3
0.01105 780.4
0.01106 780.4
0.01107 780.5
0.01108 780.6
0.01109 780.7
0.01110 780.7
0.01111 780.8
0.01112 780.9
0.01113 781.0
0.01114 781.0
0.01115 781.1
0.01116 781.2
0.01117 781.3
0.01118 781.3
0.01119 781.4
0.01120 781.5
0.01121 781.6
0.01122 781.6
0.01123 781.7
0.01124 781.8
0.01125 781.9
0.01126 781.9
0.01127 782.0
0.01128 782.1
0.01129 782.2
0.01130 782.2
0.01131 782.3
0.01132 782.4
0.01133 782.4
0.01134 782.5
0.01135 782.6
0.01136 782.7
0.01137 782.7
0.01138 782.8
0.01139 782.9
0.01140 783.0
0.01141 783.0
0.01142 783.1
0.01143 783.2
0.01144 783.2
0.01145 783.3
0.01146 783.4
0.01147 783.5
0.01148 783.5
0.01149 783.6
0.01150 783.7
0.01151 783.7
0.01152 783.8
0.01153 783.9
0.01154 784.0
0.01155 784.0
0.01156 784.1
0.01157 784.2
0.01158 784.2
0.01159 784.3
0.01160 784.4
0.01161 784.5
0.01162 784.5
0.01163 784.6
0.01164 784.7
0.01165 784.7
0.01166 784.8
0.01167 784.9
0.01168 784.9
0.01169 785.0
0.01170 785.1
0.01171 785.2
0.01172 785.2
0.01173 785.3
0.01174 785.4
0.01175 785.4
0.01176 785.5
0.01177 785.6
0.01178 785.6
0.01179 785.7
0.01180 785.8
0.01181 785.8
0.01182 785.9
0.01183 786.0
0.01184 786.0
0.01185 786.1
0.01186 786.2
0.01187 786.3
0.01188 786.3
0.01189 786.4
0.01190 786.5
0.01191 786.5
0.01192 786.6
0.01193 786.7
0.01194 786.7
0.01195 786.8
0.01196 786.9
0.01197 786.9
0.01198 787.0
0.01199 787.1
0.01200 787.1
0.01201 787.2
0.01202 787.3
0.01203 787.3
0.01204 787.4
0.01205 787.5
0.01206 787.5
0.01207 787.6
0.01208 787.7
0.01209 787.7
0.01210 787.8
0.01211 787.9
0.01212 787.9
0.01213 788.0
0.01214 788.1
0.01215 788.1
0.01216 788.2
0.01217 788.3
0.01218 788.3
0.01219 788.4
0.01220 788.4
0.01221 788.5
0.01222 788.6
0.01223 788.6
0.01224 788.7
0.01225 788.8
0.01226 788.8
0.01227 788.9
0.01228 789.0
0.01229 789.0
0.01230 789.1
0.01231 789.2
0.01232 789.2
0.01233 789.3
0.01234 789.3
0.01235 789.4
0.01236 789.5
0.01237 789.5
0.01238 789.6
0.01239 789.7
0.01240 789.7
0.01241 789.8
0.01242 789.9
0.01243 789.9
0.01244 790.0
0.01245 790.0
0.01246 790.1
0.01247 790.2
0.01248 790.2
0.01249 790.3
0.01250 790.4
0.01251 790.4
0.01252 790.5
0.01253 790.5
0.01254 790.6
0.01255 790.7
0.01256 790.7
0.01257 790.8
0.01258 790.9
0.01259 790.9
0.01260 791.0
0.01261 791.0
0.01262 791.1
0.01263 791.2
0.01264 791.2
0.01265 791.3
0.01266 791.3
0.01267 791.4
0.01268 791.5
0.01269 791.5
0.01270 791.6
0.01271 791.6
0.01272 791.7
0.01273 791.8
0.01274 791.8
0.01275 791.9
0.01276 791.9
0.01277 792.0
0.01278 792.1
0.01279 792.1
0.01280 792.2
0.01281 792.2
0.01282 792.3
0.01283 792.4
0.01284 792.4
0.01285 792.5
0.01286 792.5
0.01287 792.6
0.01288 792.7
0.01289 792.7
0.01290 792.8
0.01291 792.8
0.01292 792.9
0.01293 792.9
0.01294 793.0
0.01295 793.1
0.01296 793.1
0.01297 793.2
0.01298 793.2
0.01299 793.3
0.01300 793.4
0.01301 793.4
0.01302 793.5
0.01303 793.5
0.01304 793.6
0.01305 793.6
0.01306 793.7
0.01307 793.8
0.01308 793.8
0.01309 793.9
0.01310 793.9
0.01311 794.0
0.01312 794.0
0.01313 794.1
0.01314 794.2
0.01315 794.2
0.01316 794.3
0.01317 794.3
0.01318 794.4
0.01319 794.4
0.01320 794.5
0.01321 794.5
0.01322 794.6
0.01323 794.7
0.01324 794.7
0.01325 794.8
0.01326 794.8
0.01327 794.9
0.01328 794.9
0.01329 795.0
0.01330 795.0
0.01331 795.1
0.01332 795.2
0.01333 795.2
0.01334 795.3
0.01335 795.3
0.01336 795.4
0.01337 795.4
0.01338 795.5
0.01339 795.5
0.01340 795.6
0.01341 795.6
0.01342 795.7
0.01343 795.7
0.01344 795.8
0.01345 795.9
0.01346 795.9
0.01347 796.0
0.01348 796.0
0.01349 796.1
0.01350 796.1
0.01351 796.2
0.01352 796.2
0.01353 796.3
0.01354 796.3
0.01355 796.4
0.01356 796.4
0.01357 796.5
0.01358 796.5
0.01359 796.6
0.01360 796.7
0.01361 796.7
0.01362 796.8
0.01363 796.8
0.01364 796.9
0.01365 796.9
0.01366 797.0
0.01367 797.0
0.01368 797.1
0.01369 797.1
0.01370 797.2
0.01371 797.2
0.01372 797.3
0.01373 797.3
0.01374 797.4
0.01375 797.4
0.01376 797.5
0.01377 797.5
0.01378 797.6
0.01379 797.6
0.01380 797.7
0.01381 797.7
0.01382 797.8
0.01383 797.8
0.01384 797.9
0.01385 797.9
0.01386 798.0
0.01387 798.0
0.01388 798.1
0.01389 798.1
0.01390 798.2
0.01391 798.2
0.01392 798.3
0.01393 798.3
0.01394 798.4
0.01395 798.4
0.01396 798.5
0.01397 798.5
0.01398 798.6
0.01399 798.6
0.01400 798.7
0.01401 798.7
0.01402 798.8
0.01403 798.8
0.01404 798.9
0.01405 798.9
0.01406 799.0
0.01407 799.0
0.01408 799.1
0.01409 799.1
0.01410 799.2
0.01411 799.2
0.01412 799.3
0.01413 799.3
0.01414 799.4
0.01415 799.4
0.01416 799.5
0.01417 799.5
0.01418 799.6
0.01419 799.6
0.01420 799.6
0.01421 799.7
0.01422 799.7
0.01423 799.8
0.01424 799.8
0.01425 799.9
0.01426 799.9
0.01427 800.0
0.01428 800.0
0.01429 800.1
0.01430 800.1
0.01431 800.2
0.01432 800.2
0.01433 800.3
0.01434 800.3
0.01435 800.3
0.01436 800.4
0.01437 800.4
0.01438 800.5
0.01439 800.5
0.01440 800.6
0.01441 800.6
0.01442 800.7
0.01443 800.7
0.01444 800.8
0.01445 800.8
0.01446 800.9
0.01447 800.9
0.01448 800.9
0.01449 801.0
0.01450 801.0
0.01451 801.1
0.01452 801.1
0.01453 801.2
0.01454 801.2
0.01455 801.3
0.01456 801.3
0.01457 801.3
0.01458 801.4
0.01459 801.4
0.01460 801.5
0.01461 801.5
0.01462 801.6
0.01463 801.6
0.01464 801.7
0.01465 801.7
0.01466 801.7
0.01467 801.8
0.01468 801.8
0.01469 801.9
0.01470 801.9
0.01471 802.0
0.01472 802.0
0.01473 802.0
0.01474 802.1
0.01475 802.1
0.01476 802.2
0.01477 802.2
0.01478 802.3
0.01479 802.3
0.01480 802.4
0.01481 802.4
0.01482 802.4
0.01483 802.5
0.01484 802.5
0.01485 802.6
0.01486 802.6
0.01487 802.6
0.01488 802.7
0.01489 802.7
0.01490 802.8
0.01491 802.8
0.01492 802.9
0.01493 802.9
0.01494 802.9
0.01495 803.0
0.01496 803.0
0.01497 803.1
0.01498 803.1
0.01499 803.1
0.01500 803.2
0.01501 803.2
0.01502 803.3
0.01503 803.3
0.01504 803.4
0.01505 803.4
0.01506 803.4
0.01507 803.5
0.01508 803.5
0.01509 803.6
0.01510 803.6
0.01511 803.6
0.01512 803.7
0.01513 803.7
0.01514 803.8
0.01515 803.8
0.01516 803.8
0.01517 803.9
0.01518 803.9
0.01519 804.0
0.01520 804.0
0.01521 804.0
0.01522 804.1
0.01523 804.1
0.01524 804.2
0.01525 804.2
0.01526 804.2
0.01527 804.3
0.01528 804.3
0.01529 804.4
0.01530 804.4
0.01531 804.4
0.01532 804.5
0.01533 804.5
0.01534 804.6
0.01535 804.6
0.01536 804.6
0.01537 804.7
0.01538 804.7
0.01539 804.7
0.01540 804.8
0.01541 804.8
0.01542 804.9
0.01543 804.9
0.01544 804.9
0.01545 805.0
0.01546 805.0
0.01547 805.1
0.01548 805.1
0.01549 805.1
0.01550 805.2
0.01551 805.2
0.01552 805.2
0.01553 805.3
0.01554 805.3
0.01555 805.4
0.01556 805.4
0.01557 805.4
0.01558 805.5
0.01559 805.5
0.01560 805.5
0.01561 805.6
0.01562 805.6
0.01563 805.7
0.01564 805.7
0.01565 805.7
0.01566 805.8
0.01567 805.8
0.01568 805.8
0.01569 805.9
0.01570 805.9
0.01571 805.9
0.01572 806.0
0.01573 806.0
0.01574 806.1
0.01575 806.1
0.01576 806.1
0.01577 806.2
0.01578 806.2
0.01579 806.2
0.01580 806.3
0.01581 806.3
0.01582 806.3
0.01583 806.4
0.01584 806.4
0.01585 806.5
0.01586 806.5
0.01587 806.5
0.01588 806.6
0.01589 806.6
0.01590 806.6
0.01591 806.7
0.01592 806.7
0.01593 806.7
0.01594 806.8
0.01595 806.8
0.01596 806.8
0.01597 806.9
0.01598 806.9
0.01599 806.9
0.01600 807.0
0.01601 807.0
0.01602 807.0
0.01603 807.1
0.01604 807.1
0.01605 807.1
0.01606 807.2
0.01607 807.2
0.01608 807.2
0.01609 807.3
0.01610 807.3
0.01611 807.4
0.01612 807.4
0.01613 807.4
0.01614 807.5
0.01615 807.5
0.01616 807.5
0.01617 807.6
0.01618 807.6
0.01619 807.6
0.01620 807.7
0.01621 807.7
0.01622 807.7
0.01623 807.8
0.01624 807.8
0.01625 807.8
0.01626 807.9
0.01627 807.9
0.01628 807.9
0.01629 808.0
0.01630 808.0
0.01631 808.0
0.01632 808.0
0.01633 808.1
0.01634 808.1
0.01635 808.1
0.01636 808.2
0.01637 808.2
0.01638 808.2
0.01639 808.3
0.01640 808.3
0.01641 808.3
0.01642 808.4
0.01643 808.4
0.01644 808.4
0.01645 808.5
0.01646 808.5
0.01647 808.5
0.01648 808.6
0.01649 808.6
0.01650 808.6
0.01651 808.7
0.01652 808.7
0.01653 808.7
0.01654 808.8
0.01655 808.8
0.01656 808.8
0.01657 808.8
0.01658 808.9
0.01659 808.9
0.01660 808.9
0.01661 809.0
0.01662 809.0
0.01663 809.0
0.01664 809.1
0.01665 809.1
0.01666 809.1
0.01667 809.2
0.01668 809.2
0.01669 809.2
0.01670 809.2
0.01671 809.3
0.01672 809.3
0.01673 809.3
0.01674 809.4
0.01675 809.4
0.01676 809.4
0.01677 809.5
0.01678 809.5
0.01679 809.5
0.01680 809.5
0.01681 809.6
0.01682 809.6
0.01683 809.6
0.01684 809.7
0.01685 809.7
0.01686 809.7
0.01687 809.8
0.01688 809.8
0.01689 809.8
0.01690 809.8
0.01691 809.9
0.01692 809.9
0.01693 809.9
0.01694 810.0
0.01695 810.0
0.01696 810.0
0.01697 810.0
0.01698 810.1
0.01699 810.1
0.01700 810.1
0.01701 810.2
0.01702 810.2
0.01703 810.2
0.01704 810.2
0.01705 810.3
0.01706 810.3
0.01707 810.3
0.01708 810.4
0.01709 810.4
0.01710 810.4
0.01711 810.4
0.01712 810.5
0.01713 810.5
0.01714 810.5
0.01715 810.6
0.01716 810.6
0.01717 810.6
0.01718 810.6
0.01719 810.7
0.01720 810.7
0.01721 810.7
0.01722 810.8
0.01723 810.8
0.01724 810.8
0.01725 810.8
0.01726 810.9
0.01727 810.9
0.01728 810.9
0.01729 810.9
0.01730 811.0
0.01731 811.0
0.01732 811.0
0.01733 811.1
0.01734 811.1
0.01735 811.1
0.01736 811.1
0.01737 811.2
0.01738 811.2
0.01739 811.2
0.01740 811.2
0.01741 811.3
0.01742 811.3
0.01743 811.3
0.01744 811.3
0.01745 811.4
0.01746 811.4
0.01747 811.4
0.01748 811.5
0.01749 811.5
0.01750 811.5
0.01751 811.5
0.01752 811.6
0.01753 811.6
0.01754 811.6
0.01755 811.6
0.01756 811.7
0.01757 811.7
0.01758 811.7
0.01759 811.7
0.01760 811.8
0.01761 811.8
0.01762 811.8
0.01763 811.8
0.01764 811.9
0.01765 811.9
0.01766 811.9
0.01767 811.9
0.01768 812.0
0.01769 812.0
0.01770 812.0
0.01771 812.0
0.01772 812.1
0.01773 812.1
0.01774 812.1
0.01775 812.1
0.01776 812.2
0.01777 812.2
0.01778 812.2
0.01779 812.2
0.01780 812.3
0.01781 812.3
0.01782 812.3
0.01783 812.3
0.01784 812.4
0.01785 812.4
0.01786 812.4
0.01787 812.4
0.01788 812.5
0.01789 812.5
0.01790 812.5
0.01791 812.5
0.01792 812.6
0.01793 812.6
0.01794 812.6
0.01795 812.6
0.01796 812.7
0.01797 812.7
0.01798 812.7
0.01799 812.7
0.01800 812.8
0.01801 812.8
0.01802 812.8
0.01803 812.8
0.01804 812.8
0.01805 812.9
0.01806 812.9
0.01807 812.9
0.01808 812.9
0.01809 813.0
0.01810 813.0
0.01811 813.0
0.01812 813.0
0.01813 813.1
0.01814 813.1
0.01815 813.1
0.01816 813.1
0.01817 813.2
0.01818 813.2
0.01819 813.2
0.01820 813.2
0.01821 813.2
0.01822 813.3
0.01823 813.3
0.01824 813.3
0.01825 813.3
0.01826 813.4
0.01827 813.4
0.01828 813.4
0.01829 813.4
0.01830 813.5
0.01831 813.5
0.01832 813.5
0.01833 813.5
0.01834 813.5
0.01835 813.6
0.01836 813.6
0.01837 813.6
0.01838 813.6
0.01839 813.7
0.01840 813.7
0.01841 813.7
0.01842 813.7
0.01843 813.7
0.01844 813.8
0.01845 813.8
0.01846 813.8
0.01847 813.8
0.01848 813.8
0.01849 813.9
0.01850 813.9
0.01851 813.9
0.01852 813.9
0.01853 814.0
0.01854 814.0
0.01855 814.0
0.01856 814.0
0.01857 814.0
0.01858 814.1
0.01859 814.1
0.01860 814.1
0.01861 814.1
0.01862 814.2
0.01863 814.2
0.01864 814.2
0.01865 814.2
0.01866 814.2
0.01867 814.3
0.01868 814.3
0.01869 814.3
0.01870 814.3
0.01871 814.3
0.01872 814.4
0.01873 814.4
0.01874 814.4
0.01875 814.4
0.01876 814.4
0.01877 814.5
0.01878 814.5
0.01879 814.5
0.01880 814.5
0.01881 814.5
0.01882 814.6
0.01883 814.6
0.01884 814.6
0.01885 814.6
0.01886 814.6
0.01887 814.7
0.01888 814.7
0.01889 814.7
0.01890 814.7
0.01891 814.7
0.01892 814.8
0.01893 814.8
0.01894 814.8
0.01895 814.8
0.01896 814.8
0.01897 814.9
0.01898 814.9
0.01899 814.9
0.01900 814.9
0.01901 814.9
0.01902 815.0
0.01903 815.0
0.01904 815.0
0.01905 815.0
0.01906 815.0
0.01907 815.1
0.01908 815.1
0.01909 815.1
0.01910 815.1
0.01911 815.1
0.01912 815.2
0.01913 815.2
0.01914 815.2
0.01915 815.2
0.01916 815.2
0.01917 815.3
0.01918 815.3
0.01919 815.3
0.01920 815.3
0.01921 815.3
0.01922 815.4
0.01923 815.4
0.01924 815.4
0.01925 815.4
0.01926 815.4
0.01927 815.4
0.01928 815.5
0.01929 815.5
0.01930 815.5
0.01931 815.5
0.01932 815.5
0.01933 815.6
0.01934 815.6
0.01935 815.6
0.01936 815.6
0.01937 815.6
0.01938 815.7
0.01939 815.7
0.01940 815.7
0.01941 815.7
0.01942 815.7
0.01943 815.7
0.01944 815.8
0.01945 815.8
0.01946 815.8
0.01947 815.8
0.01948 815.8
0.01949 815.9
0.01950 815.9
0.01951 815.9
0.01952 815.9
0.01953 815.9
0.01954 815.9
0.01955 816.0
0.01956 816.0
0.01957 816.0
0.01958 816.0
0.01959 816.0
0.01960 816.1
0.01961 816.1
0.01962 816.1
0.01963 816.1
0.01964 816.1
0.01965 816.1
0.01966 816.2
0.01967 816.2
0.01968 816.2
0.01969 816.2
0.01970 816.2
0.01971 816.2
0.01972 816.3
0.01973 816.3
0.01974 816.3
0.01975 816.3
0.01976 816.3
0.01977 816.3
0.01978 816.4
0.01979 816.4
0.01980 816.4
0.01981 816.4
0.01982 816.4
0.01983 816.4
0.01984 816.5
0.01985 816.5
0.01986 816.5
0.01987 816.5
0.01988 816.5
0.01989 816.5
0.01990 816.6
0.01991 816.6
0.01992 816.6
0.01993 816.6
0.01994 816.6
0.01995 816.6
0.01996 816.7
0.01997 816.7
0.01998 816.7
0.01999 816.7
0.02000 826.6
0.02001 826.6
0.02002 826.6
0.02003 826.6
0.02004 826.6
0.02005 826.6
0.02006 826.6
0.02007 826.6
0.02008 826.6
0.02009 826.6
0.02010 826.6
0.02011 826.6
0.02012 826.6
0.02013 826.6
0.02014 826.6
0.02015 826.6
0.02016 826.6
0.02017 826.6
0.02018 826.6
0.02019 826.6
0.02020 826.6
0.02021 826.6
0.02022 826.6
0.02023 826.6
0.02024 826.6
0.02025 826.6
0.02026 826.6
0.02027 826.6
0.02028 826.6
0.02029 826.6
0.02030 826.6
0.02031 826.6
0.02032 826.6
0.02033 826.6
0.02034 826.6
0.02035 826.6
0.02036 826.6
0.02037 826.6
0.02038 826.6
0.02039 826.6
0.02040 826.6
0.02041 826.6
0.02042 826.6
0.02043 826.6
0.02044 826.6
0.02045 826.6
0.02046 826.6
0.02047 826.6
0.02048 826.6
0.02049 826.6
0.02050 826.6
0.02051 826.6
0.02052 826.6
0.02053 826.6
0.02054 826.6
0.02055 826.6
0.02056 826.6
0.02057 826.6
0.02058 826.6
0.02059 826.6
0.02060 826.6
0.02061 826.6
0.02062 826.6
0.02063 826.6
0.02064 826.6
0.02065 826.6
0.02066 826.6
0.02067 826.6
0.02068 826.6
0.02069 826.6
0.02070 826.6
0.02071 826.6
0.02072 826.6
0.02073 826.6
0.02074 826.6
0.02075 826.6
0.02076 826.6
0.02077 826.6
0.02078 826.6
0.02079 826.6
0.02080 826.6
0.02081 826.6
0.02082 826.6
0.02083 826.6
0.02084 826.6
0.02085 826.6
0.02086 826.6
0.02087 826.6
0.02088 826.6
0.02089 826.6
0.02090 826.6
0.02091 826.6
0.02092 826.6
0.02093 826.6
0.02094 826.6
0.02095 826.6
0.02096 826.6
0.02097 826.6
0.02098 826.6
0.02099 826.6
0.02100 826.6
0.02101 826.6
0.02102 826.6
0.02103 826.6
0.02104 826.6
0.02105 826.6
0.02106 826.6
0.02107 826.6
0.02108 826.6
0.02109 826.6
0.02110 826.6
0.02111 826.6
0.02112 826.6
0.02113 826.6
0.02114 826.6
0.02115 826.6
0.02116 826.6
0.02117 826.6
0.02118 826.6
0.02119 826.6
0.02120 826.6
0.02121 826.6
0.02122 826.6
0.02123 826.6
0.02124 826.6
0.02125 826.6
0.02126 826.6
0.02127 826.6
0.02128 826.6
0.02129 826.6
0.02130 826.6
0.02131 826.6
0.02132 826.6
0.02133 826.6
0.02134 826.6
0.02135 826.6
0.02136 826.6
0.02137 826.6
0.02138 826.6
0.02139 826.6
0.02140 826.6
0.02141 826.6
0.02142 826.6
0.02143 826.6
0.02144 826.6
0.02145 826.6
0.02146 826.6
0.02147 826.6
0.02148 826.6
0.02149 826.6
0.02150 826.6
0.02151 826.6
0.02152 826.6
0.02153 826.6
0.02154 826.6
0.02155 826.6
0.02156 826.6
0.02157 826.6
0.02158 826.6
0.02159 826.6
0.02160 826.6
0.02161 826.6
0.02162 826.6
0.02163 826.6
0.02164 826.6
0.02165 826.6
0.02166 826.6
0.02167 826.6
0.02168 826.6
0.02169 826.6
0.02170 826.6
0.02171 826.6
0.02172 826.6
0.02173 826.6
0.02174 826.6
0.02175 826.6
0.02176 826.6
0.02177 826.6
0.02178 826.6
0.02179 826.6
0.02180 826.6
0.02181 826.6
0.02182 826.6
0.02183 826.6
0.02184 826.6
0.02185 826.6
0.02186 826.6
0.02187 826.6
0.02188 826.6
0.02189 826.6
0.02190 826.6
0.02191 826.6
0.02192 826.6
0.02193 826.6
0.02194 826.6
0.02195 826.6
0.02196 826.6
0.02197 826.6
0.02198 826.6
0.02199 826.6
0.02200 826.6
0.02201 826.6
0.02202 826.6
0.02203 826.6
0.02204 826.6
0.02205 826.6
0.02206 826.6
0.02207 826.6
0.02208 826.6
0.02209 826.6
0.02210 826.6
0.02211 826.6
0.02212 826.6
0.02213 826.6
0.02214 826.6
0.02215 826.6
0.02216 826.6
0.02217 826.6
0.02218 826.6
0.02219 826.6
0.02220 826.6
0.02221 826.6
0.02222 826.6
0.02223 826.6
0.02224 826.6
0.02225 826.6
0.02226 826.6
0.02227 826.6
0.02228 826.6
0.02229 826.6
0.02230 826.6
0.02231 826.6
0.02232 826.6
0.02233 826.6
0.02234 826.6
0.02235 826.6
0.02236 826.6
0.02237 826.6
0.02238 826.6
0.02239 826.6
0.02240 826.6
0.02241 826.6
0.02242 826.6
0.02243 826.6
0.02244 826.6
0.02245 826.6
0.02246 826.6
0.02247 826.6
0.02248 826.6
0.02249 826.6
0.02250 826.6
0.02251 826.6
0.02252 826.6
0.02253 826.6
0.02254 826.6
0.02255 826.6
0.02256 826.6
0.02257 826.6
0.02258 826.6
0.02259 826.6
0.02260 826.6
0.02261 826.6
0.02262 826.6
0.02263 826.6
0.02264 826.6
0.02265 826.6
0.02266 826.6
0.02267 826.6
0.02268 826.6
0.02269 826.6
0.02270 826.6
0.02271 826.6
0.02272 826.6
0.02273 826.6
0.02274 826.6
0.02275 826.6
0.02276 826.6
0.02277 826.6
0.02278 826.6
0.02279 826.6
0.02280 826.6
0.02281 826.6
0.02282 826.6
0.02283 826.6
0.02284 826.6
0.02285 826.6
0.02286 826.6
0.02287 826.6
0.02288 826.6
0.02289 826.6
0.02290 826.6
0.02291 826.6
0.02292 826.6
0.02293 826.6
0.02294 826.6
0.02295 826.6
0.02296 826.6
0.02297 826.6
0.02298 826.6
0.02299 826.6
0.02300 826.6
0.02301 826.6
0.02302 826.6
0.02303 826.6
0.02304 826.6
0.02305 826.6
0.02306 826.6
0.02307 826.6
0.02308 826.6
0.02309 826.6
0.02310 826.6
0.02311 826.6
0.02312 826.6
0.02313 826.6
0.02314 826.6
0.02315 826.6
0.02316 826.6
0.02317 826.6
0.02318 826.6
0.02319 826.6
0.02320 826.6
0.02321 826.6
0.02322 826.6
0.02323 826.6
0.02324 826.6
0.02325 826.6
0.02326 826.6
0.02327 826.6
0.02328 826.6
0.02329 826.6
0.02330 826.6
0.02331 826.6
0.02332 826.6
0.02333 826.6
0.02334 826.6
0.02335 826.6
0.02336 826.6
0.02337 826.6
0.02338 826.6
0.02339 826.6
0.02340 826.6
0.02341 826.6
0.02342 826.6
0.02343 826.6
0.02344 826.6
0.02345 826.6
0.02346 826.6
0.02347 826.6
0.02348 826.6
0.02349 826.6
0.02350 826.6
0.02351 826.6
0.02352 826.6
0.02353 826.6
0.02354 826.6
0.02355 826.6
0.02356 826.6
0.02357 826.6
0.02358 826.6
0.02359 826.6
0.02360 826.6
0.02361 826.6
0.02362 826.6
0.02363 826.6
0.02364 826.6
0.02365 826.6
0.02366 826.6
0.02367 826.6
0.02368 826.6
0.02369 826.6
0.02370 826.6
0.02371 826.6
0.02372 826.6
0.02373 826.6
0.02374 826.6
0.02375 826.6
0.02376 826.6
0.02377 826.6
0.02378 826.6
0.02379 826.6
0.02380 826.6
0.02381 826.6
0.02382 826.6
0.02383 826.6
0.02384 826.6
0.02385 826.6
0.02386 826.6
0.02387 826.6
0.02388 826.6
0.02389 826.6
0.02390 826.6
0.02391 826.6
0.02392 826.6
0.02393 826.6
0.02394 826.6
0.02395 826.6
0.02396 826.6
0.02397 826.6
0.02398 826.6
0.02399 826.6
0.02400 826.6
0.02401 826.6
0.02402 826.6
0.02403 826.6
0.02404 826.6
0.02405 826.6
0.02406 826.6
0.02407 826.6
0.02408 826.6
0.02409 826.6
0.02410 826.6
0.02411 826.6
0.02412 826.6
0.02413 826.6
0.02414 826.6
0.02415 826.6
0.02416 826.6
0.02417 826.6
0.02418 826.6
0.02419 826.6
0.02420 826.6
0.02421 826.6
0.02422 826.6
0.02423 826.6
0.02424 826.6
0.02425 826.6
0.02426 826.6
0.02427 826.6
0.02428 826.6
0.02429 826.6
0.02430 826.6
0.02431 826.6
0.02432 826.6
0.02433 826.6
0.02434 826.6
0.02435 826.6
0.02436 826.6
0.02437 826.6
0.02438 826.6
0.02439 826.6
0.02440 826.6
0.02441 826.6
0.02442 826.6
0.02443 826.6
0.02444 826.6
0.02445 826.6
0.02446 826.6
0.02447 826.6
0.02448 826.6
0.02449 826.6
0.02450 826.6
0.02451 826.6
0.02452 826.6
0.02453 826.6
0.02454 826.6
0.02455 826.6
0.02456 826.6
0.02457 826.6
0.02458 826.6
0.02459 826.6
0.02460 826.6
0.02461 826.6
0.02462 826.6
0.02463 826.6
0.02464 826.6
0.02465 826.6
0.02466 826.6
0.02467 826.6
0.02468 826.6
0.02469 826.6
0.02470 826.6
0.02471 826.6
0.02472 826.6
0.02473 826.6
0.02474 826.6
0.02475 826.6
0.02476 826.6
0.02477 826.6
0.02478 826.6
0.02479 826.6
0.02480 826.6
0.02481 826.6
0.02482 826.6
0.02483 826.6
0.02484 826.6
0.02485 826.6
0.02486 826.6
0.02487 826.6
0.02488 826.6
0.02489 826.6
0.02490 826.6
0.02491 826.6
0.02492 826.6
0.02493 826.6
0.02494 826.6
0.02495 826.6
0.02496 826.6
0.02497 826.6
0.02498 826.6
0.02499 826.6
0.02500 826.6
0.02501 826.6
0.02502 826.6
0.02503 826.6
0.02504 826.6
0.02505 826.6
0.02506 826.6
0.02507 826.6
0.02508 826.6
0.02509 826.6
0.02510 826.6
0.02511 826.6
0.02512 826.6
0.02513 826.6
0.02514 826.6
0.02515 826.6
0.02516 826.6
0.02517 826.6
0.02518 826.6
0.02519 826.6
0.02520 826.6
0.02521 826.6
0.02522 826.6
0.02523 826.6
0.02524 826.6
0.02525 826.6
0.02526 826.6
0.02527 826.6
0.02528 826.6
0.02529 826.6
0.02530 826.6
0.02531 826.6
0.02532 826.6
0.02533 826.6
0.02534 826.6
0.02535 826.6
0.02536 826.6
0.02537 826.6
0.02538 826.6
0.02539 826.6
0.02540 826.6
0.02541 826.6
0.02542 826.6
0.02543 826.6
0.02544 826.6
0.02545 826.6
0.02546 826.6
0.02547 826.6
0.02548 826.6
0.02549 826.6
0.02550 826.6
0.02551 826.6
0.02552 826.6
0.02553 826.6
0.02554 826.6
0.02555 826.6
0.02556 826.6
0.02557 826.6
0.02558 826.6
0.02559 826.6
0.02560 826.6
0.02561 826.6
0.02562 826.6
0.02563 826.6
0.02564 826.6
0.02565 826.6
0.02566 826.6
0.02567 826.6
0.02568 826.6
0.02569 826.6
0.02570 826.6
0.02571 826.6
0.02572 826.6
0.02573 826.6
0.02574 826.6
0.02575 826.6
0.02576 826.6
0.02577 826.6
0.02578 826.6
0.02579 826.6
0.02580 826.6
0.02581 826.6
0.02582 826.6
0.02583 826.6
0.02584 826.6
0.02585 826.6
0.02586 826.6
0.02587 826.6
0.02588 826.6
0.02589 826.6
0.02590 826.6
0.02591 826.6
0.02592 826.6
0.02593 826.6
0.02594 826.6
0.02595 826.6
0.02596 826.6
0.02597 826.6
0.02598 826.6
0.02599 826.6
0.02600 826.6
0.02601 826.6
0.02602 826.6
0.02603 826.6
0.02604 826.6
0.02605 826.6
0.02606 826.6
0.02607 826.6
0.02608 826.6
0.02609 826.6
0.02610 826.6
0.02611 826.6
0.02612 826.6
0.02613 826.6
0.02614 826.6
0.02615 826.6
0.02616 826.6
0.02617 826.6
0.02618 826.6
0.02619 826.6
0.02620 826.6
0.02621 826.6
0.02622 826.6
0.02623 826.6
0.02624 826.6
0.02625 826.6
0.02626 826.6
0.02627 826.6
0.02628 826.6
0.02629 826.6
0.02630 826.6
0.02631 826.6
0.02632 826.6
0.02633 826.6
0.02634 826.6
0.02635 826.6
0.02636 826.6
0.02637 826.6
0.02638 826.6
0.02639 826.6
0.02640 826.6
0.02641 826.6
0.02642 826.6
0.02643 826.6
0.02644 826.6
0.02645 826.6
0.02646 826.6
0.02647 826.6
0.02648 826.6
0.02649 826.6
0.02650 826.6
0.02651 826.6
0.02652 826.6
0.02653 826.6
0.02654 826.6
0.02655 826.6
0.02656 826.6
0.02657 826.6
0.02658 826.6
0.02659 826.6
0.02660 826.6
0.02661 826.6
0.02662 826.6
0.02663 826.6
0.02664 826.6
0.02665 826.6
0.02666 826.6
0.02667 826.6
0.02668 826.6
0.02669 826.6
0.02670 826.6
0.02671 826.6
0.02672 826.6
0.02673 826.6
0.02674 826.6
0.02675 826.6
0.02676 826.6
0.02677 826.6
0.02678 826.6
0.02679 826.6
0.02680 826.6
0.02681 826.6
0.02682 826.6
0.02683 826.6
0.02684 826.6
0.02685 826.6
0.02686 826.6
0.02687 826.6
0.02688 826.6
0.02689 826.6
0.02690 826.6
0.02691 826.6
0.02692 826.6
0.02693 826.6
0.02694 826.6
0.02695 826.6
0.02696 826.6
0.02697 826.6
0.02698 826.6
0.02699 826.6
0.02700 826.6
0.02701 826.6
0.02702 826.6
0.02703 826.6
0.02704 826.6
0.02705 826.6
0.02706 826.6
0.02707 826.6
0.02708 826.6
0.02709 826.6
0.02710 826.6
0.02711 826.6
0.02712 826.6
0.02713 826.6
0.02714 826.6
0.02715 826.6
0.02716 826.6
0.02717 826.6
0.02718 826.6
0.02719 826.6
0.02720 826.6
0.02721 826.6
0.02722 826.6
0.02723 826.6
0.02724 826.6
0.02725 826.6
0.02726 826.6
0.02727 826.6
0.02728 826.6
0.02729 826.6
0.02730 826.6
0.02731 826.6
0.02732 826.6
0.02733 826.6
0.02734 826.6
0.02735 826.6
0.02736 826.6
0.02737 826.6
0.02738 826.6
0.02739 826.6
0.02740 826.6
0.02741 826.6
0.02742 826.6
0.02743 826.6
0.02744 826.6
0.02745 826.6
0.02746 826.6
0.02747 826.6
0.02748 826.6
0.02749 826.6
0.02750 826.6
0.02751 826.6
0.02752 826.6
0.02753 826.6
0.02754 826.6
0.02755 826.6
0.02756 826.6
0.02757 826.6
0.02758 826.6
0.02759 826.6
0.02760 826.6
0.02761 826.6
0.02762 826.6
0.02763 826.6
0.02764 826.6
0.02765 826.6
0.02766 826.6
0.02767 826.6
0.02768 826.6
0.02769 826.6
0.02770 826.6
0.02771 826.6
0.02772 826.6
0.02773 826.6
0.02774 826.6
0.02775 826.6
0.02776 826.6
0.02777 826.6
0.02778 826.6
0.02779 826.6
0.02780 826.6
0.02781 826.6
0.02782 826.6
0.02783 826.6
0.02784 826.6
0.02785 826.6
0.02786 826.6
0.02787 826.6
0.02788 826.6
0.02789 826.6
0.02790 826.6
0.02791 826.6
0.02792 826.6
0.02793 826.6
0.02794 826.6
0.02795 826.6
0.02796 826.6
0.02797 826.6
0.02798 826.6
0.02799 826.6
0.02800 826.6
0.02801 826.6
0.02802 826.6
0.02803 826.6
0.02804 826.6
0.02805 826.6
0.02806 826.6
0.02807 826.6
0.02808 826.6
0.02809 826.6
0.02810 826.6
0.02811 826.6
0.02812 826.6
0.02813 826.6
0.02814 826.6
0.02815 826.6
0.02816 826.6
0.02817 826.6
0.02818 826.6
0.02819 826.6
0.02820 826.6
0.02821 826.6
0.02822 826.6
0.02823 826.6
0.02824 826.6
0.02825 826.6
0.02826 826.6
0.02827 826.6
0.02828 826.6
0.02829 826.6
0.02830 826.6
0.02831 826.6
0.02832 826.6
0.02833 826.6
0.02834 826.6
0.02835 826.6
0.02836 826.6
0.02837 826.6
0.02838 826.6
0.02839 826.6
0.02840 826.6
0.02841 826.6
0.02842 826.6
0.02843 826.6
0.02844 826.6
0.02845 826.6
0.02846 826.6
0.02847 826.6
0.02848 826.6
0.02849 826.6
0.02850 826.6
0.02851 826.6
0.02852 826.6
0.02853 826.6
0.02854 826.6
0.02855 826.6
0.02856 826.6
0.02857 826.6
0.02858 826.6
0.02859 826.6
0.02860 826.6
0.02861 826.6
0.02862 826.6
0.02863 826.6
0.02864 826.6
0.02865 826.6
0.02866 826.6
0.02867 826.6
0.02868 826.6
0.02869 826.6
0.02870 826.6
0.02871 826.6
0.02872 826.6
0.02873 826.6
0.02874 826.6
0.02875 826.6
0.02876 826.6
0.02877 826.6
0.02878 826.6
0.02879 826.6
0.02880 826.6
0.02881 826.6
0.02882 826.6
0.02883 826.6
0.02884 826.6
0.02885 826.6
0.02886 826.6
0.02887 826.6
0.02888 826.6
0.02889 826.6
0.02890 826.6
0.02891 826.6
0.02892 826.6
0.02893 826.6
0.02894 826.6
0.02895 826.6
0.02896 826.6
0.02897 826.6
0.02898 826.6
0.02899 826.6
0.02900 826.6
0.02901 826.6
0.02902 826.6
0.02903 826.6
0.02904 826.6
0.02905 826.6
0.02906 826.6
0.02907 826.6
0.02908 826.6
0.02909 826.6
0.02910 826.6
0.02911 826.6
0.02912 826.6
0.02913 826.6
0.02914 826.6
0.02915 826.6
0.02916 826.6
0.02917 826.6
0.02918 826.6
0.02919 826.6
0.02920 826.6
0.02921 826.6
0.02922 826.6
0.02923 826.6
0.02924 826.6
0.02925 826.6
0.02926 826.6
0.02927 826.6
0.02928 826.6
0.02929 826.6
0.02930 826.6
0.02931 826.6
0.02932 826.6
0.02933 826.6
0.02934 826.6
0.02935 826.6
0.02936 826.6
0.02937 826.6
0.02938 826.6
0.02939 826.6
0.02940 826.6
0.02941 826.6
0.02942 826.6
0.02943 826.6
0.02944 826.6
0.02945 826.6
0.02946 826.6
0.02947 826.6
0.02948 826.6
0.02949 826.6
0.02950 826.6
0.02951 826.6
0.02952 826.6
0.02953 826.6
0.02954 826.6
0.02955 826.6
0.02956 826.6
0.02957 826.6
0.02958 826.6
0.02959 826.6
0.02960 826.6
0.02961 826.6
0.02962 826.6
0.02963 826.6
0.02964 826.6
0.02965 826.6
0.02966 826.6
0.02967 826.6
0.02968 826.6
0.02969 826.6
0.02970 826.6
0.02971 826.6
0.02972 826.6
0.02973 826.6
0.02974 826.6
0.02975 826.6
0.02976 826.6
0.02977 826.6
0.02978 826.6
0.02979 826.6
0.02980 826.6
0.02981 826.6
0.02982 826.6
0.02983 826.6
0.02984 826.6
0.02985 826.6
0.02986 826.6
0.02987 826.6
0.02988 826.6
0.02989 826.6
0.02990 826.6
0.02991 826.6
0.02992 826.6
0.02993 826.6
0.02994 826.6
0.02995 826.6
0.02996 826.6
0.02997 826.6
0.02998 826.6
0.02999 826.6
0.03000 826.6
0.03001 826.6
0.03002 826.6
0.03003 826.6
0.03004 826.6
0.03005 826.6
0.03006 826.6
0.03007 826.6
0.03008 826.6
0.03009 826.6
0.03010 826.6
0.03011 826.6
0.03012 826.6
0.03013 826.6
0.03014 826.6
0.03015 826.6
0.03016 826.6
0.03017 826.6
0.03018 826.6
0.03019 826.6
0.03020 826.6
0.03021 826.6
0.03022 826.6
0.03023 826.6
0.03024 826.6
0.03025 826.6
0.03026 826.6
0.03027 826.6
0.03028 826.6
0.03029 826.6
0.03030 826.6
0.03031 826.6
0.03032 826.6
0.03033 826.6
0.03034 826.6
0.03035 826.6
0.03036 826.6
0.03037 826.6
0.03038 826.6
0.03039 826.6
0.03040 826.6
0.03041 826.6
0.03042 826.6
0.03043 826.6
0.03044 826.6
0.03045 826.6
0.03046 826.6
0.03047 826.6
0.03048 826.6
0.03049 826.6
0.03050 826.6
0.03051 826.6
0.03052 826.6
0.03053 826.6
0.03054 826.6
0.03055 826.6
0.03056 826.6
0.03057 826.6
0.03058 826.6
0.03059 826.6
0.03060 826.6
0.03061 826.6
0.03062 826.6
0.03063 826.6
0.03064 826.6
0.03065 826.6
0.03066 826.6
0.03067 826.6
0.03068 826.6
0.03069 826.6
0.03070 826.6
0.03071 826.6
0.03072 826.6
0.03073 826.6
0.03074 826.6
0.03075 826.6
0.03076 826.6
0.03077 826.6
0.03078 826.6
0.03079 826.6
0.03080 826.6
0.03081 826.6
0.03082 826.6
0.03083 826.6
0.03084 826.6
0.03085 826.6
0.03086 826.6
0.03087 826.6
0.03088 826.6
0.03089 826.6
0.03090 826.6
0.03091 826.6
0.03092 826.6
0.03093 826.6
0.03094 826.6
0.03095 826.6
0.03096 826.6
0.03097 826.6
0.03098 826.6
0.03099 826.6
0.03100 826.6
0.03101 858.3
0.03102 891.0
0.03103 925.0
0.03104 960.1
0.03105 996.4
0.03106 1034.0
0.03107 1073.0
0.03108 1113.2
0.03109 1154.8
0.03110 1197.9
0.03111 1242.5
0.03112 1288.6
0.03113 1336.2
0.03114 1385.5
0.03115 1436.5
0.03116 1489.3
0.03117 1543.8
0.03118 1600.3
0.03119 1658.7
0.03120 1719.2
0.03121 1781.8
0.03122 1846.6
0.03123 1913.8
0.03124 1983.4
0.03125 2055.6
0.03126 2130.5
0.03127 2208.3
0.03128 2289.2
0.03129 2373.4
0.03130 2461.2
0.03131 2552.8
0.03132 2648.7
0.03133 2749.1
0.03134 2854.6
0.03135 2965.7
0.03136 3083.0
0.03137 3207.4
0.03138 3339.7
0.03139 3481.0
0.03140 3632.7
0.03141 3796.3
0.03142 3973.8
0.03143 4167.4
0.03144 4380.0
0.03145 4615.1
0.03146 4877.1
0.03147 5171.5
0.03148 5505.0
0.03149 5886.3
0.03150 6326.6
0.03151 6589.2
0.03152 6911.7
0.03153 7306.0
0.03154 7786.7
0.03155 8373.0
0.03156 9089.0
0.03157 9965.7
0.03158 11042.7
0.03159 12369.3
0.03160 14006.4
0.03161 16025.9
0.03162 18506.8
0.03163 21526.0
0.03164 25139.5
0.03165 29355.3
0.03166 34105.2
0.03167 39230.1
0.03168 44498.2
0.03169 49654.6
0.03170 54479.7
0.03171 58825.1
0.03172 62618.8
0.03173 65847.4
0.03174 68534.0
0.03175 70719.3
0.03176 72449.8
0.03177 73771.6
0.03178 74727.0
0.03179 75353.9
0.03180 75685.3
0.03181 75750.0
0.03182 75573.1
0.03183 75176.2
0.03184 74578.7
0.03185 73797.6
0.03186 72848.2
0.03187 71744.8
0.03188 70500.4
0.03189 69127.5
0.03190 67638.1
0.03191 66043.7
0.03192 64355.7
0.03193 62585.3
0.03194 60743.6
0.03195 58841.4
0.03196 56889.8
0.03197 54899.4
0.03198 52880.7
0.03199 50843.9
0.03200 48799.0
0.03201 46755.6
0.03202 44722.8
0.03203 42709.0
0.03204 40722.2
0.03205 38769.9
0.03206 36858.5
0.03207 34994.1
0.03208 33181.9
0.03209 31426.2
0.03210 29730.7
0.03211 28098.4
0.03212 26531.6
0.03213 25031.8
0.03214 23599.9
0.03215 22236.4
0.03216 20940.9
0.03217 19713.0
0.03218 18551.4
0.03219 17454.7
0.03220 16421.2
0.03221 15448.8
0.03222 14535.3
0.03223 13678.3
0.03224 12875.2
0.03225 12123.6
0.03226 11420.7
0.03227 10764.0
0.03228 10150.8
0.03229 9578.6
0.03230 9044.8
0.03231 8547.1
0.03232 8083.1
0.03233 7650.5
0.03234 7247.3
0.03235 6871.4
0.03236 6520.8
0.03237 6193.9
0.03238 5888.8
0.03239 5604.0
0.03240 5338.1
0.03241 5089.6
0.03242 4857.3
0.03243 4640.0
0.03244 4436.5
0.03245 4245.8
0.03246 4067.1
0.03247 3899.4
0.03248 3741.9
0.03249 3593.9
0.03250 3454.7
0.03251 3323.7
0.03252 3200.2
0.03253 3083.8
0.03254 2974.0
0.03255 2870.2
0.03256 2772.2
0.03257 2679.4
0.03258 2591.6
0.03259 2508.4
0.03260 2429.6
0.03261 2354.8
0.03262 2283.8
0.03263 2216.4
0.03264 2152.4
0.03265 2091.5
0.03266 2033.5
0.03267 1978.4
0.03268 1925.9
0.03269 1875.9
0.03270 1828.2
0.03271 1782.8
0.03272 1739.5
0.03273 1698.3
0.03274 1658.9
0.03275 1621.3
0.03276 1585.4
0.03277 1551.1
0.03278 1518.4
0.03279 1487.2
0.03280 1457.4
0.03281 1428.9
0.03282 1401.7
0.03283 1375.6
0.03284 1350.8
0.03285 1327.0
0.03286 1304.3
0.03287 1282.5
0.03288 1261.7
0.03289 1241.9
0.03290 1222.8
0.03291 1204.6
0.03292 1187.2
0.03293 1170.5
0.03294 1154.6
0.03295 1139.3
0.03296 1124.6
0.03297 1110.6
0.03298 1097.2
0.03299 1084.3
0.03300 1071.9
0.03301 1060.1
0.03302 1048.7
0.03303 1037.8
0.03304 1027.4
0.03305 1017.3
0.03306 1007.7
0.03307 998.4
0.03308 989.5
0.03309 981.0
0.03310 972.8
0.03311 964.9
0.03312 957.3
0.03313 949.9
0.03314 942.9
0.03315 936.1
0.03316 929.6
0.03317 923.3
0.03318 917.3
0.03319 911.5
0.03320 905.9
0.03321 900.5
0.03322 895.2
0.03323 890.2
0.03324 885.3
0.03325 880.7
0.03326 876.1
0.03327 871.8
0.03328 867.6
0.03329 863.5
0.03330 859.6
0.03331 855.8
0.03332 852.1
0.03333 848.5
0.03334 845.1
0.03335 841.8
0.03336 838.6
0.03337 835.5
0.03338 832.5
0.03339 829.6
0.03340 826.8
0.03341 824.0
0.03342 821.4
0.03343 818.8
0.03344 816.4
0.03345 814.0
0.03346 811.7
0.03347 809.4
0.03348 807.2
0.03349 805.1
0.03350 803.1
0.03351 801.1
0.03352 799.1
0.03353 797.3
0.03354 795.5
0.03355 793.7
0.03356 792.0
0.03357 790.3
0.03358 788.7
0.03359 787.2
0.03360 785.7
0.03361 784.2
0.03362 782.8
0.03363 781.4
0.03364 780.0
0.03365 778.7
0.03366 777.4
0.03367 776.2
0.03368 775.0
0.03369 773.8
0.03370 772.7
0.03371 771.6
0.03372 770.5
0.03373 769.5
0.03374 768.5
0.03375 767.5
0.03376 766.5
0.03377 765.6
0.03378 764.7
0.03379 763.8
0.03380 762.9
0.03381 762.1
0.03382 761.3
0.03383 760.5
0.03384 759.7
0.03385 759.0
0.03386 758.3
0.03387 757.5
0.03388 756.9
0.03389 756.2
0.03390 755.5
0.03391 754.9
0.03392 754.3
0.03393 753.7
0.03394 753.1
0.03395 752.5
0.03396 752.0
0.03397 751.4
0.03398 750.9
0.03399 750.4
0.03400 749.9
0.03401 749.4
0.03402 748.9
0.03403 748.4
0.03404 748.0
0.03405 747.6
0.03406 747.1
0.03407 746.7
0.03408 746.3
0.03409 745.9
0.03410 745.5
0.03411 745.2
0.03412 744.8
0.03413 744.4
0.03414 744.1
0.03415 743.8
0.03416 743.4
0.03417 743.1
0.03418 742.8
0.03419 742.5
0.03420 742.2
0.03421 741.9
0.03422 741.6
0.03423 741.4
0.03424 741.1
0.03425 740.8
0.03426 740.6
0.03427 740.3
0.03428 740.1
0.03429 739.9
0.03430 739.6
0.03431 739.4
0.03432 739.2
0.03433 739.0
0.03434 738.8
0.03435 738.6
0.03436 738.4
0.03437 738.2
0.03438 738.0
0.03439 737.9
0.03440 737.7
0.03441 737.5
0.03442 737.4
0.03443 737.2
0.03444 737.1
0.03445 736.9
0.03446 736.8
0.03447 736.6
0.03448 736.5
0.03449 736.4
0.03450 736.2
0.03451 736.1
0.03452 736.0
0.03453 735.9
0.03454 735.8
0.03455 735.7
0.03456 735.6
0.03457 735.5
0.03458 735.4
0.03459 735.3
0.03460 735.2
0.03461 735.1
0.03462 735.0
0.03463 734.9
0.03464 734.8
0.03465 734.7
0.03466 734.7
0.03467 734.6
0.03468 734.5
0.03469 734.5
0.03470 734.4
0.03471 734.3
0.03472 734.3
0.03473 734.2
0.03474 734.2
0.03475 734.1
0.03476 734.1
0.03477 734.0
0.03478 734.0
0.03479 733.9
0.03480 733.9
0.03481 733.8
0.03482 733.8
0.03483 733.8
0.03484 733.7
0.03485 733.7
0.03486 733.7
0.03487 733.6
0.03488 733.6
0.03489 733.6
0.03490 733.6
0.03491 733.6
0.03492 733.5
0.03493 733.5
0.03494 733.5
0.03495 733.5
0.03496 733.5
0.03497 733.5
0.03498 733.5
0.03499 733.4
0.03500 733.4
0.03501 733.4
0.03502 733.4
0.03503 733.4
0.03504 733.4
0.03505 733.4
0.03506 733.4
0.03507 733.4
0.03508 733.4
0.03509 733.4
0.03510 733.4
0.03511 733.5
0.03512 733.5
0.03513 733.5
0.03514 733.5
0.03515 733.5
0.03516 733.5
0.03517 733.5
0.03518 733.5
0.03519 733.6
0.03520 733.6
0.03521 733.6
0.03522 733.6
0.03523 733.6
0.03524 733.7
0.03525 733.7
0.03526 733.7
0.03527 733.7
0.03528 733.7
0.03529 733.8
0.03530 733.8
0.03531 733.8
0.03532 733.9
0.03533 733.9
0.03534 733.9
0.03535 734.0
0.03536 734.0
0.03537 734.0
0.03538 734.0
0.03539 734.1
0.03540 734.1
0.03541 734.2
0.03542 734.2
0.03543 734.2
0.03544 734.3
0.03545 734.3
0.03546 734.3
0.03547 734.4
0.03548 734.4
0.03549 734.5
0.03550 734.5
0.03551 734.6
0.03552 734.6
0.03553 734.6
0.03554 734.7
0.03555 734.7
0.03556 734.8
0.03557 734.8
0.03558 734.9
0.03559 734.9
0.03560 735.0
0.03561 735.0
0.03562 735.1
0.03563 735.1
0.03564 735.2
0.03565 735.2
0.03566 735.3
0.03567 735.3
0.03568 735.4
0.03569 735.4
0.03570 735.5
0.03571 735.5
0.03572 735.6
0.03573 735.6
0.03574 735.7
0.03575 735.8
0.03576 735.8
0.03577 735.9
0.03578 735.9
0.03579 736.0
0.03580 736.0
0.03581 736.1
0.03582 736.2
0.03583 736.2
0.03584 736.3
0.03585 736.3
0.03586 736.4
0.03587 736.5
0.03588 736.5
0.03589 736.6
0.03590 736.6
0.03591 736.7
0.03592 736.8
0.03593 736.8
0.03594 736.9
0.03595 737.0
0.03596 737.0
0.03597 737.1
0.03598 737.2
0.03599 737.2
0.03600 737.3
0.03601 737.3
0.03602 737.4
0.03603 737.5
0.03604 737.6
0.03605 737.6
0.03606 737.7
0.03607 737.8
0.03608 737.8
0.03609 737.9
0.03610 738.0
0.03611 738.0
0.03612 738.1
0.03613 738.2
0.03614 738.2
0.03615 738.3
0.03616 738.4
0.03617 738.5
0.03618 738.5
0.03619 738.6
0.03620 738.7
0.03621 738.7
0.03622 738.8
0.03623 738.9
0.03624 739.0
0.03625 739.0
0.03626 739.1
0.03627 739.2
0.03628 739.3
0.03629 739.3
0.03630 739.4
0.03631 739.5
0.03632 739.5
0.03633 739.6
0.03634 739.7
0.03635 739.8
0.03636 739.9
0.03637 739.9
0.03638 740.0
0.03639 740.1
0.03640 740.2
0.03641 740.2
0.03642 740.3
0.03643 740.4
0.03644 740.5
0.03645 740.5
0.03646 740.6
0.03647 740.7
0.03648 740.8
0.03649 740.9
0.03650 740.9
0.03651 741.0
0.03652 741.1
0.03653 741.2
0.03654 741.3
0.03655 741.3
0.03656 741.4
0.03657 741.5
0.03658 741.6
0.03659 741.7
0.03660 741.7
0.03661 741.8
0.03662 741.9
0.03663 742.0
0.03664 742.1
0.03665 742.1
0.03666 742.2
0.03667 742.3
0.03668 742.4
0.03669 742.5
0.03670 742.5
0.03671 742.6
0.03672 742.7
0.03673 742.8
0.03674 742.9
0.03675 743.0
0.03676 743.0
0.03677 743.1
0.03678 743.2
0.03679 743.3
0.03680 743.4
0.03681 743.5
0.03682 743.5
0.03683 743.6
0.03684 743.7
0.03685 743.8
0.03686 743.9
0.03687 744.0
0.03688 744.1
0.03689 744.1
0.03690 744.2
0.03691 744.3
0.03692 744.4
0.03693 744.5
0.03694 744.6
0.03695 744.7
0.03696 744.7
0.03697 744.8
0.03698 744.9
0.03699 745.0
0.03700 745.1
0.03701 745.2
0.03702 745.3
0.03703 745.3
0.03704 745.4
0.03705 745.5
0.03706 745.6
0.03707 745.7
0.03708 745.8
0.03709 745.9
0.03710 745.9
0.03711 746.0
0.03712 746.1
0.03713 746.2
0.03714 746.3
0.03715 746.4
0.03716 746.5
0.03717 746.6
0.03718 746.6
0.03719 746.7
0.03720 746.8
0.03721 746.9
0.03722 747.0
0.03723 747.1
0.03724 747.2
0.03725 747.3
0.03726 747.4
0.03727 747.4
0.03728 747.5
0.03729 747.6
0.03730 747.7
0.03731 747.8
0.03732 747.9
0.03733 748.0
0.03734 748.1
0.03735 748.2
0.03736 748.2
0.03737 748.3
0.03738 748.4
0.03739 748.5
0.03740 748.6
0.03741 748.7
0.03742 748.8
0.03743 748.9
0.03744 749.0
0.03745 749.1
0.03746 749.1
0.03747 749.2
0.03748 749.3
0.03749 749.4
0.03750 749.5
0.03751 749.6
0.03752 749.7
0.03753 749.8
0.03754 749.9
0.03755 750.0
0.03756 750.0
0.03757 750.1
0.03758 750.2
0.03759 750.3
0.03760 750.4
0.03761 750.5
0.03762 750.6
0.03763 750.7
0.03764 750.8
0.03765 750.9
0.03766 751.0
0.03767 751.0
0.03768 751.1
0.03769 751.2
0.03770 751.3
0.03771 751.4
0.03772 751.5
0.03773 751.6
0.03774 751.7
0.03775 751.8
0.03776 751.9
0.03777 752.0
0.03778 752.0
0.03779 752.1
0.03780 752.2
0.03781 752.3
0.03782 752.4
0.03783 752.5
0.03784 752.6
0.03785 752.7
0.03786 752.8
0.03787 752.9
0.03788 753.0
0.03789 753.1
0.03790 753.1
0.03791 753.2
0.03792 753.3
0.03793 753.4
0.03794 753.5
0.03795 753.6
0.03796 753.7
0.03797 753.8
0.03798 753.9
0.03799 754.0
0.03800 754.1
0.03801 754.2
0.03802 754.2
0.03803 754.3
0.03804 754.4
0.03805 754.5
0.03806 754.6
0.03807 754.7
0.03808 754.8
0.03809 754.9
0.03810 755.0
0.03811 755.1
0.03812 755.2
0.03813 755.3
0.03814 755.3
0.03815 755.4
0.03816 755.5
0.03817 755.6
0.03818 755.7
0.03819 755.8
0.03820 755.9
0.03821 756.0
0.03822 756.1
0.03823 756.2
0.03824 756.3
0.03825 756.4
0.03826 756.5
0.03827 756.5
0.03828 756.6
0.03829 756.7
0.03830 756.8
0.03831 756.9
0.03832 757.0
0.03833 757.1
0.03834 757.2
0.03835 757.3
0.03836 757.4
0.03837 757.5
0.03838 757.6
0.03839 757.6
0.03840 757.7
0.03841 757.8
0.03842 757.9
0.03843 758.0
0.03844 758.1
0.03845 758.2
0.03846 758.3
0.03847 758.4
0.03848 758.5
0.03849 758.6
0.03850 758.7
0.03851 758.7
0.03852 758.8
0.03853 758.9
0.03854 759.0
0.03855 759.1
0.03856 759.2
0.03857 759.3
0.03858 759.4
0.03859 759.5
0.03860 759.6
0.03861 759.7
0.03862 759.8
0.03863 759.8
0.03864 759.9
0.03865 760.0
0.03866 760.1
0.03867 760.2
0.03868 760.3
0.03869 760.4
0.03870 760.5
0.03871 760.6
0.03872 760.7
0.03873 760.8
0.03874 760.9
0.03875 760.9
0.03876 761.0
0.03877 761.1
0.03878 761.2
0.03879 761.3
0.03880 761.4
0.03881 761.5
0.03882 761.6
0.03883 761.7
0.03884 761.8
0.03885 761.9
0.03886 761.9
0.03887 762.0
0.03888 762.1
0.03889 762.2
0.03890 762.3
0.03891 762.4
0.03892 762.5
0.03893 762.6
0.03894 762.7
0.03895 762.8
0.03896 762.8
0.03897 762.9
0.03898 763.0
0.03899 763.1
0.03900 763.2
0.03901 763.3
0.03902 763.4
0.03903 763.5
0.03904 763.6
0.03905 763.7
0.03906 763.7
0.03907 763.8
0.03908 763.9
0.03909 764.0
0.03910 764.1
0.03911 764.2
0.03912 764.3
0.03913 764.4
0.03914 764.5
0.03915 764.6
0.03916 764.6
0.03917 764.7
0.03918 764.8
0.03919 764.9
0.03920 765.0
0.03921 765.1
0.03922 765.2
0.03923 765.3
0.03924 765.4
0.03925 765.4
0.03926 765.5
0.03927 765.6
0.03928 765.7
0.03929 765.8
0.03930 765.9
0.03931 766.0
0.03932 766.1
0.03933 766.2
0.03934 766.2
0.03935 766.3
0.03936 766.4
0.03937 766.5
0.03938 766.6
0.03939 766.7
0.03940 766.8
0.03941 766.9
0.03942 767.0
0.03943 767.0
0.03944 767.1
0.03945 767.2
0.03946 767.3
0.03947 767.4
0.03948 767.5
0.03949 767.6
0.03950 767.7
0.03951 767.7
0.03952 767.8
0.03953 767.9
0.03954 768.0
0.03955 768.1
0.03956 768.2
0.03957 768.3
0.03958 768.4
0.03959 768.4
0.03960 768.5
0.03961 768.6
0.03962 768.7
0.03963 768.8
0.03964 768.9
0.03965 769.0
0.03966 769.1
0.03967 769.1
0.03968 769.2
0.03969 769.3
0.03970 769.4
0.03971 769.5
0.03972 769.6
0.03973 769.7
0.03974 769.7
0.03975 769.8
0.03976 769.9
0.03977 770.0
0.03978 770.1
0.03979 770.2
0.03980 770.3
0.03981 770.3
0.03982 770.4
0.03983 770.5
0.03984 770.6
0.03985 770.7
0.03986 770.8
0.03987 770.9
0.03988 770.9
0.03989 771.0
0.03990 771.1
0.03991 771.2
0.03992 771.3
0.03993 771.4
0.03994 771.5
0.03995 771.5
0.03996 771.6
0.03997 771.7
0.03998 771.8
0.03999 771.9
0.04000 772.0
0.04001 772.0
0.04002 772.1
0.04003 772.2
0.04004 772.3
0.04005 772.4
0.04006 772.5
0.04007 772.5
0.04008 772.6
0.04009 772.7
0.04010 772.8
0.04011 772.9
0.04012 773.0
0.04013 773.0
0.04014 773.1
0.04015 773.2
0.04016 773.3
0.04017 773.4
0.04018 773.5
0.04019 773.5
0.04020 773.6
0.04021 773.7
0.04022 773.8
0.04023 773.9
0.04024 774.0
0.04025 774.0
0.04026 774.1
0.04027 774.2
0.04028 774.3
0.04029 774.4
0.04030 774.5
0.04031 774.5
0.04032 774.6
0.04033 774.7
0.04034 774.8
0.04035 774.9
0.04036 774.9
0.04037 775.0
0.04038 775.1
0.04039 775.2
0.04040 775.3
0.04041 775.3
0.04042 775.4
0.04043 775.5
0.04044 775.6
0.04045 775.7
0.04046 775.8
0.04047 775.8
0.04048 775.9
0.04049 776.0
0.04050 776.1
0.04051 776.2
0.04052 776.2
0.04053 776.3
0.04054 776.4
0.04055 776.5
0.04056 776.6
0.04057 776.6
0.04058 776.7
0.04059 776.8
0.04060 776.9
0.04061 777.0
0.04062 777.0
0.04063 777.1
0.04064 777.2
0.04065 777.3
0.04066 777.3
0.04067 777.4
0.04068 777.5
0.04069 777.6
0.04070 777.7
0.04071 777.7
0.04072 777.8
0.04073 777.9
0.04074 778.0
0.04075 778.1
0.04076 778.1
0.04077 778.2
0.04078 778.3
0.04079 778.4
0.04080 778.4
0.04081 778.5
0.04082 778.6
0.04083 778.7
0.04084 778.8
0.04085 778.8
0.04086 778.9
0.04087 779.0
0.04088 779.1
0.04089 779.1
0.04090 779.2
0.04091 779.3
0.04092 779.4
0.04093 779.4
0.04094 779.5
0.04095 779.6
0.04096 779.7
0.04097 779.8
0.04098 779.8
0.04099 779.9
0.04100 780.0
0.04101 780.1
0.04102 780.1
0.04103 780.2
0.04104 780.3
0.04105 780.4
0.04106 780.4
0.04107 780.5
0.04108 780.6
0.04109 780.7
0.04110 780.7
0.04111 780.8
0.04112 780.9
0.04113 781.0
0.04114 781.0
0.04115 781.1
0.04116 781.2
0.04117 781.3
0.04118 781.3
0.04119 781.4
0.04120 781.5
0.04121 781.6
0.04122 781.6
0.04123 781.7
0.04124 781.8
0.04125 781.9
0.04126 781.9
0.04127 782.0
0.04128 782.1
0.04129 782.2
0.04130 782.2
0.04131 782.3
0.04132 782.4
0.04133 782.4
0.04134 782.5
0.04135 782.6
0.04136 782.7
0.04137 782.7
0.04138 782.8
0.04139 782.9
0.04140 783.0
0.04141 783.0
0.04142 783.1
0.04143 783.2
0.04144 783.2
0.04145 783.3
0.04146 783.4
0.04147 783.5
0.04148 783.5
0.04149 783.6
0.04150 783.7
0.04151 783.7
0.04152 783.8
0.04153 783.9
0.04154 784.0
0.04155 784.0
0.04156 784.1
0.04157 784.2
0.04158 784.2
0.04159 784.3
0.04160 784.4
0.04161 784.5
0.04162 784.5
0.04163 784.6
0.04164 784.7
0.04165 784.7
0.04166 784.8
0.04167 784.9
0.04168 784.9
0.04169 785.0
0.04170 785.1
0.04171 785.2
0.04172 785.2
0.04173 785.3
0.04174 785.4
0.04175 785.4
0.04176 785.5
0.04177 785.6
0.04178 785.6
0.04179 785.7
0.04180 785.8
0.04181 785.8
0.04182 785.9
0.04183 786.0
0.04184 786.0
0.04185 786.1
0.04186 786.2
0.04187 786.3
0.04188 786.3
0.04189 786.4
0.04190 786.5
0.04191 786.5
0.04192 786.6
0.04193 786.7
0.04194 786.7
0.04195 786.8
0.04196 786.9
0.04197 786.9
0.04198 787.0
0.04199 787.1
0.04200 787.1
0.04201 787.2
0.04202 787.3
0.04203 787.3
0.04204 787.4
0.04205 787.5
0.04206 787.5
0.04207 787.6
0.04208 787.7
0.04209 787.7
0.04210 787.8
0.04211 787.9
0.04212 787.9
0.04213 788.0
0.04214 788.1
0.04215 788.1
0.04216 788.2
0.04217 788.3
0.04218 788.3
0.04219 788.4
0.04220 788.4
0.04221 788.5
0.04222 788.6
0.04223 788.6
0.04224 788.7
0.04225 788.8
0.04226 788.8
0.04227 788.9
0.04228 789.0
0.04229 789.0
0.04230 789.1
0.04231 789.2
0.04232 789.2
0.04233 789.3
0.04234 789.3
0.04235 789.4
0.04236 789.5
0.04237 789.5
0.04238 789.6
0.04239 789.7
0.04240 789.7
0.04241 789.8
0.04242 789.9
0.04243 789.9
0.04244 790.0
0.04245 790.0
0.04246 790.1
0.04247 790.2
0.04248 790.2
0.04249 790.3
0.04250 790.4
0.04251 790.4
0.04252 790.5
0.04253 790.5
0.04254 790.6
0.04255 790.7
0.04256 790.7
0.04257 790.8
0.04258 790.9
0.04259 790.9
0.04260 791.0
0.04261 791.0
0.04262 791.1
0.04263 791.2
0.04264 791.2
0.04265 791.3
0.04266 791.3
0.04267 791.4
0.04268 791.5
0.04269 791.5
0.04270 791.6
0.04271 791.6
0.04272 791.7
0.04273 791.8
0.04274 791.8
0.04275 791.9
0.04276 791.9
0.04277 792.0
0.04278 792.1
0.04279 792.1
0.04280 792.2
0.04281 792.2
0.04282 792.3
0.04283 792.4
0.04284 792.4
0.04285 792.5
0.04286 792.5
0.04287 792.6
0.04288 792.7
0.04289 792.7
0.04290 792.8
0.04291 792.8
0.04292 792.9
0.04293 792.9
0.04294 793.0
0.04295 793.1
0.04296 793.1
0.04297 793.2
0.04298 793.2
0.04299 793.3
0.04300 793.4
0.04301 793.4
0.04302 793.5
0.04303 793.5
0.04304 793.6
0.04305 793.6
0.04306 793.7
0.04307 793.8
0.04308 793.8
0.04309 793.9
0.04310 793.9
0.04311 794.0
0.04312 794.0
0.04313 794.1
0.04314 794.2
0.04315 794.2
0.04316 794.3
0.04317 794.3
0.04318 794.4
0.04319 794.4
0.04320 794.5
0.04321 794.5
0.04322 794.6
0.04323 794.7
0.04324 794.7
0.04325 794.8
0.04326 794.8
0.04327 794.9
0.04328 794.9
0.04329 795.0
0.04330 795.0
0.04331 795.1
0.04332 795.2
0.04333 795.2
0.04334 795.3
0.04335 795.3
0.04336 795.4
0.04337 795.4
0.04338 795.5
0.04339 795.5
0.04340 795.6
0.04341 795.6
0.04342 795.7
0.04343 795.7
0.04344 795.8
0.04345 795.9
0.04346 795.9
0.04347 796.0
0.04348 796.0
0.04349 796.1
0.04350 796.1
0.04351 796.2
0.04352 796.2
0.04353 796.3
0.04354 796.3
0.04355 796.4
0.04356 796.4
0.04357 796.5
0.04358 796.5
0.04359 796.6
0.04360 796.7
0.04361 796.7
0.04362 796.8
0.04363 796.8
0.04364 796.9
0.04365 796.9
0.04366 797.0
0.04367 797.0
0.04368 797.1
0.04369 797.1
0.04370 797.2
0.04371 797.2
0.04372 797.3
0.04373 797.3
0.04374 797.4
0.04375 797.4
0.04376 797.5
0.04377 797.5
0.04378 797.6
0.04379 797.6
0.04380 797.7
0.04381 797.7
0.04382 797.8
0.04383 797.8
0.04384 797.9
0.04385 797.9
0.04386 798.0
0.04387 798.0
0.04388 798.1
0.04389 798.1
0.04390 798.2
0.04391 798.2
0.04392 798.3
0.04393 798.3
0.04394 798.4
0.04395 798.4
0.04396 798.5
0.04397 798.5
0.04398 798.6
0.04399 798.6
0.04400 798.7
0.04401 798.7
0.04402 798.8
0.04403 798.8
0.04404 798.9
0.04405 798.9
0.04406 799.0
0.04407 799.0
0.04408 799.1
0.04409 799.1
0.04410 799.2
0.04411 799.2
0.04412 799.3
0.04413 799.3
0.04414 799.4
0.04415 799.4
0.04416 799.5
0.04417 799.5
0.04418 799.6
0.04419 799.6
0.04420 799.6
0.04421 799.7
0.04422 799.7
0.04423 799.8
0.04424 799.8
0.04425 799.9
0.04426 799.9
0.04427 800.0
0.04428 800.0
0.04429 800.1
0.04430 800.1
0.04431 800.2
0.04432 800.2
0.04433 800.3
0.04434 800.3
0.04435 800.3
0.04436 800.4
0.04437 800.4
0.04438 800.5
0.04439 800.5
0.04440 800.6
0.04441 800.6
0.04442 800.7
0.04443 800.7
0.04444 800.8
0.04445 800.8
0.04446 800.9
0.04447 800.9
0.04448 800.9
0.04449 801.0
0.04450 801.0
0.04451 801.1
0.04452 801.1
0.04453 801.2
0.04454 801.2
0.04455 801.3
0.04456 801.3
0.04457 801.3
0.04458 801.4
0.04459 801.4
0.04460 801.5
0.04461 801.5
0.04462 801.6
0.04463 801.6
0.04464 801.7
0.04465 801.7
0.04466 801.7
0.04467 801.8
0.04468 801.8
0.04469 801.9
0.04470 801.9
0.04471 802.0
0.04472 802.0
0.04473 802.0
0.04474 802.1
0.04475 802.1
0.04476 802.2
0.04477 802.2
0.04478 802.3
0.04479 802.3
0.04480 802.4
0.04481 802.4
0.04482 802.4
0.04483 802.5
0.04484 802.5
0.04485 802.6
0.04486 802.6
0.04487 802.6
0.04488 802.7
0.04489 802.7
0.04490 802.8
0.04491 802.8
0.04492 802.9
0.04493 802.9
0.04494 802.9
0.04495 803.0
0.04496 803.0
0.04497 803.1
0.04498 803.1
0.04499 803.1
0.04500 803.2
0.04501 803.2
0.04502 803.3
0.04503 803.3
0.04504 803.4
0.04505 803.4
0.04506 803.4
0.04507 803.5
0.04508 803.5
0.04509 803.6
0.04510 803.6
0.04511 803.6
0.04512 803.7
0.04513 803.7
0.04514 803.8
0.04515 803.8
0.04516 803.8
0.04517 803.9
0.04518 803.9
0.04519 804.0
0.04520 804.0
0.04521 804.0
0.04522 804.1
0.04523 804.1
0.04524 804.2
0.04525 804.2
0.04526 804.2
0.04527 804.3
0.04528 804.3
0.04529 804.4
0.04530 804.4
0.04531 804.4
0.04532 804.5
0.04533 804.5
0.04534 804.6
0.04535 804.6
0.04536 804.6
0.04537 804.7
0.04538 804.7
0.04539 804.7
0.04540 804.8
0.04541 804.8
0.04542 804.9
0.04543 804.9
0.04544 804.9
0.04545 805.0
0.04546 805.0
0.04547 805.1
0.04548 805.1
0.04549 805.1
0.04550 805.2
0.04551 805.2
0.04552 805.2
0.04553 805.3
0.04554 805.3
0.04555 805.4
0.04556 805.4
0.04557 805.4
0.04558 805.5
0.04559 805.5
0.04560 805.5
0.04561 805.6
0.04562 805.6
0.04563 805.7
0.04564 805.7
0.04565 805.7
0.04566 805.8
0.04567 805.8
0.04568 805.8
0.04569 805.9
0.04570 805.9
0.04571 805.9
0.04572 806.0
0.04573 806.0
0.04574 806.1
0.04575 806.1
0.04576 806.1
0.04577 806.2
0.04578 806.2
0.04579 806.2
0.04580 806.3
0.04581 806.3
0.04582 806.3
0.04583 806.4
0.04584 806.4
0.04585 806.5
0.04586 806.5
0.04587 806.5
0.04588 806.6
0.04589 806.6
0.04590 806.6
0.04591 806.7
0.04592 806.7
0.04593 806.7
0.04594 806.8
0.04595 806.8
0.04596 806.8
0.04597 806.9
0.04598 806.9
0.04599 806.9
0.04600 807.0
0.04601 807.0
0.04602 807.0
0.04603 807.1
0.04604 807.1
0.04605 807.1
0.04606 807.2
0.04607 807.2
0.04608 807.2
0.04609 807.3
0.04610 807.3
0.04611 807.4
0.04612 807.4
0.04613 807.4
0.04614 807.5
0.04615 807.5
0.04616 807.5
0.04617 807.6
0.04618 807.6
0.04619 807.6
0.04620 807.7
0.04621 807.7
0.04622 807.7
0.04623 807.8
0.04624 807.8
0.04625 807.8
0.04626 807.9
0.04627 807.9
0.04628 807.9
0.04629 808.0
0.04630 808.0
0.04631 808.0
0.04632 808.0
0.04633 808.1
0.04634 808.1
0.04635 808.1
0.04636 808.2
0.04637 808.2
0.04638 808.2
0.04639 808.3
0.04640 808.3
0.04641 808.3
0.04642 808.4
0.04643 808.4
0.04644 808.4
0.04645 808.5
0.04646 808.5
0.04647 808.5
0.04648 808.6
0.04649 808.6
0.04650 808.6
0.04651 808.7
0.04652 808.7
0.04653 808.7
0.04654 808.8
0.04655 808.8
0.04656 808.8
0.04657 808.8
0.04658 808.9
0.04659 808.9
0.04660 808.9
0.04661 809.0
0.04662 809.0
0.04663 809.0
0.04664 809.1
0.04665 809.1
0.04666 809.1
0.04667 809.2
0.04668 809.2
0.04669 809.2
0.04670 809.2
0.04671 809.3
0.04672 809.3
0.04673 809.3
0.04674 809.4
0.04675 809.4
0.04676 809.4
0.04677 809.5
0.04678 809.5
0.04679 809.5
0.04680 809.5
0.04681 809.6
0.04682 809.6
0.04683 809.6
0.04684 809.7
0.04685 809.7
0.04686 809.7
0.04687 809.8
0.04688 809.8
0.04689 809.8
0.04690 809.8
0.04691 809.9
0.04692 809.9
0.04693 809.9
0.04694 810.0
0.04695 810.0
0.04696 810.0
0.04697 810.0
0.04698 810.1
0.04699 810.1
0.04700 810.1
0.04701 810.2
0.04702 810.2
0.04703 810.2
0.04704 810.2
0.04705 810.3
0.04706 810.3
0.04707 810.3
0.04708 810.4
0.04709 810.4
0.04710 810.4
0.04711 810.4
0.04712 810.5
0.04713 810.5
0.04714 810.5
0.04715 810.6
0.04716 810.6
0.04717 810.6
0.04718 810.6
0.04719 810.7
0.04720 810.7
0.04721 810.7
0.04722 810.8
0.04723 810.8
0.04724 810.8
0.04725 810.8
0.04726 810.9
0.04727 810.9
0.04728 810.9
0.04729 810.9
0.04730 811.0
0.04731 811.0
0.04732 811.0
0.04733 811.1
0.04734 811.1
0.04735 811.1
0.04736 811.1
0.04737 811.2
0.04738 811.2
0.04739 811.2
0.04740 811.2
0.04741 811.3
0.04742 811.3
0.04743 811.3
0.04744 811.3
0.04745 811.4
0.04746 811.4
0.04747 811.4
0.04748 811.5
0.04749 811.5
0.04750 811.5
0.04751 811.5
0.04752 811.6
0.04753 811.6
0.04754 811.6
0.04755 811.6
0.04756 811.7
0.04757 811.7
0.04758 811.7
0.04759 811.7
0.04760 811.8
0.04761 811.8
0.04762 811.8
0.04763 811.8
0.04764 811.9
0.04765 811.9
0.04766 811.9
0.04767 811.9
0.04768 812.0
0.04769 812.0
0.04770 812.0
0.04771 812.0
0.04772 812.1
0.04773 812.1
0.04774 812.1
0.04775 812.1
0.04776 812.2
0.04777 812.2
0.04778 812.2
0.04779 812.2
0.04780 812.3
0.04781 812.3
0.04782 812.3
0.04783 812.3
0.04784 812.4
0.04785 812.4
0.04786 812.4
0.04787 812.4
0.04788 812.5
0.04789 812.5
0.04790 812.5
0.04791 812.5
0.04792 812.6
0.04793 812.6
0.04794 812.6
0.04795 812.6
0.04796 812.7
0.04797 812.7
0.04798 812.7
0.04799 812.7
0.04800 812.8
0.04801 812.8
0.04802 812.8
0.04803 812.8
0.04804 812.8
0.04805 812.9
0.04806 812.9
0.04807 812.9
0.04808 812.9
0.04809 813.0
0.04810 813.0
0.04811 813.0
0.04812 813.0
0.04813 813.1
0.04814 813.1
0.04815 813.1
0.04816 813.1
0.04817 813.2
0.04818 813.2
0.04819 813.2
0.04820 813.2
0.04821 813.2
0.04822 813.3
0.04823 813.3
0.04824 813.3
0.04825 813.3
0.04826 813.4
0.04827 813.4
0.04828 813.4
0.04829 813.4
0.04830 813.5
0.04831 813.5
0.04832 813.5
0.04833 813.5
0.04834 813.5
0.04835 813.6
0.04836 813.6
0.04837 813.6
0.04838 813.6
0.04839 813.7
0.04840 813.7
0.04841 813.7
0.04842 813.7
0.04843 813.7
0.04844 813.8
0.04845 813.8
0.04846 813.8
0.04847 813.8
0.04848 813.8
0.04849 813.9
0.04850 813.9
0.04851 813.9
0.04852 813.9
0.04853 814.0
0.04854 814.0
0.04855 814.0
0.04856 814.0
0.04857 814.0
0.04858 814.1
0.04859 814.1
0.04860 814.1
0.04861 814.1
0.04862 814.2
0.04863 814.2
0.04864 814.2
0.04865 814.2
0.04866 814.2
0.04867 814.3
0.04868 814.3
0.04869 814.3
0.04870 814.3
0.04871 814.3
0.04872 814.4
0.04873 814.4
0.04874 814.4
0.04875 814.4
0.04876 814.4
0.04877 814.5
0.04878 814.5
0.04879 814.5
0.04880 814.5
0.04881 814.5
0.04882 814.6
0.04883 814.6
0.04884 814.6
0.04885 814.6
0.04886 814.6
0.04887 814.7
0.04888 814.7
0.04889 814.7
0.04890 814.7
0.04891 814.7
0.04892 814.8
0.04893 814.8
0.04894 814.8
0.04895 814.8
0.04896 814.8
0.04897 814.9
0.04898 814.9
0.04899 814.9
0.04900 814.9
0.04901 814.9
0.04902 815.0
0.04903 815.0
0.04904 815.0
0.04905 815.0
0.04906 815.0
0.04907 815.1
0.04908 815.1
0.04909 815.1
0.04910 815.1
0.04911 815.1
0.04912 815.2
0.04913 815.2
0.04914 815.2
0.04915 815.2
0.04916 815.2
0.04917 815.3
0.04918 815.3
0.04919 815.3
0.04920 815.3
0.04921 815.3
0.04922 815.4
0.04923 815.4
0.04924 815.4
0.04925 815.4
0.04926 815.4
0.04927 815.4
0.04928 815.5
0.04929 815.5
0.04930 815.5
0.04931 815.5
0.04932 815.5
0.04933 815.6
0.04934 815.6
0.04935 815.6
0.04936 815.6
0.04937 815.6
0.04938 815.7
0.04939 815.7
0.04940 815.7
0.04941 815.7
0.04942 815.7
0.04943 815.7
0.04944 815.8
0.04945 815.8
0.04946 815.8
0.04947 815.8
0.04948 815.8
0.04949 815.9
0.04950 815.9
0.04951 815.9
0.04952 815.9
0.04953 815.9
0.04954 815.9
0.04955 816.0
0.04956 816.0
0.04957 816.0
0.04958 816.0
0.04959 816.0
0.04960 816.1
0.04961 816.1
0.04962 816.1
0.04963 816.1
0.04964 816.1
0.04965 816.1
0.04966 816.2
0.04967 816.2
0.04968 816.2
0.04969 816.2
0.04970 816.2
0.04971 816.2
0.04972 816.3
0.04973 816.3
0.04974 816.3
0.04975 816.3
0.04976 816.3
0.04977 816.3
0.04978 816.4
0.04979 816.4
0.04980 816.4
0.04981 816.4
0.04982 816.4
0.04983 816.4
0.04984 816.5
0.04985 816.5
0.04986 816.5
0.04987 816.5
0.04988 816.5
0.04989 816.5
0.04990 816.6
0.04991 816.6
0.04992 816.6
0.04993 816.6
0.04994 816.6
0.04995 816.6
0.04996 816.7
0.04997 816.7
0.04998 816.7
0.04999 816.7
0.05000 826.6
0.05001 826.6
0.05002 826.6
0.05003 826.6
0.05004 826.6
0.05005 826.6
0.05006 826.6
0.05007 826.6
0.05008 826.6
0.05009 826.6
0.05010 826.6
0.05011 826.6
0.05012 826.6
0.05013 826.6
0.05014 826.6
0.05015 826.6
0.05016 826.6
0.05017 826.6
0.05018 826.6
0.05019 826.6
0.05020 826.6
0.05021 826.6
0.05022 826.6
0.05023 826.6
0.05024 826.6
0.05025 826.6
0.05026 826.6
0.05027 826.6
0.05028 826.6
0.05029 826.6
0.05030 826.6
0.05031 826.6
0.05032 826.6
0.05033 826.6
0.05034 826.6
0.05035 826.6
0.05036 826.6
0.05037 826.6
0.05038 826.6
0.05039 826.6
0.05040 826.6
0.05041 826.6
0.05042 826.6
0.05043 826.6
0.05044 826.6
0.05045 826.6
0.05046 826.6
0.05047 826.6
0.05048 826.6
0.05049 826.6
0.05050 826.6
0.05051 826.6
0.05052 826.6
0.05053 826.6
0.05054 826.6
0.05055 826.6
0.05056 826.6
0.05057 826.6
0.05058 826.6
0.05059 826.6
0.05060 826.6
0.05061 826.6
0.05062 826.6
0.05063 826.6
0.05064 826.6
0.05065 826.6
0.05066 826.6
0.05067 826.6
0.05068 826.6
0.05069 826.6
0.05070 826.6
0.05071 826.6
0.05072 826.6
0.05073 826.6
0.05074 826.6
0.05075 826.6
0.05076 826.6
0.05077 826.6
0.05078 826.6
0.05079 826.6
0.05080 826.6
0.05081 826.6
0.05082 826.6
0.05083 826.6
0.05084 826.6
0.05085 826.6
0.05086 826.6
0.05087 826.6
0.05088 826.6
0.05089 826.6
0.05090 826.6
0.05091 826.6
0.05092 826.6
0.05093 826.6
0.05094 826.6
0.05095 826.6
0.05096 826.6
0.05097 826.6
0.05098 826.6
0.05099 826.6
0.05100 826.6
0.05101 826.6
0.05102 826.6
0.05103 826.6
0.05104 826.6
0.05105 826.6
0.05106 826.6
0.05107 826.6
0.05108 826.6
0.05109 826.6
0.05110 826.6
0.05111 826.6
0.05112 826.6
0.05113 826.6
0.05114 826.6
0.05115 826.6
0.05116 826.6
0.05117 826.6
0.05118 826.6
0.05119 826.6
0.05120 826.6
0.05121 826.6
0.05122 826.6
0.05123 826.6
0.05124 826.6
0.05125 826.6
0.05126 826.6
0.05127 826.6
0.05128 826.6
0.05129 826.6
0.05130 826.6
0.05131 826.6
0.05132 826.6
0.05133 826.6
0.05134 826.6
0.05135 826.6
0.05136 826.6
0.05137 826.6
0.05138 826.6
0.05139 826.6
0.05140 826.6
0.05141 826.6
0.05142 826.6
0.05143 826.6
0.05144 826.6
0.05145 826.6
0.05146 826.6
0.05147 826.6
0.05148 826.6
0.05149 826.6
0.05150 826.6
0.05151 826.6
0.05152 826.6
0.05153 826.6
0.05154 826.6
0.05155 826.6
0.05156 826.6
0.05157 826.6
0.05158 826.6
0.05159 826.6
0.05160 826.6
0.05161 826.6
0.05162 826.6
0.05163 826.6
0.05164 826.6
0.05165 826.6
0.05166 826.6
0.05167 826.6
0.05168 826.6
0.05169 826.6
0.05170 826.6
0.05171 826.6
0.05172 826.6
0.05173 826.6
0.05174 826.6
0.05175 826.6
0.05176 826.6
0.05177 826.6
0.05178 826.6
0.05179 826.6
0.05180 826.6
0.05181 826.6
0.05182 826.6
0.05183 826.6
0.05184 826.6
0.05185 826.6
0.05186 826.6
0.05187 826.6
0.05188 826.6
0.05189 826.6
0.05190 826.6
0.05191 826.6
0.05192 826.6
0.05193 826.6
0.05194 826.6
0.05195 826.6
0.05196 826.6
0.05197 826.6
0.05198 826.6
0.05199 826.6
0.05200 826.6
0.05201 826.6
0.05202 826.6
0.05203 826.6
0.05204 826.6
0.05205 826.6
0.05206 826.6
0.05207 826.6
0.05208 826.6
0.05209 826.6
0.05210 826.6
0.05211 826.6
0.05212 826.6
0.05213 826.6
0.05214 826.6
0.05215 826.6
0.05216 826.6
0.05217 826.6
0.05218 826.6
0.05219 826.6
0.05220 826.6
0.05221 826.6
0.05222 826.6
0.05223 826.6
0.05224 826.6
0.05225 826.6
0.05226 826.6
0.05227 826.6
0.05228 826.6
0.05229 826.6
0.05230 826.6
0.05231 826.6
0.05232 826.6
0.05233 826.6
0.05234 826.6
0.05235 826.6
0.05236 826.6
0.05237 826.6
0.05238 826.6
0.05239 826.6
0.05240 826.6
0.05241 826.6
0.05242 826.6
0.05243 826.6
0.05244 826.6
0.05245 826.6
0.05246 826.6
0.05247 826.6
0.05248 826.6
0.05249 826.6
0.05250 826.6
0.05251 826.6
0.05252 826.6
0.05253 826.6
0.05254 826.6
0.05255 826.6
0.05256 826.6
0.05257 826.6
0.05258 826.6
0.05259 826.6
0.05260 826.6
0.05261 826.6
0.05262 826.6
0.05263 826.6
0.05264 826.6
0.05265 826.6
0.05266 826.6
0.05267 826.6
0.05268 826.6
0.05269 826.6
0.05270 826.6
0.05271 826.6
0.05272 826.6
0.05273 826.6
0.05274 826.6
0.05275 826.6
0.05276 826.6
0.05277 826.6
0.05278 826.6
0.05279 826.6
0.05280 826.6
0.05281 826.6
0.05282 826.6
0.05283 826.6
0.05284 826.6
0.05285 826.6
0.05286 826.6
0.05287 826.6
0.05288 826.6
0.05289 826.6
0.05290 826.6
0.05291 826.6
0.05292 826.6
0.05293 826.6
0.05294 826.6
0.05295 826.6
0.05296 826.6
0.05297 826.6
0.05298 826.6
0.05299 826.6
0.05300 826.6
0.05301 826.6
0.05302 826.6
0.05303 826.6
0.05304 826.6
0.05305 826.6
0.05306 826.6
0.05307 826.6
0.05308 826.6
0.05309 826.6
0.05310 826.6
0.05311 826.6
0.05312 826.6
0.05313 826.6
0.05314 826.6
0.05315 826.6
0.05316 826.6
0.05317 826.6
0.05318 826.6
0.05319 826.6
0.05320 826.6
0.05321 826.6
0.05322 826.6
0.05323 826.6
0.05324 826.6
0.05325 826.6
0.05326 826.6
0.05327 826.6
0.05328 826.6
0.05329 826.6
0.05330 826.6
0.05331 826.6
0.05332 826.6
0.05333 826.6
0.05334 826.6
0.05335 826.6
0.05336 826.6
0.05337 826.6
0.05338 826.6
0.05339 826.6
0.05340 826.6
0.05341 826.6
0.05342 826.6
0.05343 826.6
0.05344 826.6
0.05345 826.6
0.05346 826.6
0.05347 826.6
0.05348 826.6
0.05349 826.6
0.05350 826.6
0.05351 826.6
0.05352 826.6
0.05353 826.6
0.05354 826.6
0.05355 826.6
0.05356 826.6
0.05357 826.6
0.05358 826.6
0.05359 826.6
0.05360 826.6
0.05361 826.6
0.05362 826.6
0.05363 826.6
0.05364 826.6
0.05365 826.6
0.05366 826.6
0.05367 826.6
0.05368 826.6
0.05369 826.6
0.05370 826.6
0.05371 826.6
0.05372 826.6
0.05373 826.6
0.05374 826.6
0.05375 826.6
0.05376 826.6
0.05377 826.6
0.05378 826.6
0.05379 826.6
0.05380 826.6
0.05381 826.6
0.05382 826.6
0.05383 826.6
0.05384 826.6
0.05385 826.6
0.05386 826.6
0.05387 826.6
0.05388 826.6
0.05389 826.6
0.05390 826.6
0.05391 826.6
0.05392 826.6
0.05393 826.6
0.05394 826.6
0.05395 826.6
0.05396 826.6
0.05397 826.6
0.05398 826.6
0.05399 826.6
0.05400 826.6
0.05401 826.6
0.05402 826.6
0.05403 826.6
0.05404 826.6
0.05405 826.6
0.05406 826.6
0.05407 826.6
0.05408 826.6
0.05409 826.6
0.05410 826.6
0.05411 826.6
0.05412 826.6
0.05413 826.6
0.05414 826.6
0.05415 826.6
0.05416 826.6
0.05417 826.6
0.05418 826.6
0.05419 826.6
0.05420 826.6
0.05421 826.6
0.05422 826.6
0.05423 826.6
0.05424 826.6
0.05425 826.6
0.05426 826.6
0.05427 826.6
0.05428 826.6
0.05429 826.6
0.05430 826.6
0.05431 826.6
0.05432 826.6
0.05433 826.6
0.05434 826.6
0.05435 826.6
0.05436 826.6
0.05437 826.6
0.05438 826.6
0.05439 826.6
0.05440 826.6
0.05441 826.6
0.05442 826.6
0.05443 826.6
0.05444 826.6
0.05445 826.6
0.05446 826.6
0.05447 826.6
0.05448 826.6
0.05449 826.6
0.05450 826.6
0.05451 826.6
0.05452 826.6
0.05453 826.6
0.05454 826.6
0.05455 826.6
0.05456 826.6
0.05457 826.6
0.05458 826.6
0.05459 826.6
0.05460 826.6
0.05461 826.6
0.05462 826.6
0.05463 826.6
0.05464 826.6
0.05465 826.6
0.05466 826.6
0.05467 826.6
0.05468 826.6
0.05469 826.6
0.05470 826.6
0.05471 826.6
0.05472 826.6
0.05473 826.6
0.05474 826.6
0.05475 826.6
0.05476 826.6
0.05477 826.6
0.05478 826.6
0.05479 826.6
0.05480 826.6
0.05481 826.6
0.05482 826.6
0.05483 826.6
0.05484 826.6
0.05485 826.6
0.05486 826.6
0.05487 826.6
0.05488 826.6
0.05489 826.6
0.05490 826.6
0.05491 826.6
0.05492 826.6
0.05493 826.6
0.05494 826.6
0.05495 826.6
0.05496 826.6
0.05497 826.6
0.05498 826.6
0.05499 826.6
0.05500 826.6
0.05501 826.6
0.05502 826.6
0.05503 826.6
0.05504 826.6
0.05505 826.6
0.05506 826.6
0.05507 826.6
0.05508 826.6
0.05509 826.6
0.05510 826.6
0.05511 826.6
0.05512 826.6
0.05513 826.6
0.05514 826.6
0.05515 826.6
0.05516 826.6
0.05517 826.6
0.05518 826.6
0.05519 826.6
0.05520 826.6
0.05521 826.6
0.05522 826.6
0.05523 826.6
0.05524 826.6
0.05525 826.6
0.05526 826.6
0.05527 826.6
0.05528 826.6
0.05529 826.6
0.05530 826.6
0.05531 826.6
0.05532 826.6
0.05533 826.6
0.05534 826.6
0.05535 826.6
0.05536 826.6
0.05537 826.6
0.05538 826.6
0.05539 826.6
0.05540 826.6
0.05541 826.6
0.05542 826.6
0.05543 826.6
0.05544 826.6
0.05545 826.6
0.05546 826.6
0.05547 826.6
0.05548 826.6
0.05549 826.6
0.05550 826.6
0.05551 826.6
0.05552 826.6
0.05553 826.6
0.05554 826.6
0.05555 826.6
0.05556 826.6
0.05557 826.6
0.05558 826.6
0.05559 826.6
0.05560 826.6
0.05561 826.6
0.05562 826.6
0.05563 826.6
0.05564 826.6
0.05565 826.6
0.05566 826.6
0.05567 826.6
0.05568 826.6
0.05569 826.6
0.05570 826.6
0.05571 826.6
0.05572 826.6
0.05573 826.6
0.05574 826.6
0.05575 826.6
0.05576 826.6
0.05577 826.6
0.05578 826.6
0.05579 826.6
0.05580 826.6
0.05581 826.6
0.05582 826.6
0.05583 826.6
0.05584 826.6
0.05585 826.6
0.05586 826.6
0.05587 826.6
0.05588 826.6
0.05589 826.6
0.05590 826.6
0.05591 826.6
0.05592 826.6
0.05593 826.6
0.05594 826.6
0.05595 826.6
0.05596 826.6
0.05597 826.6
0.05598 826.6
0.05599 826.6
0.05600 826.6
0.05601 826.6
0.05602 826.6
0.05603 826.6
0.05604 826.6
0.05605 826.6
0.05606 826.6
0.05607 826.6
0.05608 826.6
0.05609 826.6
0.05610 826.6
0.05611 826.6
0.05612 826.6
0.05613 826.6
0.05614 826.6
0.05615 826.6
0.05616 826.6
0.05617 826.6
0.05618 826.6
0.05619 826.6
0.05620 826.6
0.05621 826.6
0.05622 826.6
0.05623 826.6
0.05624 826.6
0.05625 826.6
0.05626 826.6
0.05627 826.6
0.05628 826.6
0.05629 826.6
0.05630 826.6
0.05631 826.6
0.05632 826.6
0.05633 826.6
0.05634 826.6
0.05635 826.6
0.05636 826.6
0.05637 826.6
0.05638 826.6
0.05639 826.6
0.05640 826.6
0.05641 826.6
0.05642 826.6
0.05643 826.6
0.05644 826.6
0.05645 826.6
0.05646 826.6
0.05647 826.6
0.05648 826.6
0.05649 826.6
0.05650 826.6
0.05651 826.6
0.05652 826.6
0.05653 826.6
0.05654 826.6
0.05655 826.6
0.05656 826.6
0.05657 826.6
0.05658 826.6
0.05659 826.6
0.05660 826.6
0.05661 826.6
0.05662 826.6
0.05663 826.6
0.05664 826.6
0.05665 826.6
0.05666 826.6
0.05667 826.6
0.05668 826.6
0.05669 826.6
0.05670 826.6
0.05671 826.6
0.05672 826.6
0.05673 826.6
0.05674 826.6
0.05675 826.6
0.05676 826.6
0.05677 826.6
0.05678 826.6
0.05679 826.6
0.05680 826.6
0.05681 826.6
0.05682 826.6
0.05683 826.6
0.05684 826.6
0.05685 826.6
0.05686 826.6
0.05687 826.6
0.05688 826.6
0.05689 826.6
0.05690 826.6
0.05691 826.6
0.05692 826.6
0.05693 826.6
0.05694 826.6
0.05695 826.6
0.05696 826.6
0.05697 826.6
0.05698 826.6
0.05699 826.6
0.05700 826.6
0.05701 826.6
0.05702 826.6
0.05703 826.6
0.05704 826.6
0.05705 826.6
0.05706 826.6
0.05707 826.6
0.05708 826.6
0.05709 826.6
0.05710 826.6
0.05711 826.6
0.05712 826.6
0.05713 826.6
0.05714 826.6
0.05715 826.6
0.05716 826.6
0.05717 826.6
0.05718 826.6
0.05719 826.6
0.05720 826.6
0.05721 826.6
0.05722 826.6
0.05723 826.6
0.05724 826.6
0.05725 826.6
0.05726 826.6
0.05727 826.6
0.05728 826.6
0.05729 826.6
0.05730 826.6
0.05731 826.6
0.05732 826.6
0.05733 826.6
0.05734 826.6
0.05735 826.6
0.05736 826.6
0.05737 826.6
0.05738 826.6
0.05739 826.6
0.05740 826.6
0.05741 826.6
0.05742 826.6
0.05743 826.6
0.05744 826.6
0.05745 826.6
0.05746 826.6
0.05747 826.6
0.05748 826.6
0.05749 826.6
0.05750 826.6
0.05751 826.6
0.05752 826.6
0.05753 826.6
0.05754 826.6
0.05755 826.6
0.05756 826.6
0.05757 826.6
0.05758 826.6
0.05759 826.6
0.05760 826.6
0.05761 826.6
0.05762 826.6
0.05763 826.6
0.05764 826.6
0.05765 826.6
0.05766 826.6
0.05767 826.6
0.05768 826.6
0.05769 826.6
0.05770 826.6
0.05771 826.6
0.05772 826.6
0.05773 826.6
0.05774 826.6
0.05775 826.6
0.05776 826.6
0.05777 826.6
0.05778 826.6
0.05779 826.6
0.05780 826.6
0.05781 826.6
0.05782 826.6
0.05783 826.6
0.05784 826.6
0.05785 826.6
0.05786 826.6
0.05787 826.6
0.05788 826.6
0.05789 826.6
0.05790 826.6
0.05791 826.6
0.05792 826.6
0.05793 826.6
0.05794 826.6
0.05795 826.6
0.05796 826.6
0.05797 826.6
0.05798 826.6
0.05799 826.6
0.05800 826.6
0.05801 826.6
0.05802 826.6
0.05803 826.6
0.05804 826.6
0.05805 826.6
0.05806 826.6
0.05807 826.6
0.05808 826.6
0.05809 826.6
0.05810 826.6
0.05811 826.6
0.05812 826.6
0.05813 826.6
0.05814 826.6
0.05815 826.6
0.05816 826.6
0.05817 826.6
0.05818 826.6
0.05819 826.6
0.05820 826.6
0.05821 826.6
0.05822 826.6
0.05823 826.6
0.05824 826.6
0.05825 826.6
0.05826 826.6
0.05827 826.6
0.05828 826.6
0.05829 826.6
0.05830 826.6
0.05831 826.6
0.05832 826.6
0.05833 826.6
0.05834 826.6
0.05835 826.6
0.05836 826.6
0.05837 826.6
0.05838 826.6
0.05839 826.6
0.05840 826.6
0.05841 826.6
0.05842 826.6
0.05843 826.6
0.05844 826.6
0.05845 826.6
0.05846 826.6
0.05847 826.6
0.05848 826.6
0.05849 826.6
0.05850 826.6
0.05851 826.6
0.05852 826.6
0.05853 826.6
0.05854 826.6
0.05855 826.6
0.05856 826.6
0.05857 826.6
0.05858 826.6
0.05859 826.6
0.05860 826.6
0.05861 826.6
0.05862 826.6
0.05863 826.6
0.05864 826.6
0.05865 826.6
0.05866 826.6
0.05867 826.6
0.05868 826.6
0.05869 826.6
0.05870 826.6
0.05871 826.6
0.05872 826.6
0.05873 826.6
0.05874 826.6
0.05875 826.6
0.05876 826.6
0.05877 826.6
0.05878 826.6
0.05879 826.6
0.05880 826.6
0.05881 826.6
0.05882 826.6
0.05883 826.6
0.05884 826.6
0.05885 826.6
0.05886 826.6
0.05887 826.6
0.05888 826.6
0.05889 826.6
0.05890 826.6
0.05891 826.6
0.05892 826.6
0.05893 826.6
0.05894 826.6
0.05895 826.6
0.05896 826.6
0.05897 826.6
0.05898 826.6
0.05899 826.6
0.05900 826.6
0.05901 826.6
0.05902 826.6
0.05903 826.6
0.05904 826.6
0.05905 826.6
0.05906 826.6
0.05907 826.6
0.05908 826.6
0.05909 826.6
0.05910 826.6
0.05911 826.6
0.05912 826.6
0.05913 826.6
0.05914 826.6
0.05915 826.6
0.05916 826.6
0.05917 826.6
0.05918 826.6
0.05919 826.6
0.05920 826.6
0.05921 826.6
0.05922 826.6
0.05923 826.6
0.05924 826.6
0.05925 826.6
0.05926 826.6
0.05927 826.6
0.05928 826.6
0.05929 826.6
0.05930 826.6
0.05931 826.6
0.05932 826.6
0.05933 826.6
0.05934 826.6
0.05935 826.6
0.05936 826.6
0.05937 826.6
0.05938 826.6
0.05939 826.6
0.05940 826.6
0.05941 826.6
0.05942 826.6
0.05943 826.6
0.05944 826.6
0.05945 826.6
0.05946 826.6
0.05947 826.6
0.05948 826.6
0.05949 826.6
0.05950 826.6
0.05951 826.6
0.05952 826.6
0.05953 826.6
0.05954 826.6
0.05955 826.6
0.05956 826.6
0.05957 826.6
0.05958 826.6
0.05959 826.6
0.05960 826.6
0.05961 826.6
0.05962 826.6
0.05963 826.6
0.05964 826.6
0.05965 826.6
0.05966 826.6
0.05967 826.6
0.05968 826.6
0.05969 826.6
0.05970 826.6
0.05971 826.6
0.05972 826.6
0.05973 826.6
0.05974 826.6
0.05975 826.6
0.05976 826.6
0.05977 826.6
0.05978 826.6
0.05979 826.6
0.05980 826.6
0.05981 826.6
0.05982 826.6
0.05983 826.6
0.05984 826.6
0.05985 826.6
0.05986 826.6
0.05987 826.6
0.05988 826.6
0.05989 826.6
0.05990 826.6
0.05991 826.6
0.05992 826.6
0.05993 826.6
0.05994 826.6
0.05995 826.6
0.05996 826.6
0.05997 826.6
0.05998 826.6
0.05999 826.6
0.06000 826.6
