0.00000 1018.8
0.00001 1018.8
0.00002 1018.8
0.00003 1018.8
0.00004 1018.8
0.00005 1018.8
0.00006 1018.8
0.00007 1018.8
0.00008 1018.8
0.00009 1018.8
0.00010 1018.8
0.00011 1018.8
0.00012 1018.8
0.00013 1018.8
0.00014 1018.8
0.00015 1018.8
0.00016 1018.8
0.00017 1018.8
0.00018 1018.8
0.00019 1018.8
0.00020 1018.8
0.00021 1018.8
0.00022 1018.8
0.00023 1018.8
0.00024 1018.8
0.00025 1018.8
0.00026 1018.8
0.00027 1018.8
0.00028 1018.8
0.00029 1018.8
0.00030 1018.8
0.00031 1018.8
0.00032 1018.8
0.00033 1018.8
0.00034 1018.8
0.00035 1018.8
0.00036 1018.8
0.00037 1018.8
0.00038 1018.8
0.00039 1018.8
0.00040 1018.8
0.00041 1018.8
0.00042 1018.8
0.00043 1018.8
0.00044 1018.8
0.00045 1018.8
0.00046 1018.8
0.00047 1018.8
0.00048 1018.8
0.00049 1018.8
0.00050 1018.8
0.00051 1018.8
0.00052 1018.8
0.00053 1018.8
0.00054 1018.8
0.00055 1018.8
0.00056 1018.8
0.00057 1018.8
0.00058 1018.8
0.00059 1018.8
0.00060 1018.8
0.00061 1018.8
0.00062 1018.8
0.00063 1018.8
0.00064 1018.8
0.00065 1018.8
0.00066 1018.8
0.00067 1018.8
0.00068 1018.8
0.00069 1018.8
0.00070 1018.8
0.00071 1018.8
0.00072 1018.8
0.00073 1018.8
0.00074 1018.8
0.00075 1018.8
0.00076 1018.8
0.00077 1018.8
0.00078 1018.8
0.00079 1018.8
0.00080 1018.8
0.00081 1018.8
0.00082 1018.8
0.00083 1018.8
0.00084 1018.8
0.00085 1018.8
0.00086 1018.8
0.00087 1018.8
0.00088 1018.8
0.00089 1018.8
0.00090 1018.8
0.00091 1018.8
0.00092 1018.8
0.00093 1018.8
0.00094 1018.8
0.00095 1018.8
0.00096 1018.8
0.00097 1018.8
0.00098 1018.8
0.00099 1018.8
0.00100 1018.8
0.00101 1037.4
0.00102 1056.2
0.00103 1075.4
0.00104 1094.8
0.00105 1114.5
0.00106 1134.5
0.00107 1154.8
0.00108 1175.4
0.00109 1196.3
0.00110 1217.5
0.00111 1239.0
0.00112 1260.9
0.00113 1283.0
0.00114 1305.5
0.00115 1328.4
0.00116 1351.6
0.00117 1375.1
0.00118 1399.1
0.00119 1423.3
0.00120 1448.0
0.00121 1473.1
0.00122 1498.6
0.00123 1524.5
0.00124 1550.9
0.00125 1577.7
0.00126 1605.1
0.00127 1632.9
0.00128 1661.4
0.00129 1690.5
0.00130 1720.2
0.00131 1750.6
0.00132 1781.9
0.00133 1814.0
0.00134 1847.1
0.00135 1881.2
0.00136 1916.6
0.00137 1953.3
0.00138 1991.6
0.00139 2031.6
0.00140 2073.7
0.00141 2118.0
0.00142 2164.9
0.00143 2214.9
0.00144 2268.5
0.00145 2326.1
0.00146 2388.6
0.00147 2456.8
0.00148 2531.6
0.00149 2614.3
0.00150 2706.4
0.00151 2759.8
0.00152 2823.8
0.00153 2900.0
0.00154 2990.1
0.00155 3096.1
0.00156 3220.5
0.00157 3366.1
0.00158 3536.0
0.00159 3733.9
0.00160 3963.5
0.00161 4228.2
0.00162 4530.7
0.00163 4871.5
0.00164 5248.3
0.00165 5653.7
0.00166 6075.8
0.00167 6498.1
0.00168 6903.3
0.00169 7276.3
0.00170 7607.5
0.00171 7893.0
0.00172 8133.4
0.00173 8332.1
0.00174 8493.5
0.00175 8622.5
0.00176 8723.1
0.00177 8799.2
0.00178 8853.7
0.00179 8889.3
0.00180 8908.0
0.00181 8911.7
0.00182 8901.7
0.00183 8879.2
0.00184 8845.3
0.00185 8800.7
0.00186 8746.1
0.00187 8682.3
0.00188 8609.7
0.00189 8528.8
0.00190 8440.1
0.00191 8344.0
0.00192 8240.9
0.00193 8131.3
0.00194 8015.5
0.00195 7894.1
0.00196 7767.3
0.00197 7635.6
0.00198 7499.5
0.00199 7359.5
0.00200 7215.9
0.00201 7069.2
0.00202 6920.0
0.00203 6768.6
0.00204 6615.6
0.00205 6461.4
0.00206 6306.5
0.00207 6151.3
0.00208 5996.2
0.00209 5841.8
0.00210 5688.3
0.00211 5536.2
0.00212 5385.8
0.00213 5237.5
0.00214 5091.4
0.00215 4948.1
0.00216 4807.5
0.00217 4670.1
0.00218 4535.9
0.00219 4405.1
0.00220 4277.9
0.00221 4154.4
0.00222 4034.6
0.00223 3918.6
0.00224 3806.5
0.00225 3698.1
0.00226 3593.6
0.00227 3492.9
0.00228 3395.9
0.00229 3302.6
0.00230 3213.0
0.00231 3126.9
0.00232 3044.2
0.00233 2964.9
0.00234 2888.8
0.00235 2815.9
0.00236 2746.0
0.00237 2679.0
0.00238 2614.8
0.00239 2553.4
0.00240 2494.5
0.00241 2438.0
0.00242 2384.0
0.00243 2332.1
0.00244 2282.5
0.00245 2234.9
0.00246 2189.2
0.00247 2145.4
0.00248 2103.4
0.00249 2063.0
0.00250 2024.3
0.00251 1987.0
0.00252 1951.2
0.00253 1916.8
0.00254 1883.8
0.00255 1851.9
0.00256 1821.3
0.00257 1791.8
0.00258 1763.3
0.00259 1735.9
0.00260 1709.5
0.00261 1684.1
0.00262 1659.5
0.00263 1635.8
0.00264 1612.9
0.00265 1590.9
0.00266 1569.6
0.00267 1549.0
0.00268 1529.1
0.00269 1509.9
0.00270 1491.4
0.00271 1473.5
0.00272 1456.2
0.00273 1439.5
0.00274 1423.4
0.00275 1407.8
0.00276 1392.8
0.00277 1378.3
0.00278 1364.2
0.00279 1350.7
0.00280 1337.6
0.00281 1325.0
0.00282 1312.8
0.00283 1301.1
0.00284 1289.7
0.00285 1278.8
0.00286 1268.2
0.00287 1258.0
0.00288 1248.2
0.00289 1238.7
0.00290 1229.6
0.00291 1220.7
0.00292 1212.2
0.00293 1204.0
0.00294 1196.1
0.00295 1188.5
0.00296 1181.1
0.00297 1174.0
0.00298 1167.2
0.00299 1160.6
0.00300 1154.2
0.00301 1148.1
0.00302 1142.2
0.00303 1136.5
0.00304 1130.9
0.00305 1125.6
0.00306 1120.5
0.00307 1115.5
0.00308 1110.8
0.00309 1106.1
0.00310 1101.7
0.00311 1097.4
0.00312 1093.2
0.00313 1089.2
0.00314 1085.3
0.00315 1081.6
0.00316 1078.0
0.00317 1074.5
0.00318 1071.1
0.00319 1067.8
0.00320 1064.6
0.00321 1061.6
0.00322 1058.6
0.00323 1055.8
0.00324 1053.0
0.00325 1050.3
0.00326 1047.7
0.00327 1045.2
0.00328 1042.8
0.00329 1040.4
0.00330 1038.2
0.00331 1036.0
0.00332 1033.8
0.00333 1031.8
0.00334 1029.8
0.00335 1027.8
0.00336 1025.9
0.00337 1024.1
0.00338 1022.3
0.00339 1020.6
0.00340 1019.0
0.00341 1017.3
0.00342 1015.8
0.00343 1014.3
0.00344 1012.8
0.00345 1011.4
0.00346 1010.0
0.00347 1008.6
0.00348 1007.3
0.00349 1006.1
0.00350 1004.8
0.00351 1003.6
0.00352 1002.5
0.00353 1001.3
0.00354 1000.3
0.00355 999.2
0.00356 998.2
0.00357 997.2
0.00358 996.2
0.00359 995.2
0.00360 994.3
0.00361 993.4
0.00362 992.5
0.00363 991.7
0.00364 990.9
0.00365 990.1
0.00366 989.3
0.00367 988.5
0.00368 987.8
0.00369 987.1
0.00370 986.4
0.00371 985.7
0.00372 985.1
0.00373 984.4
0.00374 983.8
0.00375 983.2
0.00376 982.6
0.00377 982.0
0.00378 981.5
0.00379 980.9
0.00380 980.4
0.00381 979.9
0.00382 979.4
0.00383 978.9
0.00384 978.4
0.00385 978.0
0.00386 977.5
0.00387 977.1
0.00388 976.6
0.00389 976.2
0.00390 975.8
0.00391 975.4
0.00392 975.0
0.00393 974.7
0.00394 974.3
0.00395 974.0
0.00396 973.6
0.00397 973.3
0.00398 972.9
0.00399 972.6
0.00400 972.3
0.00401 972.0
0.00402 971.7
0.00403 971.4
0.00404 971.1
0.00405 970.9
0.00406 970.6
0.00407 970.3
0.00408 970.1
0.00409 969.8
0.00410 969.6
0.00411 969.4
0.00412 969.1
0.00413 968.9
0.00414 968.7
0.00415 968.5
0.00416 968.3
0.00417 968.1
0.00418 967.9
0.00419 967.7
0.00420 967.5
0.00421 967.3
0.00422 967.2
0.00423 967.0
0.00424 966.8
0.00425 966.7
0.00426 966.5
0.00427 966.4
0.00428 966.2
0.00429 966.1
0.00430 965.9
0.00431 965.8
0.00432 965.7
0.00433 965.5
0.00434 965.4
0.00435 965.3
0.00436 965.2
0.00437 965.0
0.00438 964.9
0.00439 964.8
0.00440 964.7
0.00441 964.6
0.00442 964.5
0.00443 964.4
0.00444 964.3
0.00445 964.2
0.00446 964.1
0.00447 964.0
0.00448 963.9
0.00449 963.9
0.00450 963.8
0.00451 963.7
0.00452 963.6
0.00453 963.6
0.00454 963.5
0.00455 963.4
0.00456 963.4
0.00457 963.3
0.00458 963.2
0.00459 963.2
0.00460 963.1
0.00461 963.1
0.00462 963.0
0.00463 962.9
0.00464 962.9
0.00465 962.8
0.00466 962.8
0.00467 962.8
0.00468 962.7
0.00469 962.7
0.00470 962.6
0.00471 962.6
0.00472 962.6
0.00473 962.5
0.00474 962.5
0.00475 962.4
0.00476 962.4
0.00477 962.4
0.00478 962.4
0.00479 962.3
0.00480 962.3
0.00481 962.3
0.00482 962.3
0.00483 962.2
0.00484 962.2
0.00485 962.2
0.00486 962.2
0.00487 962.2
0.00488 962.1
0.00489 962.1
0.00490 962.1
0.00491 962.1
0.00492 962.1
0.00493 962.1
0.00494 962.1
0.00495 962.1
0.00496 962.0
0.00497 962.0
0.00498 962.0
0.00499 962.0
0.00500 962.0
0.00501 962.0
0.00502 962.0
0.00503 962.0
0.00504 962.0
0.00505 962.0
0.00506 962.0
0.00507 962.0
0.00508 962.0
0.00509 962.0
0.00510 962.0
0.00511 962.0
0.00512 962.0
0.00513 962.0
0.00514 962.1
0.00515 962.1
0.00516 962.1
0.00517 962.1
0.00518 962.1
0.00519 962.1
0.00520 962.1
0.00521 962.1
0.00522 962.1
0.00523 962.1
0.00524 962.2
0.00525 962.2
0.00526 962.2
0.00527 962.2
0.00528 962.2
0.00529 962.2
0.00530 962.3
0.00531 962.3
0.00532 962.3
0.00533 962.3
0.00534 962.3
0.00535 962.3
0.00536 962.4
0.00537 962.4
0.00538 962.4
0.00539 962.4
0.00540 962.5
0.00541 962.5
0.00542 962.5
0.00543 962.5
0.00544 962.5
0.00545 962.6
0.00546 962.6
0.00547 962.6
0.00548 962.6
0.00549 962.7
0.00550 962.7
0.00551 962.7
0.00552 962.8
0.00553 962.8
0.00554 962.8
0.00555 962.8
0.00556 962.9
0.00557 962.9
0.00558 962.9
0.00559 963.0
0.00560 963.0
0.00561 963.0
0.00562 963.0
0.00563 963.1
0.00564 963.1
0.00565 963.1
0.00566 963.2
0.00567 963.2
0.00568 963.2
0.00569 963.3
0.00570 963.3
0.00571 963.3
0.00572 963.4
0.00573 963.4
0.00574 963.4
0.00575 963.5
0.00576 963.5
0.00577 963.6
0.00578 963.6
0.00579 963.6
0.00580 963.7
0.00581 963.7
0.00582 963.7
0.00583 963.8
0.00584 963.8
0.00585 963.8
0.00586 963.9
0.00587 963.9
0.00588 964.0
0.00589 964.0
0.00590 964.0
0.00591 964.1
0.00592 964.1
0.00593 964.2
0.00594 964.2
0.00595 964.2
0.00596 964.3
0.00597 964.3
0.00598 964.4
0.00599 964.4
0.00600 964.4
0.00601 964.5
0.00602 964.5
0.00603 964.6
0.00604 964.6
0.00605 964.7
0.00606 964.7
0.00607 964.7
0.00608 964.8
0.00609 964.8
0.00610 964.9
0.00611 964.9
0.00612 965.0
0.00613 965.0
0.00614 965.0
0.00615 965.1
0.00616 965.1
0.00617 965.2
0.00618 965.2
0.00619 965.3
0.00620 965.3
0.00621 965.4
0.00622 965.4
0.00623 965.4
0.00624 965.5
0.00625 965.5
0.00626 965.6
0.00627 965.6
0.00628 965.7
0.00629 965.7
0.00630 965.8
0.00631 965.8
0.00632 965.9
0.00633 965.9
0.00634 966.0
0.00635 966.0
0.00636 966.1
0.00637 966.1
0.00638 966.1
0.00639 966.2
0.00640 966.2
0.00641 966.3
0.00642 966.3
0.00643 966.4
0.00644 966.4
0.00645 966.5
0.00646 966.5
0.00647 966.6
0.00648 966.6
0.00649 966.7
0.00650 966.7
0.00651 966.8
0.00652 966.8
0.00653 966.9
0.00654 966.9
0.00655 967.0
0.00656 967.0
0.00657 967.1
0.00658 967.1
0.00659 967.2
0.00660 967.2
0.00661 967.3
0.00662 967.3
0.00663 967.4
0.00664 967.4
0.00665 967.5
0.00666 967.5
0.00667 967.6
0.00668 967.6
0.00669 967.7
0.00670 967.7
0.00671 967.8
0.00672 967.8
0.00673 967.9
0.00674 967.9
0.00675 968.0
0.00676 968.1
0.00677 968.1
0.00678 968.2
0.00679 968.2
0.00680 968.3
0.00681 968.3
0.00682 968.4
0.00683 968.4
0.00684 968.5
0.00685 968.5
0.00686 968.6
0.00687 968.6
0.00688 968.7
0.00689 968.7
0.00690 968.8
0.00691 968.8
0.00692 968.9
0.00693 968.9
0.00694 969.0
0.00695 969.1
0.00696 969.1
0.00697 969.2
0.00698 969.2
0.00699 969.3
0.00700 969.3
0.00701 969.4
0.00702 969.4
0.00703 969.5
0.00704 969.5
0.00705 969.6
0.00706 969.6
0.00707 969.7
0.00708 969.8
0.00709 969.8
0.00710 969.9
0.00711 969.9
0.00712 970.0
0.00713 970.0
0.00714 970.1
0.00715 970.1
0.00716 970.2
0.00717 970.2
0.00718 970.3
0.00719 970.4
0.00720 970.4
0.00721 970.5
0.00722 970.5
0.00723 970.6
0.00724 970.6
0.00725 970.7
0.00726 970.7
0.00727 970.8
0.00728 970.9
0.00729 970.9
0.00730 971.0
0.00731 971.0
0.00732 971.1
0.00733 971.1
0.00734 971.2
0.00735 971.2
0.00736 971.3
0.00737 971.4
0.00738 971.4
0.00739 971.5
0.00740 971.5
0.00741 971.6
0.00742 971.6
0.00743 971.7
0.00744 971.7
0.00745 971.8
0.00746 971.9
0.00747 971.9
0.00748 972.0
0.00749 972.0
0.00750 972.1
0.00751 972.1
0.00752 972.2
0.00753 972.3
0.00754 972.3
0.00755 972.4
0.00756 972.4
0.00757 972.5
0.00758 972.5
0.00759 972.6
0.00760 972.6
0.00761 972.7
0.00762 972.8
0.00763 972.8
0.00764 972.9
0.00765 972.9
0.00766 973.0
0.00767 973.0
0.00768 973.1
0.00769 973.2
0.00770 973.2
0.00771 973.3
0.00772 973.3
0.00773 973.4
0.00774 973.4
0.00775 973.5
0.00776 973.6
0.00777 973.6
0.00778 973.7
0.00779 973.7
0.00780 973.8
0.00781 973.8
0.00782 973.9
0.00783 973.9
0.00784 974.0
0.00785 974.1
0.00786 974.1
0.00787 974.2
0.00788 974.2
0.00789 974.3
0.00790 974.3
0.00791 974.4
0.00792 974.5
0.00793 974.5
0.00794 974.6
0.00795 974.6
0.00796 974.7
0.00797 974.7
0.00798 974.8
0.00799 974.9
0.00800 974.9
0.00801 975.0
0.00802 975.0
0.00803 975.1
0.00804 975.1
0.00805 975.2
0.00806 975.3
0.00807 975.3
0.00808 975.4
0.00809 975.4
0.00810 975.5
0.00811 975.5
0.00812 975.6
0.00813 975.7
0.00814 975.7
0.00815 975.8
0.00816 975.8
0.00817 975.9
0.00818 975.9
0.00819 976.0
0.00820 976.1
0.00821 976.1
0.00822 976.2
0.00823 976.2
0.00824 976.3
0.00825 976.3
0.00826 976.4
0.00827 976.5
0.00828 976.5
0.00829 976.6
0.00830 976.6
0.00831 976.7
0.00832 976.7
0.00833 976.8
0.00834 976.9
0.00835 976.9
0.00836 977.0
0.00837 977.0
0.00838 977.1
0.00839 977.1
0.00840 977.2
0.00841 977.3
0.00842 977.3
0.00843 977.4
0.00844 977.4
0.00845 977.5
0.00846 977.5
0.00847 977.6
0.00848 977.6
0.00849 977.7
0.00850 977.8
0.00851 977.8
0.00852 977.9
0.00853 977.9
0.00854 978.0
0.00855 978.0
0.00856 978.1
0.00857 978.2
0.00858 978.2
0.00859 978.3
0.00860 978.3
0.00861 978.4
0.00862 978.4
0.00863 978.5
0.00864 978.6
0.00865 978.6
0.00866 978.7
0.00867 978.7
0.00868 978.8
0.00869 978.8
0.00870 978.9
0.00871 979.0
0.00872 979.0
0.00873 979.1
0.00874 979.1
0.00875 979.2
0.00876 979.2
0.00877 979.3
0.00878 979.3
0.00879 979.4
0.00880 979.5
0.00881 979.5
0.00882 979.6
0.00883 979.6
0.00884 979.7
0.00885 979.7
0.00886 979.8
0.00887 979.8
0.00888 979.9
0.00889 980.0
0.00890 980.0
0.00891 980.1
0.00892 980.1
0.00893 980.2
0.00894 980.2
0.00895 980.3
0.00896 980.4
0.00897 980.4
0.00898 980.5
0.00899 980.5
0.00900 980.6
0.00901 980.6
0.00902 980.7
0.00903 980.7
0.00904 980.8
0.00905 980.9
0.00906 980.9
0.00907 981.0
0.00908 981.0
0.00909 981.1
0.00910 981.1
0.00911 981.2
0.00912 981.2
0.00913 981.3
0.00914 981.4
0.00915 981.4
0.00916 981.5
0.00917 981.5
0.00918 981.6
0.00919 981.6
0.00920 981.7
0.00921 981.7
0.00922 981.8
0.00923 981.8
0.00924 981.9
0.00925 982.0
0.00926 982.0
0.00927 982.1
0.00928 982.1
0.00929 982.2
0.00930 982.2
0.00931 982.3
0.00932 982.3
0.00933 982.4
0.00934 982.4
0.00935 982.5
0.00936 982.6
0.00937 982.6
0.00938 982.7
0.00939 982.7
0.00940 982.8
0.00941 982.8
0.00942 982.9
0.00943 982.9
0.00944 983.0
0.00945 983.0
0.00946 983.1
0.00947 983.2
0.00948 983.2
0.00949 983.3
0.00950 983.3
0.00951 983.4
0.00952 983.4
0.00953 983.5
0.00954 983.5
0.00955 983.6
0.00956 983.6
0.00957 983.7
0.00958 983.7
0.00959 983.8
0.00960 983.9
0.00961 983.9
0.00962 984.0
0.00963 984.0
0.00964 984.1
0.00965 984.1
0.00966 984.2
0.00967 984.2
0.00968 984.3
0.00969 984.3
0.00970 984.4
0.00971 984.4
0.00972 984.5
0.00973 984.5
0.00974 984.6
0.00975 984.6
0.00976 984.7
0.00977 984.8
0.00978 984.8
0.00979 984.9
0.00980 984.9
0.00981 985.0
0.00982 985.0
0.00983 985.1
0.00984 985.1
0.00985 985.2
0.00986 985.2
0.00987 985.3
0.00988 985.3
0.00989 985.4
0.00990 985.4
0.00991 985.5
0.00992 985.5
0.00993 985.6
0.00994 985.6
0.00995 985.7
0.00996 985.7
0.00997 985.8
0.00998 985.9
0.00999 985.9
0.01000 986.0
0.01001 986.0
0.01002 986.1
0.01003 986.1
0.01004 986.2
0.01005 986.2
0.01006 986.3
0.01007 986.3
0.01008 986.4
0.01009 986.4
0.01010 986.5
0.01011 986.5
0.01012 986.6
0.01013 986.6
0.01014 986.7
0.01015 986.7
0.01016 986.8
0.01017 986.8
0.01018 986.9
0.01019 986.9
0.01020 987.0
0.01021 987.0
0.01022 987.1
0.01023 987.1
0.01024 987.2
0.01025 987.2
0.01026 987.3
0.01027 987.3
0.01028 987.4
0.01029 987.4
0.01030 987.5
0.01031 987.5
0.01032 987.6
0.01033 987.6
0.01034 987.7
0.01035 987.7
0.01036 987.8
0.01037 987.8
0.01038 987.9
0.01039 987.9
0.01040 988.0
0.01041 988.0
0.01042 988.1
0.01043 988.1
0.01044 988.2
0.01045 988.2
0.01046 988.3
0.01047 988.3
0.01048 988.4
0.01049 988.4
0.01050 988.5
0.01051 988.5
0.01052 988.6
0.01053 988.6
0.01054 988.7
0.01055 988.7
0.01056 988.8
0.01057 988.8
0.01058 988.9
0.01059 988.9
0.01060 989.0
0.01061 989.0
0.01062 989.1
0.01063 989.1
0.01064 989.2
0.01065 989.2
0.01066 989.3
0.01067 989.3
0.01068 989.3
0.01069 989.4
0.01070 989.4
0.01071 989.5
0.01072 989.5
0.01073 989.6
0.01074 989.6
0.01075 989.7
0.01076 989.7
0.01077 989.8
0.01078 989.8
0.01079 989.9
0.01080 989.9
0.01081 990.0
0.01082 990.0
0.01083 990.1
0.01084 990.1
0.01085 990.2
0.01086 990.2
0.01087 990.3
0.01088 990.3
0.01089 990.3
0.01090 990.4
0.01091 990.4
0.01092 990.5
0.01093 990.5
0.01094 990.6
0.01095 990.6
0.01096 990.7
0.01097 990.7
0.01098 990.8
0.01099 990.8
0.01100 990.9
0.01101 990.9
0.01102 991.0
0.01103 991.0
0.01104 991.0
0.01105 991.1
0.01106 991.1
0.01107 991.2
0.01108 991.2
0.01109 991.3
0.01110 991.3
0.01111 991.4
0.01112 991.4
0.01113 991.5
0.01114 991.5
0.01115 991.6
0.01116 991.6
0.01117 991.6
0.01118 991.7
0.01119 991.7
0.01120 991.8
0.01121 991.8
0.01122 991.9
0.01123 991.9
0.01124 992.0
0.01125 992.0
0.01126 992.0
0.01127 992.1
0.01128 992.1
0.01129 992.2
0.01130 992.2
0.01131 992.3
0.01132 992.3
0.01133 992.4
0.01134 992.4
0.01135 992.4
0.01136 992.5
0.01137 992.5
0.01138 992.6
0.01139 992.6
0.01140 992.7
0.01141 992.7
0.01142 992.8
0.01143 992.8
0.01144 992.8
0.01145 992.9
0.01146 992.9
0.01147 993.0
0.01148 993.0
0.01149 993.1
0.01150 993.1
0.01151 993.2
0.01152 993.2
0.01153 993.2
0.01154 993.3
0.01155 993.3
0.01156 993.4
0.01157 993.4
0.01158 993.5
0.01159 993.5
0.01160 993.5
0.01161 993.6
0.01162 993.6
0.01163 993.7
0.01164 993.7
0.01165 993.8
0.01166 993.8
0.01167 993.8
0.01168 993.9
0.01169 993.9
0.01170 994.0
0.01171 994.0
0.01172 994.1
0.01173 994.1
0.01174 994.1
0.01175 994.2
0.01176 994.2
0.01177 994.3
0.01178 994.3
0.01179 994.3
0.01180 994.4
0.01181 994.4
0.01182 994.5
0.01183 994.5
0.01184 994.6
0.01185 994.6
0.01186 994.6
0.01187 994.7
0.01188 994.7
0.01189 994.8
0.01190 994.8
0.01191 994.8
0.01192 994.9
0.01193 994.9
0.01194 995.0
0.01195 995.0
0.01196 995.0
0.01197 995.1
0.01198 995.1
0.01199 995.2
0.01200 995.2
0.01201 995.2
0.01202 995.3
0.01203 995.3
0.01204 995.4
0.01205 995.4
0.01206 995.5
0.01207 995.5
0.01208 995.5
0.01209 995.6
0.01210 995.6
0.01211 995.7
0.01212 995.7
0.01213 995.7
0.01214 995.8
0.01215 995.8
0.01216 995.9
0.01217 995.9
0.01218 995.9
0.01219 996.0
0.01220 996.0
0.01221 996.0
0.01222 996.1
0.01223 996.1
0.01224 996.2
0.01225 996.2
0.01226 996.2
0.01227 996.3
0.01228 996.3
0.01229 996.4
0.01230 996.4
0.01231 996.4
0.01232 996.5
0.01233 996.5
0.01234 996.6
0.01235 996.6
0.01236 996.6
0.01237 996.7
0.01238 996.7
0.01239 996.7
0.01240 996.8
0.01241 996.8
0.01242 996.9
0.01243 996.9
0.01244 996.9
0.01245 997.0
0.01246 997.0
0.01247 997.1
0.01248 997.1
0.01249 997.1
0.01250 997.2
0.01251 997.2
0.01252 997.2
0.01253 997.3
0.01254 997.3
0.01255 997.4
0.01256 997.4
0.01257 997.4
0.01258 997.5
0.01259 997.5
0.01260 997.5
0.01261 997.6
0.01262 997.6
0.01263 997.6
0.01264 997.7
0.01265 997.7
0.01266 997.8
0.01267 997.8
0.01268 997.8
0.01269 997.9
0.01270 997.9
0.01271 997.9
0.01272 998.0
0.01273 998.0
0.01274 998.1
0.01275 998.1
0.01276 998.1
0.01277 998.2
0.01278 998.2
0.01279 998.2
0.01280 998.3
0.01281 998.3
0.01282 998.3
0.01283 998.4
0.01284 998.4
0.01285 998.4
0.01286 998.5
0.01287 998.5
0.01288 998.6
0.01289 998.6
0.01290 998.6
0.01291 998.7
0.01292 998.7
0.01293 998.7
0.01294 998.8
0.01295 998.8
0.01296 998.8
0.01297 998.9
0.01298 998.9
0.01299 998.9
0.01300 999.0
0.01301 999.0
0.01302 999.0
0.01303 999.1
0.01304 999.1
0.01305 999.2
0.01306 999.2
0.01307 999.2
0.01308 999.3
0.01309 999.3
0.01310 999.3
0.01311 999.4
0.01312 999.4
0.01313 999.4
0.01314 999.5
0.01315 999.5
0.01316 999.5
0.01317 999.6
0.01318 999.6
0.01319 999.6
0.01320 999.7
0.01321 999.7
0.01322 999.7
0.01323 999.8
0.01324 999.8
0.01325 999.8
0.01326 999.9
0.01327 999.9
0.01328 999.9
0.01329 1000.0
0.01330 1000.0
0.01331 1000.0
0.01332 1000.1
0.01333 1000.1
0.01334 1000.1
0.01335 1000.2
0.01336 1000.2
0.01337 1000.2
0.01338 1000.3
0.01339 1000.3
0.01340 1000.3
0.01341 1000.4
0.01342 1000.4
0.01343 1000.4
0.01344 1000.5
0.01345 1000.5
0.01346 1000.5
0.01347 1000.6
0.01348 1000.6
0.01349 1000.6
0.01350 1000.7
0.01351 1000.7
0.01352 1000.7
0.01353 1000.7
0.01354 1000.8
0.01355 1000.8
0.01356 1000.8
0.01357 1000.9
0.01358 1000.9
0.01359 1000.9
0.01360 1001.0
0.01361 1001.0
0.01362 1001.0
0.01363 1001.1
0.01364 1001.1
0.01365 1001.1
0.01366 1001.2
0.01367 1001.2
0.01368 1001.2
0.01369 1001.3
0.01370 1001.3
0.01371 1001.3
0.01372 1001.3
0.01373 1001.4
0.01374 1001.4
0.01375 1001.4
0.01376 1001.5
0.01377 1001.5
0.01378 1001.5
0.01379 1001.6
0.01380 1001.6
0.01381 1001.6
0.01382 1001.7
0.01383 1001.7
0.01384 1001.7
0.01385 1001.7
0.01386 1001.8
0.01387 1001.8
0.01388 1001.8
0.01389 1001.9
0.01390 1001.9
0.01391 1001.9
0.01392 1002.0
0.01393 1002.0
0.01394 1002.0
0.01395 1002.0
0.01396 1002.1
0.01397 1002.1
0.01398 1002.1
0.01399 1002.2
0.01400 1002.2
0.01401 1002.2
0.01402 1002.3
0.01403 1002.3
0.01404 1002.3
0.01405 1002.3
0.01406 1002.4
0.01407 1002.4
0.01408 1002.4
0.01409 1002.5
0.01410 1002.5
0.01411 1002.5
0.01412 1002.5
0.01413 1002.6
0.01414 1002.6
0.01415 1002.6
0.01416 1002.7
0.01417 1002.7
0.01418 1002.7
0.01419 1002.7
0.01420 1002.8
0.01421 1002.8
0.01422 1002.8
0.01423 1002.9
0.01424 1002.9
0.01425 1002.9
0.01426 1002.9
0.01427 1003.0
0.01428 1003.0
0.01429 1003.0
0.01430 1003.1
0.01431 1003.1
0.01432 1003.1
0.01433 1003.1
0.01434 1003.2
0.01435 1003.2
0.01436 1003.2
0.01437 1003.3
0.01438 1003.3
0.01439 1003.3
0.01440 1003.3
0.01441 1003.4
0.01442 1003.4
0.01443 1003.4
0.01444 1003.4
0.01445 1003.5
0.01446 1003.5
0.01447 1003.5
0.01448 1003.6
0.01449 1003.6
0.01450 1003.6
0.01451 1003.6
0.01452 1003.7
0.01453 1003.7
0.01454 1003.7
0.01455 1003.7
0.01456 1003.8
0.01457 1003.8
0.01458 1003.8
0.01459 1003.9
0.01460 1003.9
0.01461 1003.9
0.01462 1003.9
0.01463 1004.0
0.01464 1004.0
0.01465 1004.0
0.01466 1004.0
0.01467 1004.1
0.01468 1004.1
0.01469 1004.1
0.01470 1004.1
0.01471 1004.2
0.01472 1004.2
0.01473 1004.2
0.01474 1004.2
0.01475 1004.3
0.01476 1004.3
0.01477 1004.3
0.01478 1004.3
0.01479 1004.4
0.01480 1004.4
0.01481 1004.4
0.01482 1004.5
0.01483 1004.5
0.01484 1004.5
0.01485 1004.5
0.01486 1004.6
0.01487 1004.6
0.01488 1004.6
0.01489 1004.6
0.01490 1004.7
0.01491 1004.7
0.01492 1004.7
0.01493 1004.7
0.01494 1004.8
0.01495 1004.8
0.01496 1004.8
0.01497 1004.8
0.01498 1004.9
0.01499 1004.9
0.01500 1004.9
0.01501 1004.9
0.01502 1005.0
0.01503 1005.0
0.01504 1005.0
0.01505 1005.0
0.01506 1005.1
0.01507 1005.1
0.01508 1005.1
0.01509 1005.1
0.01510 1005.2
0.01511 1005.2
0.01512 1005.2
0.01513 1005.2
0.01514 1005.2
0.01515 1005.3
0.01516 1005.3
0.01517 1005.3
0.01518 1005.3
0.01519 1005.4
0.01520 1005.4
0.01521 1005.4
0.01522 1005.4
0.01523 1005.5
0.01524 1005.5
0.01525 1005.5
0.01526 1005.5
0.01527 1005.6
0.01528 1005.6
0.01529 1005.6
0.01530 1005.6
0.01531 1005.7
0.01532 1005.7
0.01533 1005.7
0.01534 1005.7
0.01535 1005.7
0.01536 1005.8
0.01537 1005.8
0.01538 1005.8
0.01539 1005.8
0.01540 1005.9
0.01541 1005.9
0.01542 1005.9
0.01543 1005.9
0.01544 1006.0
0.01545 1006.0
0.01546 1006.0
0.01547 1006.0
0.01548 1006.0
0.01549 1006.1
0.01550 1006.1
0.01551 1006.1
0.01552 1006.1
0.01553 1006.2
0.01554 1006.2
0.01555 1006.2
0.01556 1006.2
0.01557 1006.2
0.01558 1006.3
0.01559 1006.3
0.01560 1006.3
0.01561 1006.3
0.01562 1006.4
0.01563 1006.4
0.01564 1006.4
0.01565 1006.4
0.01566 1006.4
0.01567 1006.5
0.01568 1006.5
0.01569 1006.5
0.01570 1006.5
0.01571 1006.6
0.01572 1006.6
0.01573 1006.6
0.01574 1006.6
0.01575 1006.6
0.01576 1006.7
0.01577 1006.7
0.01578 1006.7
0.01579 1006.7
0.01580 1006.8
0.01581 1006.8
0.01582 1006.8
0.01583 1006.8
0.01584 1006.8
0.01585 1006.9
0.01586 1006.9
0.01587 1006.9
0.01588 1006.9
0.01589 1006.9
0.01590 1007.0
0.01591 1007.0
0.01592 1007.0
0.01593 1007.0
0.01594 1007.1
0.01595 1007.1
0.01596 1007.1
0.01597 1007.1
0.01598 1007.1
0.01599 1007.2
0.01600 1007.2
0.01601 1007.2
0.01602 1007.2
0.01603 1007.2
0.01604 1007.3
0.01605 1007.3
0.01606 1007.3
0.01607 1007.3
0.01608 1007.3
0.01609 1007.4
0.01610 1007.4
0.01611 1007.4
0.01612 1007.4
0.01613 1007.4
0.01614 1007.5
0.01615 1007.5
0.01616 1007.5
0.01617 1007.5
0.01618 1007.5
0.01619 1007.6
0.01620 1007.6
0.01621 1007.6
0.01622 1007.6
0.01623 1007.6
0.01624 1007.7
0.01625 1007.7
0.01626 1007.7
0.01627 1007.7
0.01628 1007.7
0.01629 1007.8
0.01630 1007.8
0.01631 1007.8
0.01632 1007.8
0.01633 1007.8
0.01634 1007.9
0.01635 1007.9
0.01636 1007.9
0.01637 1007.9
0.01638 1007.9
0.01639 1008.0
0.01640 1008.0
0.01641 1008.0
0.01642 1008.0
0.01643 1008.0
0.01644 1008.1
0.01645 1008.1
0.01646 1008.1
0.01647 1008.1
0.01648 1008.1
0.01649 1008.1
0.01650 1008.2
0.01651 1008.2
0.01652 1008.2
0.01653 1008.2
0.01654 1008.2
0.01655 1008.3
0.01656 1008.3
0.01657 1008.3
0.01658 1008.3
0.01659 1008.3
0.01660 1008.4
0.01661 1008.4
0.01662 1008.4
0.01663 1008.4
0.01664 1008.4
0.01665 1008.4
0.01666 1008.5
0.01667 1008.5
0.01668 1008.5
0.01669 1008.5
0.01670 1008.5
0.01671 1008.6
0.01672 1008.6
0.01673 1008.6
0.01674 1008.6
0.01675 1008.6
0.01676 1008.6
0.01677 1008.7
0.01678 1008.7
0.01679 1008.7
0.01680 1008.7
0.01681 1008.7
0.01682 1008.8
0.01683 1008.8
0.01684 1008.8
0.01685 1008.8
0.01686 1008.8
0.01687 1008.8
0.01688 1008.9
0.01689 1008.9
0.01690 1008.9
0.01691 1008.9
0.01692 1008.9
0.01693 1008.9
0.01694 1009.0
0.01695 1009.0
0.01696 1009.0
0.01697 1009.0
0.01698 1009.0
0.01699 1009.0
0.01700 1009.1
0.01701 1009.1
0.01702 1009.1
0.01703 1009.1
0.01704 1009.1
0.01705 1009.2
0.01706 1009.2
0.01707 1009.2
0.01708 1009.2
0.01709 1009.2
0.01710 1009.2
0.01711 1009.3
0.01712 1009.3
0.01713 1009.3
0.01714 1009.3
0.01715 1009.3
0.01716 1009.3
0.01717 1009.4
0.01718 1009.4
0.01719 1009.4
0.01720 1009.4
0.01721 1009.4
0.01722 1009.4
0.01723 1009.5
0.01724 1009.5
0.01725 1009.5
0.01726 1009.5
0.01727 1009.5
0.01728 1009.5
0.01729 1009.6
0.01730 1009.6
0.01731 1009.6
0.01732 1009.6
0.01733 1009.6
0.01734 1009.6
0.01735 1009.6
0.01736 1009.7
0.01737 1009.7
0.01738 1009.7
0.01739 1009.7
0.01740 1009.7
0.01741 1009.7
0.01742 1009.8
0.01743 1009.8
0.01744 1009.8
0.01745 1009.8
0.01746 1009.8
0.01747 1009.8
0.01748 1009.9
0.01749 1009.9
0.01750 1009.9
0.01751 1009.9
0.01752 1009.9
0.01753 1009.9
0.01754 1009.9
0.01755 1010.0
0.01756 1010.0
0.01757 1010.0
0.01758 1010.0
0.01759 1010.0
0.01760 1010.0
0.01761 1010.1
0.01762 1010.1
0.01763 1010.1
0.01764 1010.1
0.01765 1010.1
0.01766 1010.1
0.01767 1010.1
0.01768 1010.2
0.01769 1010.2
0.01770 1010.2
0.01771 1010.2
0.01772 1010.2
0.01773 1010.2
0.01774 1010.3
0.01775 1010.3
0.01776 1010.3
0.01777 1010.3
0.01778 1010.3
0.01779 1010.3
0.01780 1010.3
0.01781 1010.4
0.01782 1010.4
0.01783 1010.4
0.01784 1010.4
0.01785 1010.4
0.01786 1010.4
0.01787 1010.4
0.01788 1010.5
0.01789 1010.5
0.01790 1010.5
0.01791 1010.5
0.01792 1010.5
0.01793 1010.5
0.01794 1010.5
0.01795 1010.6
0.01796 1010.6
0.01797 1010.6
0.01798 1010.6
0.01799 1010.6
0.01800 1010.6
0.01801 1010.6
0.01802 1010.7
0.01803 1010.7
0.01804 1010.7
0.01805 1010.7
0.01806 1010.7
0.01807 1010.7
0.01808 1010.7
0.01809 1010.8
0.01810 1010.8
0.01811 1010.8
0.01812 1010.8
0.01813 1010.8
0.01814 1010.8
0.01815 1010.8
0.01816 1010.9
0.01817 1010.9
0.01818 1010.9
0.01819 1010.9
0.01820 1010.9
0.01821 1010.9
0.01822 1010.9
0.01823 1011.0
0.01824 1011.0
0.01825 1011.0
0.01826 1011.0
0.01827 1011.0
0.01828 1011.0
0.01829 1011.0
0.01830 1011.0
0.01831 1011.1
0.01832 1011.1
0.01833 1011.1
0.01834 1011.1
0.01835 1011.1
0.01836 1011.1
0.01837 1011.1
0.01838 1011.2
0.01839 1011.2
0.01840 1011.2
0.01841 1011.2
0.01842 1011.2
0.01843 1011.2
0.01844 1011.2
0.01845 1011.2
0.01846 1011.3
0.01847 1011.3
0.01848 1011.3
0.01849 1011.3
0.01850 1011.3
0.01851 1011.3
0.01852 1011.3
0.01853 1011.3
0.01854 1011.4
0.01855 1011.4
0.01856 1011.4
0.01857 1011.4
0.01858 1011.4
0.01859 1011.4
0.01860 1011.4
0.01861 1011.5
0.01862 1011.5
0.01863 1011.5
0.01864 1011.5
0.01865 1011.5
0.01866 1011.5
0.01867 1011.5
0.01868 1011.5
0.01869 1011.6
0.01870 1011.6
0.01871 1011.6
0.01872 1011.6
0.01873 1011.6
0.01874 1011.6
0.01875 1011.6
0.01876 1011.6
0.01877 1011.7
0.01878 1011.7
0.01879 1011.7
0.01880 1011.7
0.01881 1011.7
0.01882 1011.7
0.01883 1011.7
0.01884 1011.7
0.01885 1011.7
0.01886 1011.8
0.01887 1011.8
0.01888 1011.8
0.01889 1011.8
0.01890 1011.8
0.01891 1011.8
0.01892 1011.8
0.01893 1011.8
0.01894 1011.9
0.01895 1011.9
0.01896 1011.9
0.01897 1011.9
0.01898 1011.9
0.01899 1011.9
0.01900 1011.9
0.01901 1011.9
0.01902 1012.0
0.01903 1012.0
0.01904 1012.0
0.01905 1012.0
0.01906 1012.0
0.01907 1012.0
0.01908 1012.0
0.01909 1012.0
0.01910 1012.0
0.01911 1012.1
0.01912 1012.1
0.01913 1012.1
0.01914 1012.1
0.01915 1012.1
0.01916 1012.1
0.01917 1012.1
0.01918 1012.1
0.01919 1012.1
0.01920 1012.2
0.01921 1012.2
0.01922 1012.2
0.01923 1012.2
0.01924 1012.2
0.01925 1012.2
0.01926 1012.2
0.01927 1012.2
0.01928 1012.3
0.01929 1012.3
0.01930 1012.3
0.01931 1012.3
0.01932 1012.3
0.01933 1012.3
0.01934 1012.3
0.01935 1012.3
0.01936 1012.3
0.01937 1012.3
0.01938 1012.4
0.01939 1012.4
0.01940 1012.4
0.01941 1012.4
0.01942 1012.4
0.01943 1012.4
0.01944 1012.4
0.01945 1012.4
0.01946 1012.4
0.01947 1012.5
0.01948 1012.5
0.01949 1012.5
0.01950 1012.5
0.01951 1012.5
0.01952 1012.5
0.01953 1012.5
0.01954 1012.5
0.01955 1012.5
0.01956 1012.6
0.01957 1012.6
0.01958 1012.6
0.01959 1012.6
0.01960 1012.6
0.01961 1012.6
0.01962 1012.6
0.01963 1012.6
0.01964 1012.6
0.01965 1012.6
0.01966 1012.7
0.01967 1012.7
0.01968 1012.7
0.01969 1012.7
0.01970 1012.7
0.01971 1012.7
0.01972 1012.7
0.01973 1012.7
0.01974 1012.7
0.01975 1012.8
0.01976 1012.8
0.01977 1012.8
0.01978 1012.8
0.01979 1012.8
0.01980 1012.8
0.01981 1012.8
0.01982 1012.8
0.01983 1012.8
0.01984 1012.8
0.01985 1012.9
0.01986 1012.9
0.01987 1012.9
0.01988 1012.9
0.01989 1012.9
0.01990 1012.9
0.01991 1012.9
0.01992 1012.9
0.01993 1012.9
0.01994 1012.9
0.01995 1013.0
0.01996 1013.0
0.01997 1013.0
0.01998 1013.0
0.01999 1013.0
0.02000 1018.8
0.02001 1018.8
0.02002 1018.8
0.02003 1018.8
0.02004 1018.8
0.02005 1018.8
0.02006 1018.8
0.02007 1018.8
0.02008 1018.8
0.02009 1018.8
0.02010 1018.8
0.02011 1018.8
0.02012 1018.8
0.02013 1018.8
0.02014 1018.8
0.02015 1018.8
0.02016 1018.8
0.02017 1018.8
0.02018 1018.8
0.02019 1018.8
0.02020 1018.8
0.02021 1018.8
0.02022 1018.8
0.02023 1018.8
0.02024 1018.8
0.02025 1018.8
0.02026 1018.8
0.02027 1018.8
0.02028 1018.8
0.02029 1018.8
0.02030 1018.8
0.02031 1018.8
0.02032 1018.8
0.02033 1018.8
0.02034 1018.8
0.02035 1018.8
0.02036 1018.8
0.02037 1018.8
0.02038 1018.8
0.02039 1018.8
0.02040 1018.8
0.02041 1018.8
0.02042 1018.8
0.02043 1018.8
0.02044 1018.8
0.02045 1018.8
0.02046 1018.8
0.02047 1018.8
0.02048 1018.8
0.02049 1018.8
0.02050 1018.8
0.02051 1018.8
0.02052 1018.8
0.02053 1018.8
0.02054 1018.8
0.02055 1018.8
0.02056 1018.8
0.02057 1018.8
0.02058 1018.8
0.02059 1018.8
0.02060 1018.8
0.02061 1018.8
0.02062 1018.8
0.02063 1018.8
0.02064 1018.8
0.02065 1018.8
0.02066 1018.8
0.02067 1018.8
0.02068 1018.8
0.02069 1018.8
0.02070 1018.8
0.02071 1018.8
0.02072 1018.8
0.02073 1018.8
0.02074 1018.8
0.02075 1018.8
0.02076 1018.8
0.02077 1018.8
0.02078 1018.8
0.02079 1018.8
0.02080 1018.8
0.02081 1018.8
0.02082 1018.8
0.02083 1018.8
0.02084 1018.8
0.02085 1018.8
0.02086 1018.8
0.02087 1018.8
0.02088 1018.8
0.02089 1018.8
0.02090 1018.8
0.02091 1018.8
0.02092 1018.8
0.02093 1018.8
0.02094 1018.8
0.02095 1018.8
0.02096 1018.8
0.02097 1018.8
0.02098 1018.8
0.02099 1018.8
0.02100 1018.8
0.02101 1037.4
0.02102 1056.2
0.02103 1075.4
0.02104 1094.8
0.02105 1114.5
0.02106 1134.5
0.02107 1154.8
0.02108 1175.4
0.02109 1196.3
0.02110 1217.5
0.02111 1239.0
0.02112 1260.9
0.02113 1283.0
0.02114 1305.5
0.02115 1328.4
0.02116 1351.6
0.02117 1375.1
0.02118 1399.1
0.02119 1423.3
0.02120 1448.0
0.02121 1473.1
0.02122 1498.6
0.02123 1524.5
0.02124 1550.9
0.02125 1577.7
0.02126 1605.1
0.02127 1632.9
0.02128 1661.4
0.02129 1690.5
0.02130 1720.2
0.02131 1750.6
0.02132 1781.9
0.02133 1814.0
0.02134 1847.1
0.02135 1881.2
0.02136 1916.6
0.02137 1953.3
0.02138 1991.6
0.02139 2031.6
0.02140 2073.7
0.02141 2118.0
0.02142 2164.9
0.02143 2214.9
0.02144 2268.5
0.02145 2326.1
0.02146 2388.6
0.02147 2456.8
0.02148 2531.6
0.02149 2614.3
0.02150 2706.4
0.02151 2759.8
0.02152 2823.8
0.02153 2900.0
0.02154 2990.1
0.02155 3096.1
0.02156 3220.5
0.02157 3366.1
0.02158 3536.0
0.02159 3733.9
0.02160 3963.5
0.02161 4228.2
0.02162 4530.7
0.02163 4871.5
0.02164 5248.3
0.02165 5653.7
0.02166 6075.8
0.02167 6498.1
0.02168 6903.3
0.02169 7276.3
0.02170 7607.5
0.02171 7893.0
0.02172 8133.4
0.02173 8332.1
0.02174 8493.5
0.02175 8622.5
0.02176 8723.1
0.02177 8799.2
0.02178 8853.7
0.02179 8889.3
0.02180 8908.0
0.02181 8911.7
0.02182 8901.7
0.02183 8879.2
0.02184 8845.3
0.02185 8800.7
0.02186 8746.1
0.02187 8682.3
0.02188 8609.7
0.02189 8528.8
0.02190 8440.1
0.02191 8344.0
0.02192 8240.9
0.02193 8131.3
0.02194 8015.5
0.02195 7894.1
0.02196 7767.3
0.02197 7635.6
0.02198 7499.5
0.02199 7359.5
0.02200 7215.9
0.02201 7069.2
0.02202 6920.0
0.02203 6768.6
0.02204 6615.6
0.02205 6461.4
0.02206 6306.5
0.02207 6151.3
0.02208 5996.2
0.02209 5841.8
0.02210 5688.3
0.02211 5536.2
0.02212 5385.8
0.02213 5237.5
0.02214 5091.4
0.02215 4948.1
0.02216 4807.5
0.02217 4670.1
0.02218 4535.9
0.02219 4405.1
0.02220 4277.9
0.02221 4154.4
0.02222 4034.6
0.02223 3918.6
0.02224 3806.5
0.02225 3698.1
0.02226 3593.6
0.02227 3492.9
0.02228 3395.9
0.02229 3302.6
0.02230 3213.0
0.02231 3126.9
0.02232 3044.2
0.02233 2964.9
0.02234 2888.8
0.02235 2815.9
0.02236 2746.0
0.02237 2679.0
0.02238 2614.8
0.02239 2553.4
0.02240 2494.5
0.02241 2438.0
0.02242 2384.0
0.02243 2332.1
0.02244 2282.5
0.02245 2234.9
0.02246 2189.2
0.02247 2145.4
0.02248 2103.4
0.02249 2063.0
0.02250 2024.3
0.02251 1987.0
0.02252 1951.2
0.02253 1916.8
0.02254 1883.8
0.02255 1851.9
0.02256 1821.3
0.02257 1791.8
0.02258 1763.3
0.02259 1735.9
0.02260 1709.5
0.02261 1684.1
0.02262 1659.5
0.02263 1635.8
0.02264 1612.9
0.02265 1590.9
0.02266 1569.6
0.02267 1549.0
0.02268 1529.1
0.02269 1509.9
0.02270 1491.4
0.02271 1473.5
0.02272 1456.2
0.02273 1439.5
0.02274 1423.4
0.02275 1407.8
0.02276 1392.8
0.02277 1378.3
0.02278 1364.2
0.02279 1350.7
0.02280 1337.6
0.02281 1325.0
0.02282 1312.8
0.02283 1301.1
0.02284 1289.7
0.02285 1278.8
0.02286 1268.2
0.02287 1258.0
0.02288 1248.2
0.02289 1238.7
0.02290 1229.6
0.02291 1220.7
0.02292 1212.2
0.02293 1204.0
0.02294 1196.1
0.02295 1188.5
0.02296 1181.1
0.02297 1174.0
0.02298 1167.2
0.02299 1160.6
0.02300 1154.2
0.02301 1148.1
0.02302 1142.2
0.02303 1136.5
0.02304 1130.9
0.02305 1125.6
0.02306 1120.5
0.02307 1115.5
0.02308 1110.8
0.02309 1106.1
0.02310 1101.7
0.02311 1097.4
0.02312 1093.2
0.02313 1089.2
0.02314 1085.3
0.02315 1081.6
0.02316 1078.0
0.02317 1074.5
0.02318 1071.1
0.02319 1067.8
0.02320 1064.6
0.02321 1061.6
0.02322 1058.6
0.02323 1055.8
0.02324 1053.0
0.02325 1050.3
0.02326 1047.7
0.02327 1045.2
0.02328 1042.8
0.02329 1040.4
0.02330 1038.2
0.02331 1036.0
0.02332 1033.8
0.02333 1031.8
0.02334 1029.8
0.02335 1027.8
0.02336 1025.9
0.02337 1024.1
0.02338 1022.3
0.02339 1020.6
0.02340 1019.0
0.02341 1017.3
0.02342 1015.8
0.02343 1014.3
0.02344 1012.8
0.02345 1011.4
0.02346 1010.0
0.02347 1008.6
0.02348 1007.3
0.02349 1006.1
0.02350 1004.8
0.02351 1003.6
0.02352 1002.5
0.02353 1001.3
0.02354 1000.3
0.02355 999.2
0.02356 998.2
0.02357 997.2
0.02358 996.2
0.02359 995.2
0.02360 994.3
0.02361 993.4
0.02362 992.5
0.02363 991.7
0.02364 990.9
0.02365 990.1
0.02366 989.3
0.02367 988.5
0.02368 987.8
0.02369 987.1
0.02370 986.4
0.02371 985.7
0.02372 985.1
0.02373 984.4
0.02374 983.8
0.02375 983.2
0.02376 982.6
0.02377 982.0
0.02378 981.5
0.02379 980.9
0.02380 980.4
0.02381 979.9
0.02382 979.4
0.02383 978.9
0.02384 978.4
0.02385 978.0
0.02386 977.5
0.02387 977.1
0.02388 976.6
0.02389 976.2
0.02390 975.8
0.02391 975.4
0.02392 975.0
0.02393 974.7
0.02394 974.3
0.02395 974.0
0.02396 973.6
0.02397 973.3
0.02398 972.9
0.02399 972.6
0.02400 972.3
0.02401 972.0
0.02402 971.7
0.02403 971.4
0.02404 971.1
0.02405 970.9
0.02406 970.6
0.02407 970.3
0.02408 970.1
0.02409 969.8
0.02410 969.6
0.02411 969.4
0.02412 969.1
0.02413 968.9
0.02414 968.7
0.02415 968.5
0.02416 968.3
0.02417 968.1
0.02418 967.9
0.02419 967.7
0.02420 967.5
0.02421 967.3
0.02422 967.2
0.02423 967.0
0.02424 966.8
0.02425 966.7
0.02426 966.5
0.02427 966.4
0.02428 966.2
0.02429 966.1
0.02430 965.9
0.02431 965.8
0.02432 965.7
0.02433 965.5
0.02434 965.4
0.02435 965.3
0.02436 965.2
0.02437 965.0
0.02438 964.9
0.02439 964.8
0.02440 964.7
0.02441 964.6
0.02442 964.5
0.02443 964.4
0.02444 964.3
0.02445 964.2
0.02446 964.1
0.02447 964.0
0.02448 963.9
0.02449 963.9
0.02450 963.8
0.02451 963.7
0.02452 963.6
0.02453 963.6
0.02454 963.5
0.02455 963.4
0.02456 963.4
0.02457 963.3
0.02458 963.2
0.02459 963.2
0.02460 963.1
0.02461 963.1
0.02462 963.0
0.02463 962.9
0.02464 962.9
0.02465 962.8
0.02466 962.8
0.02467 962.8
0.02468 962.7
0.02469 962.7
0.02470 962.6
0.02471 962.6
0.02472 962.6
0.02473 962.5
0.02474 962.5
0.02475 962.4
0.02476 962.4
0.02477 962.4
0.02478 962.4
0.02479 962.3
0.02480 962.3
0.02481 962.3
0.02482 962.3
0.02483 962.2
0.02484 962.2
0.02485 962.2
0.02486 962.2
0.02487 962.2
0.02488 962.1
0.02489 962.1
0.02490 962.1
0.02491 962.1
0.02492 962.1
0.02493 962.1
0.02494 962.1
0.02495 962.1
0.02496 962.0
0.02497 962.0
0.02498 962.0
0.02499 962.0
0.02500 962.0
0.02501 962.0
0.02502 962.0
0.02503 962.0
0.02504 962.0
0.02505 962.0
0.02506 962.0
0.02507 962.0
0.02508 962.0
0.02509 962.0
0.02510 962.0
0.02511 962.0
0.02512 962.0
0.02513 962.0
0.02514 962.1
0.02515 962.1
0.02516 962.1
0.02517 962.1
0.02518 962.1
0.02519 962.1
0.02520 962.1
0.02521 962.1
0.02522 962.1
0.02523 962.1
0.02524 962.2
0.02525 962.2
0.02526 962.2
0.02527 962.2
0.02528 962.2
0.02529 962.2
0.02530 962.3
0.02531 962.3
0.02532 962.3
0.02533 962.3
0.02534 962.3
0.02535 962.3
0.02536 962.4
0.02537 962.4
0.02538 962.4
0.02539 962.4
0.02540 962.5
0.02541 962.5
0.02542 962.5
0.02543 962.5
0.02544 962.5
0.02545 962.6
0.02546 962.6
0.02547 962.6
0.02548 962.6
0.02549 962.7
0.02550 962.7
0.02551 962.7
0.02552 962.8
0.02553 962.8
0.02554 962.8
0.02555 962.8
0.02556 962.9
0.02557 962.9
0.02558 962.9
0.02559 963.0
0.02560 963.0
0.02561 963.0
0.02562 963.0
0.02563 963.1
0.02564 963.1
0.02565 963.1
0.02566 963.2
0.02567 963.2
0.02568 963.2
0.02569 963.3
0.02570 963.3
0.02571 963.3
0.02572 963.4
0.02573 963.4
0.02574 963.4
0.02575 963.5
0.02576 963.5
0.02577 963.6
0.02578 963.6
0.02579 963.6
0.02580 963.7
0.02581 963.7
0.02582 963.7
0.02583 963.8
0.02584 963.8
0.02585 963.8
0.02586 963.9
0.02587 963.9
0.02588 964.0
0.02589 964.0
0.02590 964.0
0.02591 964.1
0.02592 964.1
0.02593 964.2
0.02594 964.2
0.02595 964.2
0.02596 964.3
0.02597 964.3
0.02598 964.4
0.02599 964.4
0.02600 964.4
0.02601 964.5
0.02602 964.5
0.02603 964.6
0.02604 964.6
0.02605 964.7
0.02606 964.7
0.02607 964.7
0.02608 964.8
0.02609 964.8
0.02610 964.9
0.02611 964.9
0.02612 965.0
0.02613 965.0
0.02614 965.0
0.02615 965.1
0.02616 965.1
0.02617 965.2
0.02618 965.2
0.02619 965.3
0.02620 965.3
0.02621 965.4
0.02622 965.4
0.02623 965.4
0.02624 965.5
0.02625 965.5
0.02626 965.6
0.02627 965.6
0.02628 965.7
0.02629 965.7
0.02630 965.8
0.02631 965.8
0.02632 965.9
0.02633 965.9
0.02634 966.0
0.02635 966.0
0.02636 966.1
0.02637 966.1
0.02638 966.1
0.02639 966.2
0.02640 966.2
0.02641 966.3
0.02642 966.3
0.02643 966.4
0.02644 966.4
0.02645 966.5
0.02646 966.5
0.02647 966.6
0.02648 966.6
0.02649 966.7
0.02650 966.7
0.02651 966.8
0.02652 966.8
0.02653 966.9
0.02654 966.9
0.02655 967.0
0.02656 967.0
0.02657 967.1
0.02658 967.1
0.02659 967.2
0.02660 967.2
0.02661 967.3
0.02662 967.3
0.02663 967.4
0.02664 967.4
0.02665 967.5
0.02666 967.5
0.02667 967.6
0.02668 967.6
0.02669 967.7
0.02670 967.7
0.02671 967.8
0.02672 967.8
0.02673 967.9
0.02674 967.9
0.02675 968.0
0.02676 968.1
0.02677 968.1
0.02678 968.2
0.02679 968.2
0.02680 968.3
0.02681 968.3
0.02682 968.4
0.02683 968.4
0.02684 968.5
0.02685 968.5
0.02686 968.6
0.02687 968.6
0.02688 968.7
0.02689 968.7
0.02690 968.8
0.02691 968.8
0.02692 968.9
0.02693 968.9
0.02694 969.0
0.02695 969.1
0.02696 969.1
0.02697 969.2
0.02698 969.2
0.02699 969.3
0.02700 969.3
0.02701 969.4
0.02702 969.4
0.02703 969.5
0.02704 969.5
0.02705 969.6
0.02706 969.6
0.02707 969.7
0.02708 969.8
0.02709 969.8
0.02710 969.9
0.02711 969.9
0.02712 970.0
0.02713 970.0
0.02714 970.1
0.02715 970.1
0.02716 970.2
0.02717 970.2
0.02718 970.3
0.02719 970.4
0.02720 970.4
0.02721 970.5
0.02722 970.5
0.02723 970.6
0.02724 970.6
0.02725 970.7
0.02726 970.7
0.02727 970.8
0.02728 970.9
0.02729 970.9
0.02730 971.0
0.02731 971.0
0.02732 971.1
0.02733 971.1
0.02734 971.2
0.02735 971.2
0.02736 971.3
0.02737 971.4
0.02738 971.4
0.02739 971.5
0.02740 971.5
0.02741 971.6
0.02742 971.6
0.02743 971.7
0.02744 971.7
0.02745 971.8
0.02746 971.9
0.02747 971.9
0.02748 972.0
0.02749 972.0
0.02750 972.1
0.02751 972.1
0.02752 972.2
0.02753 972.3
0.02754 972.3
0.02755 972.4
0.02756 972.4
0.02757 972.5
0.02758 972.5
0.02759 972.6
0.02760 972.6
0.02761 972.7
0.02762 972.8
0.02763 972.8
0.02764 972.9
0.02765 972.9
0.02766 973.0
0.02767 973.0
0.02768 973.1
0.02769 973.2
0.02770 973.2
0.02771 973.3
0.02772 973.3
0.02773 973.4
0.02774 973.4
0.02775 973.5
0.02776 973.6
0.02777 973.6
0.02778 973.7
0.02779 973.7
0.02780 973.8
0.02781 973.8
0.02782 973.9
0.02783 973.9
0.02784 974.0
0.02785 974.1
0.02786 974.1
0.02787 974.2
0.02788 974.2
0.02789 974.3
0.02790 974.3
0.02791 974.4
0.02792 974.5
0.02793 974.5
0.02794 974.6
0.02795 974.6
0.02796 974.7
0.02797 974.7
0.02798 974.8
0.02799 974.9
0.02800 974.9
0.02801 975.0
0.02802 975.0
0.02803 975.1
0.02804 975.1
0.02805 975.2
0.02806 975.3
0.02807 975.3
0.02808 975.4
0.02809 975.4
0.02810 975.5
0.02811 975.5
0.02812 975.6
0.02813 975.7
0.02814 975.7
0.02815 975.8
0.02816 975.8
0.02817 975.9
0.02818 975.9
0.02819 976.0
0.02820 976.1
0.02821 976.1
0.02822 976.2
0.02823 976.2
0.02824 976.3
0.02825 976.3
0.02826 976.4
0.02827 976.5
0.02828 976.5
0.02829 976.6
0.02830 976.6
0.02831 976.7
0.02832 976.7
0.02833 976.8
0.02834 976.9
0.02835 976.9
0.02836 977.0
0.02837 977.0
0.02838 977.1
0.02839 977.1
0.02840 977.2
0.02841 977.3
0.02842 977.3
0.02843 977.4
0.02844 977.4
0.02845 977.5
0.02846 977.5
0.02847 977.6
0.02848 977.6
0.02849 977.7
0.02850 977.8
0.02851 977.8
0.02852 977.9
0.02853 977.9
0.02854 978.0
0.02855 978.0
0.02856 978.1
0.02857 978.2
0.02858 978.2
0.02859 978.3
0.02860 978.3
0.02861 978.4
0.02862 978.4
0.02863 978.5
0.02864 978.6
0.02865 978.6
0.02866 978.7
0.02867 978.7
0.02868 978.8
0.02869 978.8
0.02870 978.9
0.02871 979.0
0.02872 979.0
0.02873 979.1
0.02874 979.1
0.02875 979.2
0.02876 979.2
0.02877 979.3
0.02878 979.3
0.02879 979.4
0.02880 979.5
0.02881 979.5
0.02882 979.6
0.02883 979.6
0.02884 979.7
0.02885 979.7
0.02886 979.8
0.02887 979.8
0.02888 979.9
0.02889 980.0
0.02890 980.0
0.02891 980.1
0.02892 980.1
0.02893 980.2
0.02894 980.2
0.02895 980.3
0.02896 980.4
0.02897 980.4
0.02898 980.5
0.02899 980.5
0.02900 980.6
0.02901 980.6
0.02902 980.7
0.02903 980.7
0.02904 980.8
0.02905 980.9
0.02906 980.9
0.02907 981.0
0.02908 981.0
0.02909 981.1
0.02910 981.1
0.02911 981.2
0.02912 981.2
0.02913 981.3
0.02914 981.4
0.02915 981.4
0.02916 981.5
0.02917 981.5
0.02918 981.6
0.02919 981.6
0.02920 981.7
0.02921 981.7
0.02922 981.8
0.02923 981.8
0.02924 981.9
0.02925 982.0
0.02926 982.0
0.02927 982.1
0.02928 982.1
0.02929 982.2
0.02930 982.2
0.02931 982.3
0.02932 982.3
0.02933 982.4
0.02934 982.4
0.02935 982.5
0.02936 982.6
0.02937 982.6
0.02938 982.7
0.02939 982.7
0.02940 982.8
0.02941 982.8
0.02942 982.9
0.02943 982.9
0.02944 983.0
0.02945 983.0
0.02946 983.1
0.02947 983.2
0.02948 983.2
0.02949 983.3
0.02950 983.3
0.02951 983.4
0.02952 983.4
0.02953 983.5
0.02954 983.5
0.02955 983.6
0.02956 983.6
0.02957 983.7
0.02958 983.7
0.02959 983.8
0.02960 983.9
0.02961 983.9
0.02962 984.0
0.02963 984.0
0.02964 984.1
0.02965 984.1
0.02966 984.2
0.02967 984.2
0.02968 984.3
0.02969 984.3
0.02970 984.4
0.02971 984.4
0.02972 984.5
0.02973 984.5
0.02974 984.6
0.02975 984.6
0.02976 984.7
0.02977 984.8
0.02978 984.8
0.02979 984.9
0.02980 984.9
0.02981 985.0
0.02982 985.0
0.02983 985.1
0.02984 985.1
0.02985 985.2
0.02986 985.2
0.02987 985.3
0.02988 985.3
0.02989 985.4
0.02990 985.4
0.02991 985.5
0.02992 985.5
0.02993 985.6
0.02994 985.6
0.02995 985.7
0.02996 985.7
0.02997 985.8
0.02998 985.9
0.02999 985.9
0.03000 986.0
0.03001 986.0
0.03002 986.1
0.03003 986.1
0.03004 986.2
0.03005 986.2
0.03006 986.3
0.03007 986.3
0.03008 986.4
0.03009 986.4
0.03010 986.5
0.03011 986.5
0.03012 986.6
0.03013 986.6
0.03014 986.7
0.03015 986.7
0.03016 986.8
0.03017 986.8
0.03018 986.9
0.03019 986.9
0.03020 987.0
0.03021 987.0
0.03022 987.1
0.03023 987.1
0.03024 987.2
0.03025 987.2
0.03026 987.3
0.03027 987.3
0.03028 987.4
0.03029 987.4
0.03030 987.5
0.03031 987.5
0.03032 987.6
0.03033 987.6
0.03034 987.7
0.03035 987.7
0.03036 987.8
0.03037 987.8
0.03038 987.9
0.03039 987.9
0.03040 988.0
0.03041 988.0
0.03042 988.1
0.03043 988.1
0.03044 988.2
0.03045 988.2
0.03046 988.3
0.03047 988.3
0.03048 988.4
0.03049 988.4
0.03050 988.5
0.03051 988.5
0.03052 988.6
0.03053 988.6
0.03054 988.7
0.03055 988.7
0.03056 988.8
0.03057 988.8
0.03058 988.9
0.03059 988.9
0.03060 989.0
0.03061 989.0
0.03062 989.1
0.03063 989.1
0.03064 989.2
0.03065 989.2
0.03066 989.3
0.03067 989.3
0.03068 989.3
0.03069 989.4
0.03070 989.4
0.03071 989.5
0.03072 989.5
0.03073 989.6
0.03074 989.6
0.03075 989.7
0.03076 989.7
0.03077 989.8
0.03078 989.8
0.03079 989.9
0.03080 989.9
0.03081 990.0
0.03082 990.0
0.03083 990.1
0.03084 990.1
0.03085 990.2
0.03086 990.2
0.03087 990.3
0.03088 990.3
0.03089 990.3
0.03090 990.4
0.03091 990.4
0.03092 990.5
0.03093 990.5
0.03094 990.6
0.03095 990.6
0.03096 990.7
0.03097 990.7
0.03098 990.8
0.03099 990.8
0.03100 990.9
0.03101 990.9
0.03102 991.0
0.03103 991.0
0.03104 991.0
0.03105 991.1
0.03106 991.1
0.03107 991.2
0.03108 991.2
0.03109 991.3
0.03110 991.3
0.03111 991.4
0.03112 991.4
0.03113 991.5
0.03114 991.5
0.03115 991.6
0.03116 991.6
0.03117 991.6
0.03118 991.7
0.03119 991.7
0.03120 991.8
0.03121 991.8
0.03122 991.9
0.03123 991.9
0.03124 992.0
0.03125 992.0
0.03126 992.0
0.03127 992.1
0.03128 992.1
0.03129 992.2
0.03130 992.2
0.03131 992.3
0.03132 992.3
0.03133 992.4
0.03134 992.4
0.03135 992.4
0.03136 992.5
0.03137 992.5
0.03138 992.6
0.03139 992.6
0.03140 992.7
0.03141 992.7
0.03142 992.8
0.03143 992.8
0.03144 992.8
0.03145 992.9
0.03146 992.9
0.03147 993.0
0.03148 993.0
0.03149 993.1
0.03150 993.1
0.03151 993.2
0.03152 993.2
0.03153 993.2
0.03154 993.3
0.03155 993.3
0.03156 993.4
0.03157 993.4
0.03158 993.5
0.03159 993.5
0.03160 993.5
0.03161 993.6
0.03162 993.6
0.03163 993.7
0.03164 993.7
0.03165 993.8
0.03166 993.8
0.03167 993.8
0.03168 993.9
0.03169 993.9
0.03170 994.0
0.03171 994.0
0.03172 994.1
0.03173 994.1
0.03174 994.1
0.03175 994.2
0.03176 994.2
0.03177 994.3
0.03178 994.3
0.03179 994.3
0.03180 994.4
0.03181 994.4
0.03182 994.5
0.03183 994.5
0.03184 994.6
0.03185 994.6
0.03186 994.6
0.03187 994.7
0.03188 994.7
0.03189 994.8
0.03190 994.8
0.03191 994.8
0.03192 994.9
0.03193 994.9
0.03194 995.0
0.03195 995.0
0.03196 995.0
0.03197 995.1
0.03198 995.1
0.03199 995.2
0.03200 995.2
0.03201 995.2
0.03202 995.3
0.03203 995.3
0.03204 995.4
0.03205 995.4
0.03206 995.5
0.03207 995.5
0.03208 995.5
0.03209 995.6
0.03210 995.6
0.03211 995.7
0.03212 995.7
0.03213 995.7
0.03214 995.8
0.03215 995.8
0.03216 995.9
0.03217 995.9
0.03218 995.9
0.03219 996.0
0.03220 996.0
0.03221 996.0
0.03222 996.1
0.03223 996.1
0.03224 996.2
0.03225 996.2
0.03226 996.2
0.03227 996.3
0.03228 996.3
0.03229 996.4
0.03230 996.4
0.03231 996.4
0.03232 996.5
0.03233 996.5
0.03234 996.6
0.03235 996.6
0.03236 996.6
0.03237 996.7
0.03238 996.7
0.03239 996.7
0.03240 996.8
0.03241 996.8
0.03242 996.9
0.03243 996.9
0.03244 996.9
0.03245 997.0
0.03246 997.0
0.03247 997.1
0.03248 997.1
0.03249 997.1
0.03250 997.2
0.03251 997.2
0.03252 997.2
0.03253 997.3
0.03254 997.3
0.03255 997.4
0.03256 997.4
0.03257 997.4
0.03258 997.5
0.03259 997.5
0.03260 997.5
0.03261 997.6
0.03262 997.6
0.03263 997.6
0.03264 997.7
0.03265 997.7
0.03266 997.8
0.03267 997.8
0.03268 997.8
0.03269 997.9
0.03270 997.9
0.03271 997.9
0.03272 998.0
0.03273 998.0
0.03274 998.1
0.03275 998.1
0.03276 998.1
0.03277 998.2
0.03278 998.2
0.03279 998.2
0.03280 998.3
0.03281 998.3
0.03282 998.3
0.03283 998.4
0.03284 998.4
0.03285 998.4
0.03286 998.5
0.03287 998.5
0.03288 998.6
0.03289 998.6
0.03290 998.6
0.03291 998.7
0.03292 998.7
0.03293 998.7
0.03294 998.8
0.03295 998.8
0.03296 998.8
0.03297 998.9
0.03298 998.9
0.03299 998.9
0.03300 999.0
0.03301 999.0
0.03302 999.0
0.03303 999.1
0.03304 999.1
0.03305 999.2
0.03306 999.2
0.03307 999.2
0.03308 999.3
0.03309 999.3
0.03310 999.3
0.03311 999.4
0.03312 999.4
0.03313 999.4
0.03314 999.5
0.03315 999.5
0.03316 999.5
0.03317 999.6
0.03318 999.6
0.03319 999.6
0.03320 999.7
0.03321 999.7
0.03322 999.7
0.03323 999.8
0.03324 999.8
0.03325 999.8
0.03326 999.9
0.03327 999.9
0.03328 999.9
0.03329 1000.0
0.03330 1000.0
0.03331 1000.0
0.03332 1000.1
0.03333 1000.1
0.03334 1000.1
0.03335 1000.2
0.03336 1000.2
0.03337 1000.2
0.03338 1000.3
0.03339 1000.3
0.03340 1000.3
0.03341 1000.4
0.03342 1000.4
0.03343 1000.4
0.03344 1000.5
0.03345 1000.5
0.03346 1000.5
0.03347 1000.6
0.03348 1000.6
0.03349 1000.6
0.03350 1000.7
0.03351 1000.7
0.03352 1000.7
0.03353 1000.7
0.03354 1000.8
0.03355 1000.8
0.03356 1000.8
0.03357 1000.9
0.03358 1000.9
0.03359 1000.9
0.03360 1001.0
0.03361 1001.0
0.03362 1001.0
0.03363 1001.1
0.03364 1001.1
0.03365 1001.1
0.03366 1001.2
0.03367 1001.2
0.03368 1001.2
0.03369 1001.3
0.03370 1001.3
0.03371 1001.3
0.03372 1001.3
0.03373 1001.4
0.03374 1001.4
0.03375 1001.4
0.03376 1001.5
0.03377 1001.5
0.03378 1001.5
0.03379 1001.6
0.03380 1001.6
0.03381 1001.6
0.03382 1001.7
0.03383 1001.7
0.03384 1001.7
0.03385 1001.7
0.03386 1001.8
0.03387 1001.8
0.03388 1001.8
0.03389 1001.9
0.03390 1001.9
0.03391 1001.9
0.03392 1002.0
0.03393 1002.0
0.03394 1002.0
0.03395 1002.0
0.03396 1002.1
0.03397 1002.1
0.03398 1002.1
0.03399 1002.2
0.03400 1002.2
0.03401 1002.2
0.03402 1002.3
0.03403 1002.3
0.03404 1002.3
0.03405 1002.3
0.03406 1002.4
0.03407 1002.4
0.03408 1002.4
0.03409 1002.5
0.03410 1002.5
0.03411 1002.5
0.03412 1002.5
0.03413 1002.6
0.03414 1002.6
0.03415 1002.6
0.03416 1002.7
0.03417 1002.7
0.03418 1002.7
0.03419 1002.7
0.03420 1002.8
0.03421 1002.8
0.03422 1002.8
0.03423 1002.9
0.03424 1002.9
0.03425 1002.9
0.03426 1002.9
0.03427 1003.0
0.03428 1003.0
0.03429 1003.0
0.03430 1003.1
0.03431 1003.1
0.03432 1003.1
0.03433 1003.1
0.03434 1003.2
0.03435 1003.2
0.03436 1003.2
0.03437 1003.3
0.03438 1003.3
0.03439 1003.3
0.03440 1003.3
0.03441 1003.4
0.03442 1003.4
0.03443 1003.4
0.03444 1003.4
0.03445 1003.5
0.03446 1003.5
0.03447 1003.5
0.03448 1003.6
0.03449 1003.6
0.03450 1003.6
0.03451 1003.6
0.03452 1003.7
0.03453 1003.7
0.03454 1003.7
0.03455 1003.7
0.03456 1003.8
0.03457 1003.8
0.03458 1003.8
0.03459 1003.9
0.03460 1003.9
0.03461 1003.9
0.03462 1003.9
0.03463 1004.0
0.03464 1004.0
0.03465 1004.0
0.03466 1004.0
0.03467 1004.1
0.03468 1004.1
0.03469 1004.1
0.03470 1004.1
0.03471 1004.2
0.03472 1004.2
0.03473 1004.2
0.03474 1004.2
0.03475 1004.3
0.03476 1004.3
0.03477 1004.3
0.03478 1004.3
0.03479 1004.4
0.03480 1004.4
0.03481 1004.4
0.03482 1004.5
0.03483 1004.5
0.03484 1004.5
0.03485 1004.5
0.03486 1004.6
0.03487 1004.6
0.03488 1004.6
0.03489 1004.6
0.03490 1004.7
0.03491 1004.7
0.03492 1004.7
0.03493 1004.7
0.03494 1004.8
0.03495 1004.8
0.03496 1004.8
0.03497 1004.8
0.03498 1004.9
0.03499 1004.9
0.03500 1004.9
0.03501 1004.9
0.03502 1005.0
0.03503 1005.0
0.03504 1005.0
0.03505 1005.0
0.03506 1005.1
0.03507 1005.1
0.03508 1005.1
0.03509 1005.1
0.03510 1005.2
0.03511 1005.2
0.03512 1005.2
0.03513 1005.2
0.03514 1005.2
0.03515 1005.3
0.03516 1005.3
0.03517 1005.3
0.03518 1005.3
0.03519 1005.4
0.03520 1005.4
0.03521 1005.4
0.03522 1005.4
0.03523 1005.5
0.03524 1005.5
0.03525 1005.5
0.03526 1005.5
0.03527 1005.6
0.03528 1005.6
0.03529 1005.6
0.03530 1005.6
0.03531 1005.7
0.03532 1005.7
0.03533 1005.7
0.03534 1005.7
0.03535 1005.7
0.03536 1005.8
0.03537 1005.8
0.03538 1005.8
0.03539 1005.8
0.03540 1005.9
0.03541 1005.9
0.03542 1005.9
0.03543 1005.9
0.03544 1006.0
0.03545 1006.0
0.03546 1006.0
0.03547 1006.0
0.03548 1006.0
0.03549 1006.1
0.03550 1006.1
0.03551 1006.1
0.03552 1006.1
0.03553 1006.2
0.03554 1006.2
0.03555 1006.2
0.03556 1006.2
0.03557 1006.2
0.03558 1006.3
0.03559 1006.3
0.03560 1006.3
0.03561 1006.3
0.03562 1006.4
0.03563 1006.4
0.03564 1006.4
0.03565 1006.4
0.03566 1006.4
0.03567 1006.5
0.03568 1006.5
0.03569 1006.5
0.03570 1006.5
0.03571 1006.6
0.03572 1006.6
0.03573 1006.6
0.03574 1006.6
0.03575 1006.6
0.03576 1006.7
0.03577 1006.7
0.03578 1006.7
0.03579 1006.7
0.03580 1006.8
0.03581 1006.8
0.03582 1006.8
0.03583 1006.8
0.03584 1006.8
0.03585 1006.9
0.03586 1006.9
0.03587 1006.9
0.03588 1006.9
0.03589 1006.9
0.03590 1007.0
0.03591 1007.0
0.03592 1007.0
0.03593 1007.0
0.03594 1007.1
0.03595 1007.1
0.03596 1007.1
0.03597 1007.1
0.03598 1007.1
0.03599 1007.2
0.03600 1007.2
0.03601 1007.2
0.03602 1007.2
0.03603 1007.2
0.03604 1007.3
0.03605 1007.3
0.03606 1007.3
0.03607 1007.3
0.03608 1007.3
0.03609 1007.4
0.03610 1007.4
0.03611 1007.4
0.03612 1007.4
0.03613 1007.4
0.03614 1007.5
0.03615 1007.5
0.03616 1007.5
0.03617 1007.5
0.03618 1007.5
0.03619 1007.6
0.03620 1007.6
0.03621 1007.6
0.03622 1007.6
0.03623 1007.6
0.03624 1007.7
0.03625 1007.7
0.03626 1007.7
0.03627 1007.7
0.03628 1007.7
0.03629 1007.8
0.03630 1007.8
0.03631 1007.8
0.03632 1007.8
0.03633 1007.8
0.03634 1007.9
0.03635 1007.9
0.03636 1007.9
0.03637 1007.9
0.03638 1007.9
0.03639 1008.0
0.03640 1008.0
0.03641 1008.0
0.03642 1008.0
0.03643 1008.0
0.03644 1008.1
0.03645 1008.1
0.03646 1008.1
0.03647 1008.1
0.03648 1008.1
0.03649 1008.1
0.03650 1008.2
0.03651 1008.2
0.03652 1008.2
0.03653 1008.2
0.03654 1008.2
0.03655 1008.3
0.03656 1008.3
0.03657 1008.3
0.03658 1008.3
0.03659 1008.3
0.03660 1008.4
0.03661 1008.4
0.03662 1008.4
0.03663 1008.4
0.03664 1008.4
0.03665 1008.4
0.03666 1008.5
0.03667 1008.5
0.03668 1008.5
0.03669 1008.5
0.03670 1008.5
0.03671 1008.6
0.03672 1008.6
0.03673 1008.6
0.03674 1008.6
0.03675 1008.6
0.03676 1008.6
0.03677 1008.7
0.03678 1008.7
0.03679 1008.7
0.03680 1008.7
0.03681 1008.7
0.03682 1008.8
0.03683 1008.8
0.03684 1008.8
0.03685 1008.8
0.03686 1008.8
0.03687 1008.8
0.03688 1008.9
0.03689 1008.9
0.03690 1008.9
0.03691 1008.9
0.03692 1008.9
0.03693 1008.9
0.03694 1009.0
0.03695 1009.0
0.03696 1009.0
0.03697 1009.0
0.03698 1009.0
0.03699 1009.0
0.03700 1009.1
0.03701 1009.1
0.03702 1009.1
0.03703 1009.1
0.03704 1009.1
0.03705 1009.2
0.03706 1009.2
0.03707 1009.2
0.03708 1009.2
0.03709 1009.2
0.03710 1009.2
0.03711 1009.3
0.03712 1009.3
0.03713 1009.3
0.03714 1009.3
0.03715 1009.3
0.03716 1009.3
0.03717 1009.4
0.03718 1009.4
0.03719 1009.4
0.03720 1009.4
0.03721 1009.4
0.03722 1009.4
0.03723 1009.5
0.03724 1009.5
0.03725 1009.5
0.03726 1009.5
0.03727 1009.5
0.03728 1009.5
0.03729 1009.6
0.03730 1009.6
0.03731 1009.6
0.03732 1009.6
0.03733 1009.6
0.03734 1009.6
0.03735 1009.6
0.03736 1009.7
0.03737 1009.7
0.03738 1009.7
0.03739 1009.7
0.03740 1009.7
0.03741 1009.7
0.03742 1009.8
0.03743 1009.8
0.03744 1009.8
0.03745 1009.8
0.03746 1009.8
0.03747 1009.8
0.03748 1009.9
0.03749 1009.9
0.03750 1009.9
0.03751 1009.9
0.03752 1009.9
0.03753 1009.9
0.03754 1009.9
0.03755 1010.0
0.03756 1010.0
0.03757 1010.0
0.03758 1010.0
0.03759 1010.0
0.03760 1010.0
0.03761 1010.1
0.03762 1010.1
0.03763 1010.1
0.03764 1010.1
0.03765 1010.1
0.03766 1010.1
0.03767 1010.1
0.03768 1010.2
0.03769 1010.2
0.03770 1010.2
0.03771 1010.2
0.03772 1010.2
0.03773 1010.2
0.03774 1010.3
0.03775 1010.3
0.03776 1010.3
0.03777 1010.3
0.03778 1010.3
0.03779 1010.3
0.03780 1010.3
0.03781 1010.4
0.03782 1010.4
0.03783 1010.4
0.03784 1010.4
0.03785 1010.4
0.03786 1010.4
0.03787 1010.4
0.03788 1010.5
0.03789 1010.5
0.03790 1010.5
0.03791 1010.5
0.03792 1010.5
0.03793 1010.5
0.03794 1010.5
0.03795 1010.6
0.03796 1010.6
0.03797 1010.6
0.03798 1010.6
0.03799 1010.6
0.03800 1010.6
0.03801 1010.6
0.03802 1010.7
0.03803 1010.7
0.03804 1010.7
0.03805 1010.7
0.03806 1010.7
0.03807 1010.7
0.03808 1010.7
0.03809 1010.8
0.03810 1010.8
0.03811 1010.8
0.03812 1010.8
0.03813 1010.8
0.03814 1010.8
0.03815 1010.8
0.03816 1010.9
0.03817 1010.9
0.03818 1010.9
0.03819 1010.9
0.03820 1010.9
0.03821 1010.9
0.03822 1010.9
0.03823 1011.0
0.03824 1011.0
0.03825 1011.0
0.03826 1011.0
0.03827 1011.0
0.03828 1011.0
0.03829 1011.0
0.03830 1011.0
0.03831 1011.1
0.03832 1011.1
0.03833 1011.1
0.03834 1011.1
0.03835 1011.1
0.03836 1011.1
0.03837 1011.1
0.03838 1011.2
0.03839 1011.2
0.03840 1011.2
0.03841 1011.2
0.03842 1011.2
0.03843 1011.2
0.03844 1011.2
0.03845 1011.2
0.03846 1011.3
0.03847 1011.3
0.03848 1011.3
0.03849 1011.3
0.03850 1011.3
0.03851 1011.3
0.03852 1011.3
0.03853 1011.3
0.03854 1011.4
0.03855 1011.4
0.03856 1011.4
0.03857 1011.4
0.03858 1011.4
0.03859 1011.4
0.03860 1011.4
0.03861 1011.5
0.03862 1011.5
0.03863 1011.5
0.03864 1011.5
0.03865 1011.5
0.03866 1011.5
0.03867 1011.5
0.03868 1011.5
0.03869 1011.6
0.03870 1011.6
0.03871 1011.6
0.03872 1011.6
0.03873 1011.6
0.03874 1011.6
0.03875 1011.6
0.03876 1011.6
0.03877 1011.7
0.03878 1011.7
0.03879 1011.7
0.03880 1011.7
0.03881 1011.7
0.03882 1011.7
0.03883 1011.7
0.03884 1011.7
0.03885 1011.7
0.03886 1011.8
0.03887 1011.8
0.03888 1011.8
0.03889 1011.8
0.03890 1011.8
0.03891 1011.8
0.03892 1011.8
0.03893 1011.8
0.03894 1011.9
0.03895 1011.9
0.03896 1011.9
0.03897 1011.9
0.03898 1011.9
0.03899 1011.9
0.03900 1011.9
0.03901 1011.9
0.03902 1012.0
0.03903 1012.0
0.03904 1012.0
0.03905 1012.0
0.03906 1012.0
0.03907 1012.0
0.03908 1012.0
0.03909 1012.0
0.03910 1012.0
0.03911 1012.1
0.03912 1012.1
0.03913 1012.1
0.03914 1012.1
0.03915 1012.1
0.03916 1012.1
0.03917 1012.1
0.03918 1012.1
0.03919 1012.1
0.03920 1012.2
0.03921 1012.2
0.03922 1012.2
0.03923 1012.2
0.03924 1012.2
0.03925 1012.2
0.03926 1012.2
0.03927 1012.2
0.03928 1012.3
0.03929 1012.3
0.03930 1012.3
0.03931 1012.3
0.03932 1012.3
0.03933 1012.3
0.03934 1012.3
0.03935 1012.3
0.03936 1012.3
0.03937 1012.3
0.03938 1012.4
0.03939 1012.4
0.03940 1012.4
0.03941 1012.4
0.03942 1012.4
0.03943 1012.4
0.03944 1012.4
0.03945 1012.4
0.03946 1012.4
0.03947 1012.5
0.03948 1012.5
0.03949 1012.5
0.03950 1012.5
0.03951 1012.5
0.03952 1012.5
0.03953 1012.5
0.03954 1012.5
0.03955 1012.5
0.03956 1012.6
0.03957 1012.6
0.03958 1012.6
0.03959 1012.6
0.03960 1012.6
0.03961 1012.6
0.03962 1012.6
0.03963 1012.6
0.03964 1012.6
0.03965 1012.6
0.03966 1012.7
0.03967 1012.7
0.03968 1012.7
0.03969 1012.7
0.03970 1012.7
0.03971 1012.7
0.03972 1012.7
0.03973 1012.7
0.03974 1012.7
0.03975 1012.8
0.03976 1012.8
0.03977 1012.8
0.03978 1012.8
0.03979 1012.8
0.03980 1012.8
0.03981 1012.8
0.03982 1012.8
0.03983 1012.8
0.03984 1012.8
0.03985 1012.9
0.03986 1012.9
0.03987 1012.9
0.03988 1012.9
0.03989 1012.9
0.03990 1012.9
0.03991 1012.9
0.03992 1012.9
0.03993 1012.9
0.03994 1012.9
0.03995 1013.0
0.03996 1013.0
0.03997 1013.0
0.03998 1013.0
0.03999 1013.0
0.04000 1018.8
0.04001 1018.8
0.04002 1018.8
0.04003 1018.8
0.04004 1018.8
0.04005 1018.8
0.04006 1018.8
0.04007 1018.8
0.04008 1018.8
0.04009 1018.8
0.04010 1018.8
0.04011 1018.8
0.04012 1018.8
0.04013 1018.8
0.04014 1018.8
0.04015 1018.8
0.04016 1018.8
0.04017 1018.8
0.04018 1018.8
0.04019 1018.8
0.04020 1018.8
0.04021 1018.8
0.04022 1018.8
0.04023 1018.8
0.04024 1018.8
0.04025 1018.8
0.04026 1018.8
0.04027 1018.8
0.04028 1018.8
0.04029 1018.8
0.04030 1018.8
0.04031 1018.8
0.04032 1018.8
0.04033 1018.8
0.04034 1018.8
0.04035 1018.8
0.04036 1018.8
0.04037 1018.8
0.04038 1018.8
0.04039 1018.8
0.04040 1018.8
0.04041 1018.8
0.04042 1018.8
0.04043 1018.8
0.04044 1018.8
0.04045 1018.8
0.04046 1018.8
0.04047 1018.8
0.04048 1018.8
0.04049 1018.8
0.04050 1018.8
0.04051 1018.8
0.04052 1018.8
0.04053 1018.8
0.04054 1018.8
0.04055 1018.8
0.04056 1018.8
0.04057 1018.8
0.04058 1018.8
0.04059 1018.8
0.04060 1018.8
0.04061 1018.8
0.04062 1018.8
0.04063 1018.8
0.04064 1018.8
0.04065 1018.8
0.04066 1018.8
0.04067 1018.8
0.04068 1018.8
0.04069 1018.8
0.04070 1018.8
0.04071 1018.8
0.04072 1018.8
0.04073 1018.8
0.04074 1018.8
0.04075 1018.8
0.04076 1018.8
0.04077 1018.8
0.04078 1018.8
0.04079 1018.8
0.04080 1018.8
0.04081 1018.8
0.04082 1018.8
0.04083 1018.8
0.04084 1018.8
0.04085 1018.8
0.04086 1018.8
0.04087 1018.8
0.04088 1018.8
0.04089 1018.8
0.04090 1018.8
0.04091 1018.8
0.04092 1018.8
0.04093 1018.8
0.04094 1018.8
0.04095 1018.8
0.04096 1018.8
0.04097 1018.8
0.04098 1018.8
0.04099 1018.8
0.04100 1018.8
0.04101 1018.8
0.04102 1018.8
0.04103 1018.8
0.04104 1018.8
0.04105 1018.8
0.04106 1018.8
0.04107 1018.8
0.04108 1018.8
0.04109 1018.8
0.04110 1018.8
0.04111 1018.8
0.04112 1018.8
0.04113 1018.8
0.04114 1018.8
0.04115 1018.8
0.04116 1018.8
0.04117 1018.8
0.04118 1018.8
0.04119 1018.8
0.04120 1018.8
0.04121 1018.8
0.04122 1018.8
0.04123 1018.8
0.04124 1018.8
0.04125 1018.8
0.04126 1018.8
0.04127 1018.8
0.04128 1018.8
0.04129 1018.8
0.04130 1018.8
0.04131 1018.8
0.04132 1018.8
0.04133 1018.8
0.04134 1018.8
0.04135 1018.8
0.04136 1018.8
0.04137 1018.8
0.04138 1018.8
0.04139 1018.8
0.04140 1018.8
0.04141 1018.8
0.04142 1018.8
0.04143 1018.8
0.04144 1018.8
0.04145 1018.8
0.04146 1018.8
0.04147 1018.8
0.04148 1018.8
0.04149 1018.8
0.04150 1018.8
0.04151 1018.8
0.04152 1018.8
0.04153 1018.8
0.04154 1018.8
0.04155 1018.8
0.04156 1018.8
0.04157 1018.8
0.04158 1018.8
0.04159 1018.8
0.04160 1018.8
0.04161 1018.8
0.04162 1018.8
0.04163 1018.8
0.04164 1018.8
0.04165 1018.8
0.04166 1018.8
0.04167 1018.8
0.04168 1018.8
0.04169 1018.8
0.04170 1018.8
0.04171 1018.8
0.04172 1018.8
0.04173 1018.8
0.04174 1018.8
0.04175 1018.8
0.04176 1018.8
0.04177 1018.8
0.04178 1018.8
0.04179 1018.8
0.04180 1018.8
0.04181 1018.8
0.04182 1018.8
0.04183 1018.8
0.04184 1018.8
0.04185 1018.8
0.04186 1018.8
0.04187 1018.8
0.04188 1018.8
0.04189 1018.8
0.04190 1018.8
0.04191 1018.8
0.04192 1018.8
0.04193 1018.8
0.04194 1018.8
0.04195 1018.8
0.04196 1018.8
0.04197 1018.8
0.04198 1018.8
0.04199 1018.8
0.04200 1018.8
0.04201 1018.8
0.04202 1018.8
0.04203 1018.8
0.04204 1018.8
0.04205 1018.8
0.04206 1018.8
0.04207 1018.8
0.04208 1018.8
0.04209 1018.8
0.04210 1018.8
0.04211 1018.8
0.04212 1018.8
0.04213 1018.8
0.04214 1018.8
0.04215 1018.8
0.04216 1018.8
0.04217 1018.8
0.04218 1018.8
0.04219 1018.8
0.04220 1018.8
0.04221 1018.8
0.04222 1018.8
0.04223 1018.8
0.04224 1018.8
0.04225 1018.8
0.04226 1018.8
0.04227 1018.8
0.04228 1018.8
0.04229 1018.8
0.04230 1018.8
0.04231 1018.8
0.04232 1018.8
0.04233 1018.8
0.04234 1018.8
0.04235 1018.8
0.04236 1018.8
0.04237 1018.8
0.04238 1018.8
0.04239 1018.8
0.04240 1018.8
0.04241 1018.8
0.04242 1018.8
0.04243 1018.8
0.04244 1018.8
0.04245 1018.8
0.04246 1018.8
0.04247 1018.8
0.04248 1018.8
0.04249 1018.8
0.04250 1018.8
0.04251 1018.8
0.04252 1018.8
0.04253 1018.8
0.04254 1018.8
0.04255 1018.8
0.04256 1018.8
0.04257 1018.8
0.04258 1018.8
0.04259 1018.8
0.04260 1018.8
0.04261 1018.8
0.04262 1018.8
0.04263 1018.8
0.04264 1018.8
0.04265 1018.8
0.04266 1018.8
0.04267 1018.8
0.04268 1018.8
0.04269 1018.8
0.04270 1018.8
0.04271 1018.8
0.04272 1018.8
0.04273 1018.8
0.04274 1018.8
0.04275 1018.8
0.04276 1018.8
0.04277 1018.8
0.04278 1018.8
0.04279 1018.8
0.04280 1018.8
0.04281 1018.8
0.04282 1018.8
0.04283 1018.8
0.04284 1018.8
0.04285 1018.8
0.04286 1018.8
0.04287 1018.8
0.04288 1018.8
0.04289 1018.8
0.04290 1018.8
0.04291 1018.8
0.04292 1018.8
0.04293 1018.8
0.04294 1018.8
0.04295 1018.8
0.04296 1018.8
0.04297 1018.8
0.04298 1018.8
0.04299 1018.8
0.04300 1018.8
0.04301 1018.8
0.04302 1018.8
0.04303 1018.8
0.04304 1018.8
0.04305 1018.8
0.04306 1018.8
0.04307 1018.8
0.04308 1018.8
0.04309 1018.8
0.04310 1018.8
0.04311 1018.8
0.04312 1018.8
0.04313 1018.8
0.04314 1018.8
0.04315 1018.8
0.04316 1018.8
0.04317 1018.8
0.04318 1018.8
0.04319 1018.8
0.04320 1018.8
0.04321 1018.8
0.04322 1018.8
0.04323 1018.8
0.04324 1018.8
0.04325 1018.8
0.04326 1018.8
0.04327 1018.8
0.04328 1018.8
0.04329 1018.8
0.04330 1018.8
0.04331 1018.8
0.04332 1018.8
0.04333 1018.8
0.04334 1018.8
0.04335 1018.8
0.04336 1018.8
0.04337 1018.8
0.04338 1018.8
0.04339 1018.8
0.04340 1018.8
0.04341 1018.8
0.04342 1018.8
0.04343 1018.8
0.04344 1018.8
0.04345 1018.8
0.04346 1018.8
0.04347 1018.8
0.04348 1018.8
0.04349 1018.8
0.04350 1018.8
0.04351 1018.8
0.04352 1018.8
0.04353 1018.8
0.04354 1018.8
0.04355 1018.8
0.04356 1018.8
0.04357 1018.8
0.04358 1018.8
0.04359 1018.8
0.04360 1018.8
0.04361 1018.8
0.04362 1018.8
0.04363 1018.8
0.04364 1018.8
0.04365 1018.8
0.04366 1018.8
0.04367 1018.8
0.04368 1018.8
0.04369 1018.8
0.04370 1018.8
0.04371 1018.8
0.04372 1018.8
0.04373 1018.8
0.04374 1018.8
0.04375 1018.8
0.04376 1018.8
0.04377 1018.8
0.04378 1018.8
0.04379 1018.8
0.04380 1018.8
0.04381 1018.8
0.04382 1018.8
0.04383 1018.8
0.04384 1018.8
0.04385 1018.8
0.04386 1018.8
0.04387 1018.8
0.04388 1018.8
0.04389 1018.8
0.04390 1018.8
0.04391 1018.8
0.04392 1018.8
0.04393 1018.8
0.04394 1018.8
0.04395 1018.8
0.04396 1018.8
0.04397 1018.8
0.04398 1018.8
0.04399 1018.8
0.04400 1018.8
0.04401 1018.8
0.04402 1018.8
0.04403 1018.8
0.04404 1018.8
0.04405 1018.8
0.04406 1018.8
0.04407 1018.8
0.04408 1018.8
0.04409 1018.8
0.04410 1018.8
0.04411 1018.8
0.04412 1018.8
0.04413 1018.8
0.04414 1018.8
0.04415 1018.8
0.04416 1018.8
0.04417 1018.8
0.04418 1018.8
0.04419 1018.8
0.04420 1018.8
0.04421 1018.8
0.04422 1018.8
0.04423 1018.8
0.04424 1018.8
0.04425 1018.8
0.04426 1018.8
0.04427 1018.8
0.04428 1018.8
0.04429 1018.8
0.04430 1018.8
0.04431 1018.8
0.04432 1018.8
0.04433 1018.8
0.04434 1018.8
0.04435 1018.8
0.04436 1018.8
0.04437 1018.8
0.04438 1018.8
0.04439 1018.8
0.04440 1018.8
0.04441 1018.8
0.04442 1018.8
0.04443 1018.8
0.04444 1018.8
0.04445 1018.8
0.04446 1018.8
0.04447 1018.8
0.04448 1018.8
0.04449 1018.8
0.04450 1018.8
0.04451 1018.8
0.04452 1018.8
0.04453 1018.8
0.04454 1018.8
0.04455 1018.8
0.04456 1018.8
0.04457 1018.8
0.04458 1018.8
0.04459 1018.8
0.04460 1018.8
0.04461 1018.8
0.04462 1018.8
0.04463 1018.8
0.04464 1018.8
0.04465 1018.8
0.04466 1018.8
0.04467 1018.8
0.04468 1018.8
0.04469 1018.8
0.04470 1018.8
0.04471 1018.8
0.04472 1018.8
0.04473 1018.8
0.04474 1018.8
0.04475 1018.8
0.04476 1018.8
0.04477 1018.8
0.04478 1018.8
0.04479 1018.8
0.04480 1018.8
0.04481 1018.8
0.04482 1018.8
0.04483 1018.8
0.04484 1018.8
0.04485 1018.8
0.04486 1018.8
0.04487 1018.8
0.04488 1018.8
0.04489 1018.8
0.04490 1018.8
0.04491 1018.8
0.04492 1018.8
0.04493 1018.8
0.04494 1018.8
0.04495 1018.8
0.04496 1018.8
0.04497 1018.8
0.04498 1018.8
0.04499 1018.8
0.04500 1018.8
0.04501 1018.8
0.04502 1018.8
0.04503 1018.8
0.04504 1018.8
0.04505 1018.8
0.04506 1018.8
0.04507 1018.8
0.04508 1018.8
0.04509 1018.8
0.04510 1018.8
0.04511 1018.8
0.04512 1018.8
0.04513 1018.8
0.04514 1018.8
0.04515 1018.8
0.04516 1018.8
0.04517 1018.8
0.04518 1018.8
0.04519 1018.8
0.04520 1018.8
0.04521 1018.8
0.04522 1018.8
0.04523 1018.8
0.04524 1018.8
0.04525 1018.8
0.04526 1018.8
0.04527 1018.8
0.04528 1018.8
0.04529 1018.8
0.04530 1018.8
0.04531 1018.8
0.04532 1018.8
0.04533 1018.8
0.04534 1018.8
0.04535 1018.8
0.04536 1018.8
0.04537 1018.8
0.04538 1018.8
0.04539 1018.8
0.04540 1018.8
0.04541 1018.8
0.04542 1018.8
0.04543 1018.8
0.04544 1018.8
0.04545 1018.8
0.04546 1018.8
0.04547 1018.8
0.04548 1018.8
0.04549 1018.8
0.04550 1018.8
0.04551 1018.8
0.04552 1018.8
0.04553 1018.8
0.04554 1018.8
0.04555 1018.8
0.04556 1018.8
0.04557 1018.8
0.04558 1018.8
0.04559 1018.8
0.04560 1018.8
0.04561 1018.8
0.04562 1018.8
0.04563 1018.8
0.04564 1018.8
0.04565 1018.8
0.04566 1018.8
0.04567 1018.8
0.04568 1018.8
0.04569 1018.8
0.04570 1018.8
0.04571 1018.8
0.04572 1018.8
0.04573 1018.8
0.04574 1018.8
0.04575 1018.8
0.04576 1018.8
0.04577 1018.8
0.04578 1018.8
0.04579 1018.8
0.04580 1018.8
0.04581 1018.8
0.04582 1018.8
0.04583 1018.8
0.04584 1018.8
0.04585 1018.8
0.04586 1018.8
0.04587 1018.8
0.04588 1018.8
0.04589 1018.8
0.04590 1018.8
0.04591 1018.8
0.04592 1018.8
0.04593 1018.8
0.04594 1018.8
0.04595 1018.8
0.04596 1018.8
0.04597 1018.8
0.04598 1018.8
0.04599 1018.8
0.04600 1018.8
0.04601 1018.8
0.04602 1018.8
0.04603 1018.8
0.04604 1018.8
0.04605 1018.8
0.04606 1018.8
0.04607 1018.8
0.04608 1018.8
0.04609 1018.8
0.04610 1018.8
0.04611 1018.8
0.04612 1018.8
0.04613 1018.8
0.04614 1018.8
0.04615 1018.8
0.04616 1018.8
0.04617 1018.8
0.04618 1018.8
0.04619 1018.8
0.04620 1018.8
0.04621 1018.8
0.04622 1018.8
0.04623 1018.8
0.04624 1018.8
0.04625 1018.8
0.04626 1018.8
0.04627 1018.8
0.04628 1018.8
0.04629 1018.8
0.04630 1018.8
0.04631 1018.8
0.04632 1018.8
0.04633 1018.8
0.04634 1018.8
0.04635 1018.8
0.04636 1018.8
0.04637 1018.8
0.04638 1018.8
0.04639 1018.8
0.04640 1018.8
0.04641 1018.8
0.04642 1018.8
0.04643 1018.8
0.04644 1018.8
0.04645 1018.8
0.04646 1018.8
0.04647 1018.8
0.04648 1018.8
0.04649 1018.8
0.04650 1018.8
0.04651 1018.8
0.04652 1018.8
0.04653 1018.8
0.04654 1018.8
0.04655 1018.8
0.04656 1018.8
0.04657 1018.8
0.04658 1018.8
0.04659 1018.8
0.04660 1018.8
0.04661 1018.8
0.04662 1018.8
0.04663 1018.8
0.04664 1018.8
0.04665 1018.8
0.04666 1018.8
0.04667 1018.8
0.04668 1018.8
0.04669 1018.8
0.04670 1018.8
0.04671 1018.8
0.04672 1018.8
0.04673 1018.8
0.04674 1018.8
0.04675 1018.8
0.04676 1018.8
0.04677 1018.8
0.04678 1018.8
0.04679 1018.8
0.04680 1018.8
0.04681 1018.8
0.04682 1018.8
0.04683 1018.8
0.04684 1018.8
0.04685 1018.8
0.04686 1018.8
0.04687 1018.8
0.04688 1018.8
0.04689 1018.8
0.04690 1018.8
0.04691 1018.8
0.04692 1018.8
0.04693 1018.8
0.04694 1018.8
0.04695 1018.8
0.04696 1018.8
0.04697 1018.8
0.04698 1018.8
0.04699 1018.8
0.04700 1018.8
0.04701 1018.8
0.04702 1018.8
0.04703 1018.8
0.04704 1018.8
0.04705 1018.8
0.04706 1018.8
0.04707 1018.8
0.04708 1018.8
0.04709 1018.8
0.04710 1018.8
0.04711 1018.8
0.04712 1018.8
0.04713 1018.8
0.04714 1018.8
0.04715 1018.8
0.04716 1018.8
0.04717 1018.8
0.04718 1018.8
0.04719 1018.8
0.04720 1018.8
0.04721 1018.8
0.04722 1018.8
0.04723 1018.8
0.04724 1018.8
0.04725 1018.8
0.04726 1018.8
0.04727 1018.8
0.04728 1018.8
0.04729 1018.8
0.04730 1018.8
0.04731 1018.8
0.04732 1018.8
0.04733 1018.8
0.04734 1018.8
0.04735 1018.8
0.04736 1018.8
0.04737 1018.8
0.04738 1018.8
0.04739 1018.8
0.04740 1018.8
0.04741 1018.8
0.04742 1018.8
0.04743 1018.8
0.04744 1018.8
0.04745 1018.8
0.04746 1018.8
0.04747 1018.8
0.04748 1018.8
0.04749 1018.8
0.04750 1018.8
0.04751 1018.8
0.04752 1018.8
0.04753 1018.8
0.04754 1018.8
0.04755 1018.8
0.04756 1018.8
0.04757 1018.8
0.04758 1018.8
0.04759 1018.8
0.04760 1018.8
0.04761 1018.8
0.04762 1018.8
0.04763 1018.8
0.04764 1018.8
0.04765 1018.8
0.04766 1018.8
0.04767 1018.8
0.04768 1018.8
0.04769 1018.8
0.04770 1018.8
0.04771 1018.8
0.04772 1018.8
0.04773 1018.8
0.04774 1018.8
0.04775 1018.8
0.04776 1018.8
0.04777 1018.8
0.04778 1018.8
0.04779 1018.8
0.04780 1018.8
0.04781 1018.8
0.04782 1018.8
0.04783 1018.8
0.04784 1018.8
0.04785 1018.8
0.04786 1018.8
0.04787 1018.8
0.04788 1018.8
0.04789 1018.8
0.04790 1018.8
0.04791 1018.8
0.04792 1018.8
0.04793 1018.8
0.04794 1018.8
0.04795 1018.8
0.04796 1018.8
0.04797 1018.8
0.04798 1018.8
0.04799 1018.8
0.04800 1018.8
0.04801 1018.8
0.04802 1018.8
0.04803 1018.8
0.04804 1018.8
0.04805 1018.8
0.04806 1018.8
0.04807 1018.8
0.04808 1018.8
0.04809 1018.8
0.04810 1018.8
0.04811 1018.8
0.04812 1018.8
0.04813 1018.8
0.04814 1018.8
0.04815 1018.8
0.04816 1018.8
0.04817 1018.8
0.04818 1018.8
0.04819 1018.8
0.04820 1018.8
0.04821 1018.8
0.04822 1018.8
0.04823 1018.8
0.04824 1018.8
0.04825 1018.8
0.04826 1018.8
0.04827 1018.8
0.04828 1018.8
0.04829 1018.8
0.04830 1018.8
0.04831 1018.8
0.04832 1018.8
0.04833 1018.8
0.04834 1018.8
0.04835 1018.8
0.04836 1018.8
0.04837 1018.8
0.04838 1018.8
0.04839 1018.8
0.04840 1018.8
0.04841 1018.8
0.04842 1018.8
0.04843 1018.8
0.04844 1018.8
0.04845 1018.8
0.04846 1018.8
0.04847 1018.8
0.04848 1018.8
0.04849 1018.8
0.04850 1018.8
0.04851 1018.8
0.04852 1018.8
0.04853 1018.8
0.04854 1018.8
0.04855 1018.8
0.04856 1018.8
0.04857 1018.8
0.04858 1018.8
0.04859 1018.8
0.04860 1018.8
0.04861 1018.8
0.04862 1018.8
0.04863 1018.8
0.04864 1018.8
0.04865 1018.8
0.04866 1018.8
0.04867 1018.8
0.04868 1018.8
0.04869 1018.8
0.04870 1018.8
0.04871 1018.8
0.04872 1018.8
0.04873 1018.8
0.04874 1018.8
0.04875 1018.8
0.04876 1018.8
0.04877 1018.8
0.04878 1018.8
0.04879 1018.8
0.04880 1018.8
0.04881 1018.8
0.04882 1018.8
0.04883 1018.8
0.04884 1018.8
0.04885 1018.8
0.04886 1018.8
0.04887 1018.8
0.04888 1018.8
0.04889 1018.8
0.04890 1018.8
0.04891 1018.8
0.04892 1018.8
0.04893 1018.8
0.04894 1018.8
0.04895 1018.8
0.04896 1018.8
0.04897 1018.8
0.04898 1018.8
0.04899 1018.8
0.04900 1018.8
0.04901 1018.8
0.04902 1018.8
0.04903 1018.8
0.04904 1018.8
0.04905 1018.8
0.04906 1018.8
0.04907 1018.8
0.04908 1018.8
0.04909 1018.8
0.04910 1018.8
0.04911 1018.8
0.04912 1018.8
0.04913 1018.8
0.04914 1018.8
0.04915 1018.8
0.04916 1018.8
0.04917 1018.8
0.04918 1018.8
0.04919 1018.8
0.04920 1018.8
0.04921 1018.8
0.04922 1018.8
0.04923 1018.8
0.04924 1018.8
0.04925 1018.8
0.04926 1018.8
0.04927 1018.8
0.04928 1018.8
0.04929 1018.8
0.04930 1018.8
0.04931 1018.8
0.04932 1018.8
0.04933 1018.8
0.04934 1018.8
0.04935 1018.8
0.04936 1018.8
0.04937 1018.8
0.04938 1018.8
0.04939 1018.8
0.04940 1018.8
0.04941 1018.8
0.04942 1018.8
0.04943 1018.8
0.04944 1018.8
0.04945 1018.8
0.04946 1018.8
0.04947 1018.8
0.04948 1018.8
0.04949 1018.8
0.04950 1018.8
0.04951 1018.8
0.04952 1018.8
0.04953 1018.8
0.04954 1018.8
0.04955 1018.8
0.04956 1018.8
0.04957 1018.8
0.04958 1018.8
0.04959 1018.8
0.04960 1018.8
0.04961 1018.8
0.04962 1018.8
0.04963 1018.8
0.04964 1018.8
0.04965 1018.8
0.04966 1018.8
0.04967 1018.8
0.04968 1018.8
0.04969 1018.8
0.04970 1018.8
0.04971 1018.8
0.04972 1018.8
0.04973 1018.8
0.04974 1018.8
0.04975 1018.8
0.04976 1018.8
0.04977 1018.8
0.04978 1018.8
0.04979 1018.8
0.04980 1018.8
0.04981 1018.8
0.04982 1018.8
0.04983 1018.8
0.04984 1018.8
0.04985 1018.8
0.04986 1018.8
0.04987 1018.8
0.04988 1018.8
0.04989 1018.8
0.04990 1018.8
0.04991 1018.8
0.04992 1018.8
0.04993 1018.8
0.04994 1018.8
0.04995 1018.8
0.04996 1018.8
0.04997 1018.8
0.04998 1018.8
0.04999 1018.8
0.05000 1018.8
