0.00000 14907.3
0.00001 14907.3
0.00002 14907.3
0.00003 14907.3
0.00004 14907.3
0.00005 14907.3
0.00006 14907.3
0.00007 14907.3
0.00008 14907.3
0.00009 14907.3
0.00010 14907.3
0.00011 14907.3
0.00012 14907.3
0.00013 14907.3
0.00014 14907.3
0.00015 14907.3
0.00016 14907.3
0.00017 14907.3
0.00018 14907.3
0.00019 14907.3
0.00020 14907.3
0.00021 14907.3
0.00022 14907.3
0.00023 14907.3
0.00024 14907.3
0.00025 14907.3
0.00026 14907.3
0.00027 14907.3
0.00028 14907.3
0.00029 14907.3
0.00030 14907.3
0.00031 14907.3
0.00032 14907.3
0.00033 14907.3
0.00034 14907.3
0.00035 14907.3
0.00036 14907.3
0.00037 14907.3
0.00038 14907.3
0.00039 14907.3
0.00040 14907.3
0.00041 14907.3
0.00042 14907.3
0.00043 14907.3
0.00044 14907.3
0.00045 14907.3
0.00046 14907.3
0.00047 14907.3
0.00048 14907.3
0.00049 14907.3
0.00050 14907.3
0.00051 14907.3
0.00052 14907.3
0.00053 14907.3
0.00054 14907.3
0.00055 14907.3
0.00056 14907.3
0.00057 14907.3
0.00058 14907.3
0.00059 14907.3
0.00060 14907.3
0.00061 14907.3
0.00062 14907.3
0.00063 14907.3
0.00064 14907.3
0.00065 14907.3
0.00066 14907.3
0.00067 14907.3
0.00068 14907.3
0.00069 14907.3
0.00070 14907.3
0.00071 14907.3
0.00072 14907.3
0.00073 14907.3
0.00074 14907.3
0.00075 14907.3
0.00076 14907.3
0.00077 14907.3
0.00078 14907.3
0.00079 14907.3
0.00080 14907.3
0.00081 14907.3
0.00082 14907.3
0.00083 14907.3
0.00084 14907.3
0.00085 14907.3
0.00086 14907.3
0.00087 14907.3
0.00088 14907.3
0.00089 14907.3
0.00090 14907.3
0.00091 14907.3
0.00092 14907.3
0.00093 14907.3
0.00094 14907.3
0.00095 14907.3
0.00096 14907.3
0.00097 14907.3
0.00098 14907.3
0.00099 14907.3
0.00100 14907.3
0.00101 14607.4
0.00102 14314.5
0.00103 14028.3
0.00104 13748.7
0.00105 13475.5
0.00106 13208.4
0.00107 12947.5
0.00108 12692.4
0.00109 12443.0
0.00110 12199.3
0.00111 11960.9
0.00112 11727.9
0.00113 11499.9
0.00114 11277.0
0.00115 11058.9
0.00116 10845.5
0.00117 10636.7
0.00118 10432.2
0.00119 10232.1
0.00120 10036.0
0.00121 9844.0
0.00122 9655.8
0.00123 9471.2
0.00124 9290.1
0.00125 9112.4
0.00126 8937.9
0.00127 8766.3
0.00128 8597.5
0.00129 8431.3
0.00130 8267.5
0.00131 8105.8
0.00132 7946.0
0.00133 7787.8
0.00134 7631.0
0.00135 7475.2
0.00136 7320.1
0.00137 7165.3
0.00138 7010.5
0.00139 6855.3
0.00140 6699.1
0.00141 6541.6
0.00142 6382.1
0.00143 6220.1
0.00144 6055.1
0.00145 5886.4
0.00146 5713.4
0.00147 5535.3
0.00148 5351.6
0.00149 5161.4
0.00150 4964.1
0.00151 4856.2
0.00152 4732.4
0.00153 4592.7
0.00154 4437.2
0.00155 4266.6
0.00156 4081.6
0.00157 3883.5
0.00158 3674.0
0.00159 3455.6
0.00160 3231.1
0.00161 3004.3
0.00162 2779.6
0.00163 2561.6
0.00164 2355.6
0.00165 2166.3
0.00166 1997.7
0.00167 1852.2
0.00168 1730.3
0.00169 1630.8
0.00170 1551.1
0.00171 1488.1
0.00172 1438.7
0.00173 1400.1
0.00174 1370.2
0.00175 1347.1
0.00176 1329.7
0.00177 1316.7
0.00178 1307.6
0.00179 1301.7
0.00180 1298.6
0.00181 1298.0
0.00182 1299.7
0.00183 1303.4
0.00184 1309.0
0.00185 1316.5
0.00186 1325.7
0.00187 1336.7
0.00188 1349.4
0.00189 1363.8
0.00190 1380.0
0.00191 1397.9
0.00192 1417.6
0.00193 1439.1
0.00194 1462.5
0.00195 1487.9
0.00196 1515.2
0.00197 1544.7
0.00198 1576.2
0.00199 1610.0
0.00200 1646.2
0.00201 1684.6
0.00202 1725.6
0.00203 1769.1
0.00204 1815.2
0.00205 1864.0
0.00206 1915.7
0.00207 1970.1
0.00208 2027.6
0.00209 2088.0
0.00210 2151.5
0.00211 2218.2
0.00212 2288.0
0.00213 2361.1
0.00214 2437.4
0.00215 2517.1
0.00216 2600.0
0.00217 2686.3
0.00218 2776.0
0.00219 2868.9
0.00220 2965.0
0.00221 3064.5
0.00222 3167.1
0.00223 3272.8
0.00224 3381.5
0.00225 3493.2
0.00226 3607.8
0.00227 3725.1
0.00228 3845.0
0.00229 3967.5
0.00230 4092.3
0.00231 4219.4
0.00232 4348.6
0.00233 4479.8
0.00234 4612.8
0.00235 4747.4
0.00236 4883.7
0.00237 5021.3
0.00238 5160.2
0.00239 5300.3
0.00240 5441.3
0.00241 5583.3
0.00242 5726.0
0.00243 5869.4
0.00244 6013.3
0.00245 6157.7
0.00246 6302.5
0.00247 6447.5
0.00248 6592.7
0.00249 6738.1
0.00250 6883.4
0.00251 7028.8
0.00252 7174.0
0.00253 7319.1
0.00254 7463.9
0.00255 7608.5
0.00256 7752.7
0.00257 7896.6
0.00258 8040.0
0.00259 8183.0
0.00260 8325.4
0.00261 8467.2
0.00262 8608.4
0.00263 8748.9
0.00264 8888.6
0.00265 9027.6
0.00266 9165.6
0.00267 9302.8
0.00268 9438.9
0.00269 9574.0
0.00270 9708.0
0.00271 9840.8
0.00272 9972.4
0.00273 10102.7
0.00274 10231.6
0.00275 10359.1
0.00276 10485.1
0.00277 10609.6
0.00278 10732.4
0.00279 10853.6
0.00280 10973.1
0.00281 11090.8
0.00282 11206.7
0.00283 11320.7
0.00284 11432.9
0.00285 11543.1
0.00286 11651.3
0.00287 11757.6
0.00288 11861.9
0.00289 11964.1
0.00290 12064.3
0.00291 12162.5
0.00292 12258.6
0.00293 12352.6
0.00294 12444.6
0.00295 12534.5
0.00296 12622.5
0.00297 12708.4
0.00298 12792.2
0.00299 12874.2
0.00300 12954.1
0.00301 13032.1
0.00302 13108.2
0.00303 13182.4
0.00304 13254.8
0.00305 13325.3
0.00306 13394.0
0.00307 13461.0
0.00308 13526.3
0.00309 13589.8
0.00310 13651.8
0.00311 13712.0
0.00312 13770.7
0.00313 13827.9
0.00314 13883.5
0.00315 13937.7
0.00316 13990.4
0.00317 14041.7
0.00318 14091.6
0.00319 14140.2
0.00320 14187.5
0.00321 14233.5
0.00322 14278.2
0.00323 14321.8
0.00324 14364.2
0.00325 14405.4
0.00326 14445.5
0.00327 14484.5
0.00328 14522.5
0.00329 14559.5
0.00330 14595.4
0.00331 14630.4
0.00332 14664.4
0.00333 14697.5
0.00334 14729.7
0.00335 14761.0
0.00336 14791.5
0.00337 14821.2
0.00338 14850.0
0.00339 14878.1
0.00340 14905.5
0.00341 14932.1
0.00342 14957.9
0.00343 14983.1
0.00344 15007.6
0.00345 15031.5
0.00346 15054.7
0.00347 15077.3
0.00348 15099.3
0.00349 15120.7
0.00350 15141.6
0.00351 15161.8
0.00352 15181.6
0.00353 15200.8
0.00354 15219.5
0.00355 15237.7
0.00356 15255.5
0.00357 15272.8
0.00358 15289.6
0.00359 15306.0
0.00360 15321.9
0.00361 15337.4
0.00362 15352.6
0.00363 15367.3
0.00364 15381.6
0.00365 15395.6
0.00366 15409.2
0.00367 15422.5
0.00368 15435.4
0.00369 15448.0
0.00370 15460.2
0.00371 15472.2
0.00372 15483.8
0.00373 15495.1
0.00374 15506.2
0.00375 15516.9
0.00376 15527.4
0.00377 15537.6
0.00378 15547.6
0.00379 15557.3
0.00380 15566.8
0.00381 15576.0
0.00382 15584.9
0.00383 15593.7
0.00384 15602.2
0.00385 15610.5
0.00386 15618.6
0.00387 15626.5
0.00388 15634.2
0.00389 15641.7
0.00390 15649.0
0.00391 15656.2
0.00392 15663.1
0.00393 15669.9
0.00394 15676.5
0.00395 15682.9
0.00396 15689.2
0.00397 15695.3
0.00398 15701.3
0.00399 15707.1
0.00400 15712.7
0.00401 15718.3
0.00402 15723.6
0.00403 15728.9
0.00404 15734.0
0.00405 15739.0
0.00406 15743.8
0.00407 15748.6
0.00408 15753.2
0.00409 15757.7
0.00410 15762.1
0.00411 15766.4
0.00412 15770.5
0.00413 15774.6
0.00414 15778.6
0.00415 15782.4
0.00416 15786.2
0.00417 15789.8
0.00418 15793.4
0.00419 15796.9
0.00420 15800.3
0.00421 15803.6
0.00422 15806.8
0.00423 15809.9
0.00424 15813.0
0.00425 15816.0
0.00426 15818.9
0.00427 15821.7
0.00428 15824.4
0.00429 15827.1
0.00430 15829.7
0.00431 15832.3
0.00432 15834.7
0.00433 15837.1
0.00434 15839.5
0.00435 15841.7
0.00436 15844.0
0.00437 15846.1
0.00438 15848.2
0.00439 15850.2
0.00440 15852.2
0.00441 15854.2
0.00442 15856.0
0.00443 15857.9
0.00444 15859.6
0.00445 15861.3
0.00446 15863.0
0.00447 15864.6
0.00448 15866.2
0.00449 15867.7
0.00450 15869.2
0.00451 15870.7
0.00452 15872.1
0.00453 15873.4
0.00454 15874.7
0.00455 15876.0
0.00456 15877.2
0.00457 15878.4
0.00458 15879.6
0.00459 15880.7
0.00460 15881.8
0.00461 15882.8
0.00462 15883.8
0.00463 15884.8
0.00464 15885.7
0.00465 15886.6
0.00466 15887.5
0.00467 15888.4
0.00468 15889.2
0.00469 15890.0
0.00470 15890.7
0.00471 15891.4
0.00472 15892.1
0.00473 15892.8
0.00474 15893.4
0.00475 15894.1
0.00476 15894.6
0.00477 15895.2
0.00478 15895.7
0.00479 15896.2
0.00480 15896.7
0.00481 15897.2
0.00482 15897.6
0.00483 15898.0
0.00484 15898.4
0.00485 15898.8
0.00486 15899.2
0.00487 15899.5
0.00488 15899.8
0.00489 15900.1
0.00490 15900.3
0.00491 15900.6
0.00492 15900.8
0.00493 15901.0
0.00494 15901.2
0.00495 15901.4
0.00496 15901.5
0.00497 15901.6
0.00498 15901.7
0.00499 15901.8
0.00500 15901.9
0.00501 15902.0
0.00502 15902.0
0.00503 15902.1
0.00504 15902.1
0.00505 15902.1
0.00506 15902.1
0.00507 15902.0
0.00508 15902.0
0.00509 15901.9
0.00510 15901.8
0.00511 15901.7
0.00512 15901.6
0.00513 15901.5
0.00514 15901.4
0.00515 15901.3
0.00516 15901.1
0.00517 15900.9
0.00518 15900.7
0.00519 15900.6
0.00520 15900.3
0.00521 15900.1
0.00522 15899.9
0.00523 15899.7
0.00524 15899.4
0.00525 15899.1
0.00526 15898.9
0.00527 15898.6
0.00528 15898.3
0.00529 15898.0
0.00530 15897.7
0.00531 15897.3
0.00532 15897.0
0.00533 15896.7
0.00534 15896.3
0.00535 15895.9
0.00536 15895.6
0.00537 15895.2
0.00538 15894.8
0.00539 15894.4
0.00540 15894.0
0.00541 15893.5
0.00542 15893.1
0.00543 15892.7
0.00544 15892.2
0.00545 15891.8
0.00546 15891.3
0.00547 15890.9
0.00548 15890.4
0.00549 15889.9
0.00550 15889.4
0.00551 15888.9
0.00552 15888.4
0.00553 15887.9
0.00554 15887.4
0.00555 15886.8
0.00556 15886.3
0.00557 15885.7
0.00558 15885.2
0.00559 15884.6
0.00560 15884.1
0.00561 15883.5
0.00562 15882.9
0.00563 15882.4
0.00564 15881.8
0.00565 15881.2
0.00566 15880.6
0.00567 15880.0
0.00568 15879.3
0.00569 15878.7
0.00570 15878.1
0.00571 15877.5
0.00572 15876.8
0.00573 15876.2
0.00574 15875.6
0.00575 15874.9
0.00576 15874.2
0.00577 15873.6
0.00578 15872.9
0.00579 15872.2
0.00580 15871.6
0.00581 15870.9
0.00582 15870.2
0.00583 15869.5
0.00584 15868.8
0.00585 15868.1
0.00586 15867.4
0.00587 15866.7
0.00588 15866.0
0.00589 15865.3
0.00590 15864.5
0.00591 15863.8
0.00592 15863.1
0.00593 15862.3
0.00594 15861.6
0.00595 15860.9
0.00596 15860.1
0.00597 15859.3
0.00598 15858.6
0.00599 15857.8
0.00600 15857.1
0.00601 15856.3
0.00602 15855.5
0.00603 15854.7
0.00604 15854.0
0.00605 15853.2
0.00606 15852.4
0.00607 15851.6
0.00608 15850.8
0.00609 15850.0
0.00610 15849.2
0.00611 15848.4
0.00612 15847.6
0.00613 15846.8
0.00614 15846.0
0.00615 15845.2
0.00616 15844.3
0.00617 15843.5
0.00618 15842.7
0.00619 15841.9
0.00620 15841.0
0.00621 15840.2
0.00622 15839.3
0.00623 15838.5
0.00624 15837.7
0.00625 15836.8
0.00626 15836.0
0.00627 15835.1
0.00628 15834.3
0.00629 15833.4
0.00630 15832.5
0.00631 15831.7
0.00632 15830.8
0.00633 15829.9
0.00634 15829.1
0.00635 15828.2
0.00636 15827.3
0.00637 15826.4
0.00638 15825.5
0.00639 15824.7
0.00640 15823.8
0.00641 15822.9
0.00642 15822.0
0.00643 15821.1
0.00644 15820.2
0.00645 15819.3
0.00646 15818.4
0.00647 15817.5
0.00648 15816.6
0.00649 15815.7
0.00650 15814.8
0.00651 15813.9
0.00652 15813.0
0.00653 15812.1
0.00654 15811.1
0.00655 15810.2
0.00656 15809.3
0.00657 15808.4
0.00658 15807.4
0.00659 15806.5
0.00660 15805.6
0.00661 15804.7
0.00662 15803.7
0.00663 15802.8
0.00664 15801.9
0.00665 15800.9
0.00666 15800.0
0.00667 15799.0
0.00668 15798.1
0.00669 15797.2
0.00670 15796.2
0.00671 15795.3
0.00672 15794.3
0.00673 15793.4
0.00674 15792.4
0.00675 15791.5
0.00676 15790.5
0.00677 15789.6
0.00678 15788.6
0.00679 15787.6
0.00680 15786.7
0.00681 15785.7
0.00682 15784.8
0.00683 15783.8
0.00684 15782.8
0.00685 15781.9
0.00686 15780.9
0.00687 15779.9
0.00688 15778.9
0.00689 15778.0
0.00690 15777.0
0.00691 15776.0
0.00692 15775.0
0.00693 15774.1
0.00694 15773.1
0.00695 15772.1
0.00696 15771.1
0.00697 15770.1
0.00698 15769.2
0.00699 15768.2
0.00700 15767.2
0.00701 15766.2
0.00702 15765.2
0.00703 15764.2
0.00704 15763.2
0.00705 15762.3
0.00706 15761.3
0.00707 15760.3
0.00708 15759.3
0.00709 15758.3
0.00710 15757.3
0.00711 15756.3
0.00712 15755.3
0.00713 15754.3
0.00714 15753.3
0.00715 15752.3
0.00716 15751.3
0.00717 15750.3
0.00718 15749.3
0.00719 15748.3
0.00720 15747.3
0.00721 15746.3
0.00722 15745.3
0.00723 15744.3
0.00724 15743.3
0.00725 15742.3
0.00726 15741.2
0.00727 15740.2
0.00728 15739.2
0.00729 15738.2
0.00730 15737.2
0.00731 15736.2
0.00732 15735.2
0.00733 15734.2
0.00734 15733.2
0.00735 15732.1
0.00736 15731.1
0.00737 15730.1
0.00738 15729.1
0.00739 15728.1
0.00740 15727.1
0.00741 15726.0
0.00742 15725.0
0.00743 15724.0
0.00744 15723.0
0.00745 15722.0
0.00746 15720.9
0.00747 15719.9
0.00748 15718.9
0.00749 15717.9
0.00750 15716.9
0.00751 15715.8
0.00752 15714.8
0.00753 15713.8
0.00754 15712.8
0.00755 15711.7
0.00756 15710.7
0.00757 15709.7
0.00758 15708.7
0.00759 15707.6
0.00760 15706.6
0.00761 15705.6
0.00762 15704.6
0.00763 15703.5
0.00764 15702.5
0.00765 15701.5
0.00766 15700.5
0.00767 15699.4
0.00768 15698.4
0.00769 15697.4
0.00770 15696.3
0.00771 15695.3
0.00772 15694.3
0.00773 15693.3
0.00774 15692.2
0.00775 15691.2
0.00776 15690.2
0.00777 15689.1
0.00778 15688.1
0.00779 15687.1
0.00780 15686.1
0.00781 15685.0
0.00782 15684.0
0.00783 15683.0
0.00784 15681.9
0.00785 15680.9
0.00786 15679.9
0.00787 15678.8
0.00788 15677.8
0.00789 15676.8
0.00790 15675.8
0.00791 15674.7
0.00792 15673.7
0.00793 15672.7
0.00794 15671.6
0.00795 15670.6
0.00796 15669.6
0.00797 15668.5
0.00798 15667.5
0.00799 15666.5
0.00800 15665.4
0.00801 15664.4
0.00802 15663.4
0.00803 15662.3
0.00804 15661.3
0.00805 15660.3
0.00806 15659.3
0.00807 15658.2
0.00808 15657.2
0.00809 15656.2
0.00810 15655.1
0.00811 15654.1
0.00812 15653.1
0.00813 15652.0
0.00814 15651.0
0.00815 15650.0
0.00816 15649.0
0.00817 15647.9
0.00818 15646.9
0.00819 15645.9
0.00820 15644.8
0.00821 15643.8
0.00822 15642.8
0.00823 15641.8
0.00824 15640.7
0.00825 15639.7
0.00826 15638.7
0.00827 15637.7
0.00828 15636.6
0.00829 15635.6
0.00830 15634.6
0.00831 15633.5
0.00832 15632.5
0.00833 15631.5
0.00834 15630.5
0.00835 15629.4
0.00836 15628.4
0.00837 15627.4
0.00838 15626.4
0.00839 15625.3
0.00840 15624.3
0.00841 15623.3
0.00842 15622.3
0.00843 15621.3
0.00844 15620.2
0.00845 15619.2
0.00846 15618.2
0.00847 15617.2
0.00848 15616.2
0.00849 15615.1
0.00850 15614.1
0.00851 15613.1
0.00852 15612.1
0.00853 15611.1
0.00854 15610.0
0.00855 15609.0
0.00856 15608.0
0.00857 15607.0
0.00858 15606.0
0.00859 15605.0
0.00860 15603.9
0.00861 15602.9
0.00862 15601.9
0.00863 15600.9
0.00864 15599.9
0.00865 15598.9
0.00866 15597.8
0.00867 15596.8
0.00868 15595.8
0.00869 15594.8
0.00870 15593.8
0.00871 15592.8
0.00872 15591.8
0.00873 15590.8
0.00874 15589.8
0.00875 15588.8
0.00876 15587.7
0.00877 15586.7
0.00878 15585.7
0.00879 15584.7
0.00880 15583.7
0.00881 15582.7
0.00882 15581.7
0.00883 15580.7
0.00884 15579.7
0.00885 15578.7
0.00886 15577.7
0.00887 15576.7
0.00888 15575.7
0.00889 15574.7
0.00890 15573.7
0.00891 15572.7
0.00892 15571.7
0.00893 15570.7
0.00894 15569.7
0.00895 15568.7
0.00896 15567.7
0.00897 15566.7
0.00898 15565.7
0.00899 15564.7
0.00900 15563.7
0.00901 15562.7
0.00902 15561.7
0.00903 15560.7
0.00904 15559.8
0.00905 15558.8
0.00906 15557.8
0.00907 15556.8
0.00908 15555.8
0.00909 15554.8
0.00910 15553.8
0.00911 15552.8
0.00912 15551.9
0.00913 15550.9
0.00914 15549.9
0.00915 15548.9
0.00916 15547.9
0.00917 15546.9
0.00918 15546.0
0.00919 15545.0
0.00920 15544.0
0.00921 15543.0
0.00922 15542.0
0.00923 15541.1
0.00924 15540.1
0.00925 15539.1
0.00926 15538.1
0.00927 15537.1
0.00928 15536.2
0.00929 15535.2
0.00930 15534.2
0.00931 15533.3
0.00932 15532.3
0.00933 15531.3
0.00934 15530.3
0.00935 15529.4
0.00936 15528.4
0.00937 15527.4
0.00938 15526.5
0.00939 15525.5
0.00940 15524.5
0.00941 15523.6
0.00942 15522.6
0.00943 15521.6
0.00944 15520.7
0.00945 15519.7
0.00946 15518.8
0.00947 15517.8
0.00948 15516.8
0.00949 15515.9
0.00950 15514.9
0.00951 15514.0
0.00952 15513.0
0.00953 15512.1
0.00954 15511.1
0.00955 15510.2
0.00956 15509.2
0.00957 15508.3
0.00958 15507.3
0.00959 15506.4
0.00960 15505.4
0.00961 15504.5
0.00962 15503.5
0.00963 15502.6
0.00964 15501.6
0.00965 15500.7
0.00966 15499.7
0.00967 15498.8
0.00968 15497.8
0.00969 15496.9
0.00970 15496.0
0.00971 15495.0
0.00972 15494.1
0.00973 15493.1
0.00974 15492.2
0.00975 15491.3
0.00976 15490.3
0.00977 15489.4
0.00978 15488.5
0.00979 15487.5
0.00980 15486.6
0.00981 15485.7
0.00982 15484.8
0.00983 15483.8
0.00984 15482.9
0.00985 15482.0
0.00986 15481.0
0.00987 15480.1
0.00988 15479.2
0.00989 15478.3
0.00990 15477.3
0.00991 15476.4
0.00992 15475.5
0.00993 15474.6
0.00994 15473.7
0.00995 15472.8
0.00996 15471.8
0.00997 15470.9
0.00998 15470.0
0.00999 15469.1
0.01000 15468.2
0.01001 15467.3
0.01002 15466.4
0.01003 15465.4
0.01004 15464.5
0.01005 15463.6
0.01006 15462.7
0.01007 15461.8
0.01008 15460.9
0.01009 15460.0
0.01010 15459.1
0.01011 15458.2
0.01012 15457.3
0.01013 15456.4
0.01014 15455.5
0.01015 15454.6
0.01016 15453.7
0.01017 15452.8
0.01018 15451.9
0.01019 15451.0
0.01020 15450.1
0.01021 15449.2
0.01022 15448.3
0.01023 15447.5
0.01024 15446.6
0.01025 15445.7
0.01026 15444.8
0.01027 15443.9
0.01028 15443.0
0.01029 15442.1
0.01030 15441.3
0.01031 15440.4
0.01032 15439.5
0.01033 15438.6
0.01034 15437.7
0.01035 15436.8
0.01036 15436.0
0.01037 15435.1
0.01038 15434.2
0.01039 15433.3
0.01040 15432.5
0.01041 15431.6
0.01042 15430.7
0.01043 15429.9
0.01044 15429.0
0.01045 15428.1
0.01046 15427.3
0.01047 15426.4
0.01048 15425.5
0.01049 15424.7
0.01050 15423.8
0.01051 15422.9
0.01052 15422.1
0.01053 15421.2
0.01054 15420.4
0.01055 15419.5
0.01056 15418.6
0.01057 15417.8
0.01058 15416.9
0.01059 15416.1
0.01060 15415.2
0.01061 15414.4
0.01062 15413.5
0.01063 15412.7
0.01064 15411.8
0.01065 15411.0
0.01066 15410.1
0.01067 15409.3
0.01068 15408.4
0.01069 15407.6
0.01070 15406.8
0.01071 15405.9
0.01072 15405.1
0.01073 15404.2
0.01074 15403.4
0.01075 15402.6
0.01076 15401.7
0.01077 15400.9
0.01078 15400.1
0.01079 15399.2
0.01080 15398.4
0.01081 15397.6
0.01082 15396.7
0.01083 15395.9
0.01084 15395.1
0.01085 15394.2
0.01086 15393.4
0.01087 15392.6
0.01088 15391.8
0.01089 15390.9
0.01090 15390.1
0.01091 15389.3
0.01092 15388.5
0.01093 15387.7
0.01094 15386.9
0.01095 15386.0
0.01096 15385.2
0.01097 15384.4
0.01098 15383.6
0.01099 15382.8
0.01100 15382.0
0.01101 15381.2
0.01102 15380.4
0.01103 15379.5
0.01104 15378.7
0.01105 15377.9
0.01106 15377.1
0.01107 15376.3
0.01108 15375.5
0.01109 15374.7
0.01110 15373.9
0.01111 15373.1
0.01112 15372.3
0.01113 15371.5
0.01114 15370.7
0.01115 15369.9
0.01116 15369.2
0.01117 15368.4
0.01118 15367.6
0.01119 15366.8
0.01120 15366.0
0.01121 15365.2
0.01122 15364.4
0.01123 15363.6
0.01124 15362.8
0.01125 15362.1
0.01126 15361.3
0.01127 15360.5
0.01128 15359.7
0.01129 15358.9
0.01130 15358.2
0.01131 15357.4
0.01132 15356.6
0.01133 15355.8
0.01134 15355.1
0.01135 15354.3
0.01136 15353.5
0.01137 15352.7
0.01138 15352.0
0.01139 15351.2
0.01140 15350.4
0.01141 15349.7
0.01142 15348.9
0.01143 15348.1
0.01144 15347.4
0.01145 15346.6
0.01146 15345.9
0.01147 15345.1
0.01148 15344.3
0.01149 15343.6
0.01150 15342.8
0.01151 15342.1
0.01152 15341.3
0.01153 15340.6
0.01154 15339.8
0.01155 15339.1
0.01156 15338.3
0.01157 15337.6
0.01158 15336.8
0.01159 15336.1
0.01160 15335.3
0.01161 15334.6
0.01162 15333.8
0.01163 15333.1
0.01164 15332.3
0.01165 15331.6
0.01166 15330.9
0.01167 15330.1
0.01168 15329.4
0.01169 15328.7
0.01170 15327.9
0.01171 15327.2
0.01172 15326.5
0.01173 15325.7
0.01174 15325.0
0.01175 15324.3
0.01176 15323.5
0.01177 15322.8
0.01178 15322.1
0.01179 15321.4
0.01180 15320.6
0.01181 15319.9
0.01182 15319.2
0.01183 15318.5
0.01184 15317.7
0.01185 15317.0
0.01186 15316.3
0.01187 15315.6
0.01188 15314.9
0.01189 15314.2
0.01190 15313.4
0.01191 15312.7
0.01192 15312.0
0.01193 15311.3
0.01194 15310.6
0.01195 15309.9
0.01196 15309.2
0.01197 15308.5
0.01198 15307.8
0.01199 15307.1
0.01200 15306.4
0.01201 15305.7
0.01202 15305.0
0.01203 15304.3
0.01204 15303.6
0.01205 15302.9
0.01206 15302.2
0.01207 15301.5
0.01208 15300.8
0.01209 15300.1
0.01210 15299.4
0.01211 15298.7
0.01212 15298.0
0.01213 15297.3
0.01214 15296.6
0.01215 15296.0
0.01216 15295.3
0.01217 15294.6
0.01218 15293.9
0.01219 15293.2
0.01220 15292.5
0.01221 15291.9
0.01222 15291.2
0.01223 15290.5
0.01224 15289.8
0.01225 15289.1
0.01226 15288.5
0.01227 15287.8
0.01228 15287.1
0.01229 15286.5
0.01230 15285.8
0.01231 15285.1
0.01232 15284.4
0.01233 15283.8
0.01234 15283.1
0.01235 15282.4
0.01236 15281.8
0.01237 15281.1
0.01238 15280.5
0.01239 15279.8
0.01240 15279.1
0.01241 15278.5
0.01242 15277.8
0.01243 15277.2
0.01244 15276.5
0.01245 15275.8
0.01246 15275.2
0.01247 15274.5
0.01248 15273.9
0.01249 15273.2
0.01250 15272.6
0.01251 15271.9
0.01252 15271.3
0.01253 15270.6
0.01254 15270.0
0.01255 15269.4
0.01256 15268.7
0.01257 15268.1
0.01258 15267.4
0.01259 15266.8
0.01260 15266.1
0.01261 15265.5
0.01262 15264.9
0.01263 15264.2
0.01264 15263.6
0.01265 15263.0
0.01266 15262.3
0.01267 15261.7
0.01268 15261.1
0.01269 15260.4
0.01270 15259.8
0.01271 15259.2
0.01272 15258.5
0.01273 15257.9
0.01274 15257.3
0.01275 15256.7
0.01276 15256.0
0.01277 15255.4
0.01278 15254.8
0.01279 15254.2
0.01280 15253.6
0.01281 15252.9
0.01282 15252.3
0.01283 15251.7
0.01284 15251.1
0.01285 15250.5
0.01286 15249.9
0.01287 15249.3
0.01288 15248.6
0.01289 15248.0
0.01290 15247.4
0.01291 15246.8
0.01292 15246.2
0.01293 15245.6
0.01294 15245.0
0.01295 15244.4
0.01296 15243.8
0.01297 15243.2
0.01298 15242.6
0.01299 15242.0
0.01300 15241.4
0.01301 15240.8
0.01302 15240.2
0.01303 15239.6
0.01304 15239.0
0.01305 15238.4
0.01306 15237.8
0.01307 15237.2
0.01308 15236.6
0.01309 15236.0
0.01310 15235.5
0.01311 15234.9
0.01312 15234.3
0.01313 15233.7
0.01314 15233.1
0.01315 15232.5
0.01316 15231.9
0.01317 15231.4
0.01318 15230.8
0.01319 15230.2
0.01320 15229.6
0.01321 15229.0
0.01322 15228.5
0.01323 15227.9
0.01324 15227.3
0.01325 15226.7
0.01326 15226.2
0.01327 15225.6
0.01328 15225.0
0.01329 15224.5
0.01330 15223.9
0.01331 15223.3
0.01332 15222.7
0.01333 15222.2
0.01334 15221.6
0.01335 15221.1
0.01336 15220.5
0.01337 15219.9
0.01338 15219.4
0.01339 15218.8
0.01340 15218.2
0.01341 15217.7
0.01342 15217.1
0.01343 15216.6
0.01344 15216.0
0.01345 15215.5
0.01346 15214.9
0.01347 15214.4
0.01348 15213.8
0.01349 15213.2
0.01350 15212.7
0.01351 15212.1
0.01352 15211.6
0.01353 15211.1
0.01354 15210.5
0.01355 15210.0
0.01356 15209.4
0.01357 15208.9
0.01358 15208.3
0.01359 15207.8
0.01360 15207.2
0.01361 15206.7
0.01362 15206.2
0.01363 15205.6
0.01364 15205.1
0.01365 15204.6
0.01366 15204.0
0.01367 15203.5
0.01368 15203.0
0.01369 15202.4
0.01370 15201.9
0.01371 15201.4
0.01372 15200.8
0.01373 15200.3
0.01374 15199.8
0.01375 15199.2
0.01376 15198.7
0.01377 15198.2
0.01378 15197.7
0.01379 15197.1
0.01380 15196.6
0.01381 15196.1
0.01382 15195.6
0.01383 15195.1
0.01384 15194.5
0.01385 15194.0
0.01386 15193.5
0.01387 15193.0
0.01388 15192.5
0.01389 15192.0
0.01390 15191.4
0.01391 15190.9
0.01392 15190.4
0.01393 15189.9
0.01394 15189.4
0.01395 15188.9
0.01396 15188.4
0.01397 15187.9
0.01398 15187.4
0.01399 15186.9
0.01400 15186.4
0.01401 15185.9
0.01402 15185.4
0.01403 15184.9
0.01404 15184.4
0.01405 15183.9
0.01406 15183.4
0.01407 15182.9
0.01408 15182.4
0.01409 15181.9
0.01410 15181.4
0.01411 15180.9
0.01412 15180.4
0.01413 15179.9
0.01414 15179.4
0.01415 15178.9
0.01416 15178.4
0.01417 15177.9
0.01418 15177.4
0.01419 15176.9
0.01420 15176.5
0.01421 15176.0
0.01422 15175.5
0.01423 15175.0
0.01424 15174.5
0.01425 15174.0
0.01426 15173.6
0.01427 15173.1
0.01428 15172.6
0.01429 15172.1
0.01430 15171.6
0.01431 15171.2
0.01432 15170.7
0.01433 15170.2
0.01434 15169.7
0.01435 15169.3
0.01436 15168.8
0.01437 15168.3
0.01438 15167.8
0.01439 15167.4
0.01440 15166.9
0.01441 15166.4
0.01442 15166.0
0.01443 15165.5
0.01444 15165.0
0.01445 15164.6
0.01446 15164.1
0.01447 15163.6
0.01448 15163.2
0.01449 15162.7
0.01450 15162.3
0.01451 15161.8
0.01452 15161.3
0.01453 15160.9
0.01454 15160.4
0.01455 15160.0
0.01456 15159.5
0.01457 15159.0
0.01458 15158.6
0.01459 15158.1
0.01460 15157.7
0.01461 15157.2
0.01462 15156.8
0.01463 15156.3
0.01464 15155.9
0.01465 15155.4
0.01466 15155.0
0.01467 15154.5
0.01468 15154.1
0.01469 15153.6
0.01470 15153.2
0.01471 15152.8
0.01472 15152.3
0.01473 15151.9
0.01474 15151.4
0.01475 15151.0
0.01476 15150.6
0.01477 15150.1
0.01478 15149.7
0.01479 15149.2
0.01480 15148.8
0.01481 15148.4
0.01482 15147.9
0.01483 15147.5
0.01484 15147.1
0.01485 15146.6
0.01486 15146.2
0.01487 15145.8
0.01488 15145.3
0.01489 15144.9
0.01490 15144.5
0.01491 15144.0
0.01492 15143.6
0.01493 15143.2
0.01494 15142.8
0.01495 15142.3
0.01496 15141.9
0.01497 15141.5
0.01498 15141.1
0.01499 15140.6
0.01500 15140.2
0.01501 15139.8
0.01502 15139.4
0.01503 15139.0
0.01504 15138.6
0.01505 15138.1
0.01506 15137.7
0.01507 15137.3
0.01508 15136.9
0.01509 15136.5
0.01510 15136.1
0.01511 15135.6
0.01512 15135.2
0.01513 15134.8
0.01514 15134.4
0.01515 15134.0
0.01516 15133.6
0.01517 15133.2
0.01518 15132.8
0.01519 15132.4
0.01520 15132.0
0.01521 15131.6
0.01522 15131.2
0.01523 15130.8
0.01524 15130.4
0.01525 15129.9
0.01526 15129.5
0.01527 15129.1
0.01528 15128.7
0.01529 15128.3
0.01530 15127.9
0.01531 15127.6
0.01532 15127.2
0.01533 15126.8
0.01534 15126.4
0.01535 15126.0
0.01536 15125.6
0.01537 15125.2
0.01538 15124.8
0.01539 15124.4
0.01540 15124.0
0.01541 15123.6
0.01542 15123.2
0.01543 15122.8
0.01544 15122.4
0.01545 15122.1
0.01546 15121.7
0.01547 15121.3
0.01548 15120.9
0.01549 15120.5
0.01550 15120.1
0.01551 15119.7
0.01552 15119.4
0.01553 15119.0
0.01554 15118.6
0.01555 15118.2
0.01556 15117.8
0.01557 15117.5
0.01558 15117.1
0.01559 15116.7
0.01560 15116.3
0.01561 15116.0
0.01562 15115.6
0.01563 15115.2
0.01564 15114.8
0.01565 15114.5
0.01566 15114.1
0.01567 15113.7
0.01568 15113.3
0.01569 15113.0
0.01570 15112.6
0.01571 15112.2
0.01572 15111.9
0.01573 15111.5
0.01574 15111.1
0.01575 15110.8
0.01576 15110.4
0.01577 15110.0
0.01578 15109.7
0.01579 15109.3
0.01580 15108.9
0.01581 15108.6
0.01582 15108.2
0.01583 15107.9
0.01584 15107.5
0.01585 15107.1
0.01586 15106.8
0.01587 15106.4
0.01588 15106.1
0.01589 15105.7
0.01590 15105.4
0.01591 15105.0
0.01592 15104.6
0.01593 15104.3
0.01594 15103.9
0.01595 15103.6
0.01596 15103.2
0.01597 15102.9
0.01598 15102.5
0.01599 15102.2
0.01600 15101.8
0.01601 15101.5
0.01602 15101.1
0.01603 15100.8
0.01604 15100.4
0.01605 15100.1
0.01606 15099.7
0.01607 15099.4
0.01608 15099.1
0.01609 15098.7
0.01610 15098.4
0.01611 15098.0
0.01612 15097.7
0.01613 15097.3
0.01614 15097.0
0.01615 15096.7
0.01616 15096.3
0.01617 15096.0
0.01618 15095.6
0.01619 15095.3
0.01620 15095.0
0.01621 15094.6
0.01622 15094.3
0.01623 15094.0
0.01624 15093.6
0.01625 15093.3
0.01626 15093.0
0.01627 15092.6
0.01628 15092.3
0.01629 15092.0
0.01630 15091.6
0.01631 15091.3
0.01632 15091.0
0.01633 15090.6
0.01634 15090.3
0.01635 15090.0
0.01636 15089.7
0.01637 15089.3
0.01638 15089.0
0.01639 15088.7
0.01640 15088.4
0.01641 15088.0
0.01642 15087.7
0.01643 15087.4
0.01644 15087.1
0.01645 15086.8
0.01646 15086.4
0.01647 15086.1
0.01648 15085.8
0.01649 15085.5
0.01650 15085.2
0.01651 15084.8
0.01652 15084.5
0.01653 15084.2
0.01654 15083.9
0.01655 15083.6
0.01656 15083.3
0.01657 15082.9
0.01658 15082.6
0.01659 15082.3
0.01660 15082.0
0.01661 15081.7
0.01662 15081.4
0.01663 15081.1
0.01664 15080.8
0.01665 15080.5
0.01666 15080.2
0.01667 15079.8
0.01668 15079.5
0.01669 15079.2
0.01670 15078.9
0.01671 15078.6
0.01672 15078.3
0.01673 15078.0
0.01674 15077.7
0.01675 15077.4
0.01676 15077.1
0.01677 15076.8
0.01678 15076.5
0.01679 15076.2
0.01680 15075.9
0.01681 15075.6
0.01682 15075.3
0.01683 15075.0
0.01684 15074.7
0.01685 15074.4
0.01686 15074.1
0.01687 15073.8
0.01688 15073.5
0.01689 15073.2
0.01690 15072.9
0.01691 15072.6
0.01692 15072.3
0.01693 15072.0
0.01694 15071.7
0.01695 15071.5
0.01696 15071.2
0.01697 15070.9
0.01698 15070.6
0.01699 15070.3
0.01700 15070.0
0.01701 15069.7
0.01702 15069.4
0.01703 15069.1
0.01704 15068.9
0.01705 15068.6
0.01706 15068.3
0.01707 15068.0
0.01708 15067.7
0.01709 15067.4
0.01710 15067.1
0.01711 15066.9
0.01712 15066.6
0.01713 15066.3
0.01714 15066.0
0.01715 15065.7
0.01716 15065.5
0.01717 15065.2
0.01718 15064.9
0.01719 15064.6
0.01720 15064.3
0.01721 15064.1
0.01722 15063.8
0.01723 15063.5
0.01724 15063.2
0.01725 15063.0
0.01726 15062.7
0.01727 15062.4
0.01728 15062.1
0.01729 15061.9
0.01730 15061.6
0.01731 15061.3
0.01732 15061.0
0.01733 15060.8
0.01734 15060.5
0.01735 15060.2
0.01736 15060.0
0.01737 15059.7
0.01738 15059.4
0.01739 15059.1
0.01740 15058.9
0.01741 15058.6
0.01742 15058.3
0.01743 15058.1
0.01744 15057.8
0.01745 15057.5
0.01746 15057.3
0.01747 15057.0
0.01748 15056.8
0.01749 15056.5
0.01750 15056.2
0.01751 15056.0
0.01752 15055.7
0.01753 15055.4
0.01754 15055.2
0.01755 15054.9
0.01756 15054.7
0.01757 15054.4
0.01758 15054.1
0.01759 15053.9
0.01760 15053.6
0.01761 15053.4
0.01762 15053.1
0.01763 15052.9
0.01764 15052.6
0.01765 15052.3
0.01766 15052.1
0.01767 15051.8
0.01768 15051.6
0.01769 15051.3
0.01770 15051.1
0.01771 15050.8
0.01772 15050.6
0.01773 15050.3
0.01774 15050.1
0.01775 15049.8
0.01776 15049.6
0.01777 15049.3
0.01778 15049.1
0.01779 15048.8
0.01780 15048.6
0.01781 15048.3
0.01782 15048.1
0.01783 15047.8
0.01784 15047.6
0.01785 15047.3
0.01786 15047.1
0.01787 15046.8
0.01788 15046.6
0.01789 15046.4
0.01790 15046.1
0.01791 15045.9
0.01792 15045.6
0.01793 15045.4
0.01794 15045.1
0.01795 15044.9
0.01796 15044.7
0.01797 15044.4
0.01798 15044.2
0.01799 15043.9
0.01800 15043.7
0.01801 15043.5
0.01802 15043.2
0.01803 15043.0
0.01804 15042.8
0.01805 15042.5
0.01806 15042.3
0.01807 15042.1
0.01808 15041.8
0.01809 15041.6
0.01810 15041.3
0.01811 15041.1
0.01812 15040.9
0.01813 15040.6
0.01814 15040.4
0.01815 15040.2
0.01816 15040.0
0.01817 15039.7
0.01818 15039.5
0.01819 15039.3
0.01820 15039.0
0.01821 15038.8
0.01822 15038.6
0.01823 15038.3
0.01824 15038.1
0.01825 15037.9
0.01826 15037.7
0.01827 15037.4
0.01828 15037.2
0.01829 15037.0
0.01830 15036.8
0.01831 15036.5
0.01832 15036.3
0.01833 15036.1
0.01834 15035.9
0.01835 15035.6
0.01836 15035.4
0.01837 15035.2
0.01838 15035.0
0.01839 15034.7
0.01840 15034.5
0.01841 15034.3
0.01842 15034.1
0.01843 15033.9
0.01844 15033.6
0.01845 15033.4
0.01846 15033.2
0.01847 15033.0
0.01848 15032.8
0.01849 15032.6
0.01850 15032.3
0.01851 15032.1
0.01852 15031.9
0.01853 15031.7
0.01854 15031.5
0.01855 15031.3
0.01856 15031.0
0.01857 15030.8
0.01858 15030.6
0.01859 15030.4
0.01860 15030.2
0.01861 15030.0
0.01862 15029.8
0.01863 15029.6
0.01864 15029.3
0.01865 15029.1
0.01866 15028.9
0.01867 15028.7
0.01868 15028.5
0.01869 15028.3
0.01870 15028.1
0.01871 15027.9
0.01872 15027.7
0.01873 15027.5
0.01874 15027.3
0.01875 15027.0
0.01876 15026.8
0.01877 15026.6
0.01878 15026.4
0.01879 15026.2
0.01880 15026.0
0.01881 15025.8
0.01882 15025.6
0.01883 15025.4
0.01884 15025.2
0.01885 15025.0
0.01886 15024.8
0.01887 15024.6
0.01888 15024.4
0.01889 15024.2
0.01890 15024.0
0.01891 15023.8
0.01892 15023.6
0.01893 15023.4
0.01894 15023.2
0.01895 15023.0
0.01896 15022.8
0.01897 15022.6
0.01898 15022.4
0.01899 15022.2
0.01900 15022.0
0.01901 15021.8
0.01902 15021.6
0.01903 15021.4
0.01904 15021.2
0.01905 15021.0
0.01906 15020.8
0.01907 15020.6
0.01908 15020.4
0.01909 15020.3
0.01910 15020.1
0.01911 15019.9
0.01912 15019.7
0.01913 15019.5
0.01914 15019.3
0.01915 15019.1
0.01916 15018.9
0.01917 15018.7
0.01918 15018.5
0.01919 15018.3
0.01920 15018.1
0.01921 15018.0
0.01922 15017.8
0.01923 15017.6
0.01924 15017.4
0.01925 15017.2
0.01926 15017.0
0.01927 15016.8
0.01928 15016.6
0.01929 15016.5
0.01930 15016.3
0.01931 15016.1
0.01932 15015.9
0.01933 15015.7
0.01934 15015.5
0.01935 15015.3
0.01936 15015.2
0.01937 15015.0
0.01938 15014.8
0.01939 15014.6
0.01940 15014.4
0.01941 15014.2
0.01942 15014.1
0.01943 15013.9
0.01944 15013.7
0.01945 15013.5
0.01946 15013.3
0.01947 15013.2
0.01948 15013.0
0.01949 15012.8
0.01950 15012.6
0.01951 15012.4
0.01952 15012.3
0.01953 15012.1
0.01954 15011.9
0.01955 15011.7
0.01956 15011.6
0.01957 15011.4
0.01958 15011.2
0.01959 15011.0
0.01960 15010.9
0.01961 15010.7
0.01962 15010.5
0.01963 15010.3
0.01964 15010.2
0.01965 15010.0
0.01966 15009.8
0.01967 15009.6
0.01968 15009.5
0.01969 15009.3
0.01970 15009.1
0.01971 15008.9
0.01972 15008.8
0.01973 15008.6
0.01974 15008.4
0.01975 15008.3
0.01976 15008.1
0.01977 15007.9
0.01978 15007.8
0.01979 15007.6
0.01980 15007.4
0.01981 15007.2
0.01982 15007.1
0.01983 15006.9
0.01984 15006.7
0.01985 15006.6
0.01986 15006.4
0.01987 15006.2
0.01988 15006.1
0.01989 15005.9
0.01990 15005.7
0.01991 15005.6
0.01992 15005.4
0.01993 15005.2
0.01994 15005.1
0.01995 15004.9
0.01996 15004.8
0.01997 15004.6
0.01998 15004.4
0.01999 15004.3
0.02000 14907.3
0.02001 14907.3
0.02002 14907.3
0.02003 14907.3
0.02004 14907.3
0.02005 14907.3
0.02006 14907.3
0.02007 14907.3
0.02008 14907.3
0.02009 14907.3
0.02010 14907.3
0.02011 14907.3
0.02012 14907.3
0.02013 14907.3
0.02014 14907.3
0.02015 14907.3
0.02016 14907.3
0.02017 14907.3
0.02018 14907.3
0.02019 14907.3
0.02020 14907.3
0.02021 14907.3
0.02022 14907.3
0.02023 14907.3
0.02024 14907.3
0.02025 14907.3
0.02026 14907.3
0.02027 14907.3
0.02028 14907.3
0.02029 14907.3
0.02030 14907.3
0.02031 14907.3
0.02032 14907.3
0.02033 14907.3
0.02034 14907.3
0.02035 14907.3
0.02036 14907.3
0.02037 14907.3
0.02038 14907.3
0.02039 14907.3
0.02040 14907.3
0.02041 14907.3
0.02042 14907.3
0.02043 14907.3
0.02044 14907.3
0.02045 14907.3
0.02046 14907.3
0.02047 14907.3
0.02048 14907.3
0.02049 14907.3
0.02050 14907.3
0.02051 14907.3
0.02052 14907.3
0.02053 14907.3
0.02054 14907.3
0.02055 14907.3
0.02056 14907.3
0.02057 14907.3
0.02058 14907.3
0.02059 14907.3
0.02060 14907.3
0.02061 14907.3
0.02062 14907.3
0.02063 14907.3
0.02064 14907.3
0.02065 14907.3
0.02066 14907.3
0.02067 14907.3
0.02068 14907.3
0.02069 14907.3
0.02070 14907.3
0.02071 14907.3
0.02072 14907.3
0.02073 14907.3
0.02074 14907.3
0.02075 14907.3
0.02076 14907.3
0.02077 14907.3
0.02078 14907.3
0.02079 14907.3
0.02080 14907.3
0.02081 14907.3
0.02082 14907.3
0.02083 14907.3
0.02084 14907.3
0.02085 14907.3
0.02086 14907.3
0.02087 14907.3
0.02088 14907.3
0.02089 14907.3
0.02090 14907.3
0.02091 14907.3
0.02092 14907.3
0.02093 14907.3
0.02094 14907.3
0.02095 14907.3
0.02096 14907.3
0.02097 14907.3
0.02098 14907.3
0.02099 14907.3
0.02100 14907.3
0.02101 14907.3
0.02102 14907.3
0.02103 14907.3
0.02104 14907.3
0.02105 14907.3
0.02106 14907.3
0.02107 14907.3
0.02108 14907.3
0.02109 14907.3
0.02110 14907.3
0.02111 14907.3
0.02112 14907.3
0.02113 14907.3
0.02114 14907.3
0.02115 14907.3
0.02116 14907.3
0.02117 14907.3
0.02118 14907.3
0.02119 14907.3
0.02120 14907.3
0.02121 14907.3
0.02122 14907.3
0.02123 14907.3
0.02124 14907.3
0.02125 14907.3
0.02126 14907.3
0.02127 14907.3
0.02128 14907.3
0.02129 14907.3
0.02130 14907.3
0.02131 14907.3
0.02132 14907.3
0.02133 14907.3
0.02134 14907.3
0.02135 14907.3
0.02136 14907.3
0.02137 14907.3
0.02138 14907.3
0.02139 14907.3
0.02140 14907.3
0.02141 14907.3
0.02142 14907.3
0.02143 14907.3
0.02144 14907.3
0.02145 14907.3
0.02146 14907.3
0.02147 14907.3
0.02148 14907.3
0.02149 14907.3
0.02150 14907.3
0.02151 14907.3
0.02152 14907.3
0.02153 14907.3
0.02154 14907.3
0.02155 14907.3
0.02156 14907.3
0.02157 14907.3
0.02158 14907.3
0.02159 14907.3
0.02160 14907.3
0.02161 14907.3
0.02162 14907.3
0.02163 14907.3
0.02164 14907.3
0.02165 14907.3
0.02166 14907.3
0.02167 14907.3
0.02168 14907.3
0.02169 14907.3
0.02170 14907.3
0.02171 14907.3
0.02172 14907.3
0.02173 14907.3
0.02174 14907.3
0.02175 14907.3
0.02176 14907.3
0.02177 14907.3
0.02178 14907.3
0.02179 14907.3
0.02180 14907.3
0.02181 14907.3
0.02182 14907.3
0.02183 14907.3
0.02184 14907.3
0.02185 14907.3
0.02186 14907.3
0.02187 14907.3
0.02188 14907.3
0.02189 14907.3
0.02190 14907.3
0.02191 14907.3
0.02192 14907.3
0.02193 14907.3
0.02194 14907.3
0.02195 14907.3
0.02196 14907.3
0.02197 14907.3
0.02198 14907.3
0.02199 14907.3
0.02200 14907.3
0.02201 14907.3
0.02202 14907.3
0.02203 14907.3
0.02204 14907.3
0.02205 14907.3
0.02206 14907.3
0.02207 14907.3
0.02208 14907.3
0.02209 14907.3
0.02210 14907.3
0.02211 14907.3
0.02212 14907.3
0.02213 14907.3
0.02214 14907.3
0.02215 14907.3
0.02216 14907.3
0.02217 14907.3
0.02218 14907.3
0.02219 14907.3
0.02220 14907.3
0.02221 14907.3
0.02222 14907.3
0.02223 14907.3
0.02224 14907.3
0.02225 14907.3
0.02226 14907.3
0.02227 14907.3
0.02228 14907.3
0.02229 14907.3
0.02230 14907.3
0.02231 14907.3
0.02232 14907.3
0.02233 14907.3
0.02234 14907.3
0.02235 14907.3
0.02236 14907.3
0.02237 14907.3
0.02238 14907.3
0.02239 14907.3
0.02240 14907.3
0.02241 14907.3
0.02242 14907.3
0.02243 14907.3
0.02244 14907.3
0.02245 14907.3
0.02246 14907.3
0.02247 14907.3
0.02248 14907.3
0.02249 14907.3
0.02250 14907.3
0.02251 14907.3
0.02252 14907.3
0.02253 14907.3
0.02254 14907.3
0.02255 14907.3
0.02256 14907.3
0.02257 14907.3
0.02258 14907.3
0.02259 14907.3
0.02260 14907.3
0.02261 14907.3
0.02262 14907.3
0.02263 14907.3
0.02264 14907.3
0.02265 14907.3
0.02266 14907.3
0.02267 14907.3
0.02268 14907.3
0.02269 14907.3
0.02270 14907.3
0.02271 14907.3
0.02272 14907.3
0.02273 14907.3
0.02274 14907.3
0.02275 14907.3
0.02276 14907.3
0.02277 14907.3
0.02278 14907.3
0.02279 14907.3
0.02280 14907.3
0.02281 14907.3
0.02282 14907.3
0.02283 14907.3
0.02284 14907.3
0.02285 14907.3
0.02286 14907.3
0.02287 14907.3
0.02288 14907.3
0.02289 14907.3
0.02290 14907.3
0.02291 14907.3
0.02292 14907.3
0.02293 14907.3
0.02294 14907.3
0.02295 14907.3
0.02296 14907.3
0.02297 14907.3
0.02298 14907.3
0.02299 14907.3
0.02300 14907.3
0.02301 14907.3
0.02302 14907.3
0.02303 14907.3
0.02304 14907.3
0.02305 14907.3
0.02306 14907.3
0.02307 14907.3
0.02308 14907.3
0.02309 14907.3
0.02310 14907.3
0.02311 14907.3
0.02312 14907.3
0.02313 14907.3
0.02314 14907.3
0.02315 14907.3
0.02316 14907.3
0.02317 14907.3
0.02318 14907.3
0.02319 14907.3
0.02320 14907.3
0.02321 14907.3
0.02322 14907.3
0.02323 14907.3
0.02324 14907.3
0.02325 14907.3
0.02326 14907.3
0.02327 14907.3
0.02328 14907.3
0.02329 14907.3
0.02330 14907.3
0.02331 14907.3
0.02332 14907.3
0.02333 14907.3
0.02334 14907.3
0.02335 14907.3
0.02336 14907.3
0.02337 14907.3
0.02338 14907.3
0.02339 14907.3
0.02340 14907.3
0.02341 14907.3
0.02342 14907.3
0.02343 14907.3
0.02344 14907.3
0.02345 14907.3
0.02346 14907.3
0.02347 14907.3
0.02348 14907.3
0.02349 14907.3
0.02350 14907.3
0.02351 14907.3
0.02352 14907.3
0.02353 14907.3
0.02354 14907.3
0.02355 14907.3
0.02356 14907.3
0.02357 14907.3
0.02358 14907.3
0.02359 14907.3
0.02360 14907.3
0.02361 14907.3
0.02362 14907.3
0.02363 14907.3
0.02364 14907.3
0.02365 14907.3
0.02366 14907.3
0.02367 14907.3
0.02368 14907.3
0.02369 14907.3
0.02370 14907.3
0.02371 14907.3
0.02372 14907.3
0.02373 14907.3
0.02374 14907.3
0.02375 14907.3
0.02376 14907.3
0.02377 14907.3
0.02378 14907.3
0.02379 14907.3
0.02380 14907.3
0.02381 14907.3
0.02382 14907.3
0.02383 14907.3
0.02384 14907.3
0.02385 14907.3
0.02386 14907.3
0.02387 14907.3
0.02388 14907.3
0.02389 14907.3
0.02390 14907.3
0.02391 14907.3
0.02392 14907.3
0.02393 14907.3
0.02394 14907.3
0.02395 14907.3
0.02396 14907.3
0.02397 14907.3
0.02398 14907.3
0.02399 14907.3
0.02400 14907.3
0.02401 14907.3
0.02402 14907.3
0.02403 14907.3
0.02404 14907.3
0.02405 14907.3
0.02406 14907.3
0.02407 14907.3
0.02408 14907.3
0.02409 14907.3
0.02410 14907.3
0.02411 14907.3
0.02412 14907.3
0.02413 14907.3
0.02414 14907.3
0.02415 14907.3
0.02416 14907.3
0.02417 14907.3
0.02418 14907.3
0.02419 14907.3
0.02420 14907.3
0.02421 14907.3
0.02422 14907.3
0.02423 14907.3
0.02424 14907.3
0.02425 14907.3
0.02426 14907.3
0.02427 14907.3
0.02428 14907.3
0.02429 14907.3
0.02430 14907.3
0.02431 14907.3
0.02432 14907.3
0.02433 14907.3
0.02434 14907.3
0.02435 14907.3
0.02436 14907.3
0.02437 14907.3
0.02438 14907.3
0.02439 14907.3
0.02440 14907.3
0.02441 14907.3
0.02442 14907.3
0.02443 14907.3
0.02444 14907.3
0.02445 14907.3
0.02446 14907.3
0.02447 14907.3
0.02448 14907.3
0.02449 14907.3
0.02450 14907.3
0.02451 14907.3
0.02452 14907.3
0.02453 14907.3
0.02454 14907.3
0.02455 14907.3
0.02456 14907.3
0.02457 14907.3
0.02458 14907.3
0.02459 14907.3
0.02460 14907.3
0.02461 14907.3
0.02462 14907.3
0.02463 14907.3
0.02464 14907.3
0.02465 14907.3
0.02466 14907.3
0.02467 14907.3
0.02468 14907.3
0.02469 14907.3
0.02470 14907.3
0.02471 14907.3
0.02472 14907.3
0.02473 14907.3
0.02474 14907.3
0.02475 14907.3
0.02476 14907.3
0.02477 14907.3
0.02478 14907.3
0.02479 14907.3
0.02480 14907.3
0.02481 14907.3
0.02482 14907.3
0.02483 14907.3
0.02484 14907.3
0.02485 14907.3
0.02486 14907.3
0.02487 14907.3
0.02488 14907.3
0.02489 14907.3
0.02490 14907.3
0.02491 14907.3
0.02492 14907.3
0.02493 14907.3
0.02494 14907.3
0.02495 14907.3
0.02496 14907.3
0.02497 14907.3
0.02498 14907.3
0.02499 14907.3
0.02500 14907.3
0.02501 14907.3
0.02502 14907.3
0.02503 14907.3
0.02504 14907.3
0.02505 14907.3
0.02506 14907.3
0.02507 14907.3
0.02508 14907.3
0.02509 14907.3
0.02510 14907.3
0.02511 14907.3
0.02512 14907.3
0.02513 14907.3
0.02514 14907.3
0.02515 14907.3
0.02516 14907.3
0.02517 14907.3
0.02518 14907.3
0.02519 14907.3
0.02520 14907.3
0.02521 14907.3
0.02522 14907.3
0.02523 14907.3
0.02524 14907.3
0.02525 14907.3
0.02526 14907.3
0.02527 14907.3
0.02528 14907.3
0.02529 14907.3
0.02530 14907.3
0.02531 14907.3
0.02532 14907.3
0.02533 14907.3
0.02534 14907.3
0.02535 14907.3
0.02536 14907.3
0.02537 14907.3
0.02538 14907.3
0.02539 14907.3
0.02540 14907.3
0.02541 14907.3
0.02542 14907.3
0.02543 14907.3
0.02544 14907.3
0.02545 14907.3
0.02546 14907.3
0.02547 14907.3
0.02548 14907.3
0.02549 14907.3
0.02550 14907.3
0.02551 14907.3
0.02552 14907.3
0.02553 14907.3
0.02554 14907.3
0.02555 14907.3
0.02556 14907.3
0.02557 14907.3
0.02558 14907.3
0.02559 14907.3
0.02560 14907.3
0.02561 14907.3
0.02562 14907.3
0.02563 14907.3
0.02564 14907.3
0.02565 14907.3
0.02566 14907.3
0.02567 14907.3
0.02568 14907.3
0.02569 14907.3
0.02570 14907.3
0.02571 14907.3
0.02572 14907.3
0.02573 14907.3
0.02574 14907.3
0.02575 14907.3
0.02576 14907.3
0.02577 14907.3
0.02578 14907.3
0.02579 14907.3
0.02580 14907.3
0.02581 14907.3
0.02582 14907.3
0.02583 14907.3
0.02584 14907.3
0.02585 14907.3
0.02586 14907.3
0.02587 14907.3
0.02588 14907.3
0.02589 14907.3
0.02590 14907.3
0.02591 14907.3
0.02592 14907.3
0.02593 14907.3
0.02594 14907.3
0.02595 14907.3
0.02596 14907.3
0.02597 14907.3
0.02598 14907.3
0.02599 14907.3
0.02600 14907.3
0.02601 14907.3
0.02602 14907.3
0.02603 14907.3
0.02604 14907.3
0.02605 14907.3
0.02606 14907.3
0.02607 14907.3
0.02608 14907.3
0.02609 14907.3
0.02610 14907.3
0.02611 14907.3
0.02612 14907.3
0.02613 14907.3
0.02614 14907.3
0.02615 14907.3
0.02616 14907.3
0.02617 14907.3
0.02618 14907.3
0.02619 14907.3
0.02620 14907.3
0.02621 14907.3
0.02622 14907.3
0.02623 14907.3
0.02624 14907.3
0.02625 14907.3
0.02626 14907.3
0.02627 14907.3
0.02628 14907.3
0.02629 14907.3
0.02630 14907.3
0.02631 14907.3
0.02632 14907.3
0.02633 14907.3
0.02634 14907.3
0.02635 14907.3
0.02636 14907.3
0.02637 14907.3
0.02638 14907.3
0.02639 14907.3
0.02640 14907.3
0.02641 14907.3
0.02642 14907.3
0.02643 14907.3
0.02644 14907.3
0.02645 14907.3
0.02646 14907.3
0.02647 14907.3
0.02648 14907.3
0.02649 14907.3
0.02650 14907.3
0.02651 14907.3
0.02652 14907.3
0.02653 14907.3
0.02654 14907.3
0.02655 14907.3
0.02656 14907.3
0.02657 14907.3
0.02658 14907.3
0.02659 14907.3
0.02660 14907.3
0.02661 14907.3
0.02662 14907.3
0.02663 14907.3
0.02664 14907.3
0.02665 14907.3
0.02666 14907.3
0.02667 14907.3
0.02668 14907.3
0.02669 14907.3
0.02670 14907.3
0.02671 14907.3
0.02672 14907.3
0.02673 14907.3
0.02674 14907.3
0.02675 14907.3
0.02676 14907.3
0.02677 14907.3
0.02678 14907.3
0.02679 14907.3
0.02680 14907.3
0.02681 14907.3
0.02682 14907.3
0.02683 14907.3
0.02684 14907.3
0.02685 14907.3
0.02686 14907.3
0.02687 14907.3
0.02688 14907.3
0.02689 14907.3
0.02690 14907.3
0.02691 14907.3
0.02692 14907.3
0.02693 14907.3
0.02694 14907.3
0.02695 14907.3
0.02696 14907.3
0.02697 14907.3
0.02698 14907.3
0.02699 14907.3
0.02700 14907.3
0.02701 14907.3
0.02702 14907.3
0.02703 14907.3
0.02704 14907.3
0.02705 14907.3
0.02706 14907.3
0.02707 14907.3
0.02708 14907.3
0.02709 14907.3
0.02710 14907.3
0.02711 14907.3
0.02712 14907.3
0.02713 14907.3
0.02714 14907.3
0.02715 14907.3
0.02716 14907.3
0.02717 14907.3
0.02718 14907.3
0.02719 14907.3
0.02720 14907.3
0.02721 14907.3
0.02722 14907.3
0.02723 14907.3
0.02724 14907.3
0.02725 14907.3
0.02726 14907.3
0.02727 14907.3
0.02728 14907.3
0.02729 14907.3
0.02730 14907.3
0.02731 14907.3
0.02732 14907.3
0.02733 14907.3
0.02734 14907.3
0.02735 14907.3
0.02736 14907.3
0.02737 14907.3
0.02738 14907.3
0.02739 14907.3
0.02740 14907.3
0.02741 14907.3
0.02742 14907.3
0.02743 14907.3
0.02744 14907.3
0.02745 14907.3
0.02746 14907.3
0.02747 14907.3
0.02748 14907.3
0.02749 14907.3
0.02750 14907.3
0.02751 14907.3
0.02752 14907.3
0.02753 14907.3
0.02754 14907.3
0.02755 14907.3
0.02756 14907.3
0.02757 14907.3
0.02758 14907.3
0.02759 14907.3
0.02760 14907.3
0.02761 14907.3
0.02762 14907.3
0.02763 14907.3
0.02764 14907.3
0.02765 14907.3
0.02766 14907.3
0.02767 14907.3
0.02768 14907.3
0.02769 14907.3
0.02770 14907.3
0.02771 14907.3
0.02772 14907.3
0.02773 14907.3
0.02774 14907.3
0.02775 14907.3
0.02776 14907.3
0.02777 14907.3
0.02778 14907.3
0.02779 14907.3
0.02780 14907.3
0.02781 14907.3
0.02782 14907.3
0.02783 14907.3
0.02784 14907.3
0.02785 14907.3
0.02786 14907.3
0.02787 14907.3
0.02788 14907.3
0.02789 14907.3
0.02790 14907.3
0.02791 14907.3
0.02792 14907.3
0.02793 14907.3
0.02794 14907.3
0.02795 14907.3
0.02796 14907.3
0.02797 14907.3
0.02798 14907.3
0.02799 14907.3
0.02800 14907.3
0.02801 14907.3
0.02802 14907.3
0.02803 14907.3
0.02804 14907.3
0.02805 14907.3
0.02806 14907.3
0.02807 14907.3
0.02808 14907.3
0.02809 14907.3
0.02810 14907.3
0.02811 14907.3
0.02812 14907.3
0.02813 14907.3
0.02814 14907.3
0.02815 14907.3
0.02816 14907.3
0.02817 14907.3
0.02818 14907.3
0.02819 14907.3
0.02820 14907.3
0.02821 14907.3
0.02822 14907.3
0.02823 14907.3
0.02824 14907.3
0.02825 14907.3
0.02826 14907.3
0.02827 14907.3
0.02828 14907.3
0.02829 14907.3
0.02830 14907.3
0.02831 14907.3
0.02832 14907.3
0.02833 14907.3
0.02834 14907.3
0.02835 14907.3
0.02836 14907.3
0.02837 14907.3
0.02838 14907.3
0.02839 14907.3
0.02840 14907.3
0.02841 14907.3
0.02842 14907.3
0.02843 14907.3
0.02844 14907.3
0.02845 14907.3
0.02846 14907.3
0.02847 14907.3
0.02848 14907.3
0.02849 14907.3
0.02850 14907.3
0.02851 14907.3
0.02852 14907.3
0.02853 14907.3
0.02854 14907.3
0.02855 14907.3
0.02856 14907.3
0.02857 14907.3
0.02858 14907.3
0.02859 14907.3
0.02860 14907.3
0.02861 14907.3
0.02862 14907.3
0.02863 14907.3
0.02864 14907.3
0.02865 14907.3
0.02866 14907.3
0.02867 14907.3
0.02868 14907.3
0.02869 14907.3
0.02870 14907.3
0.02871 14907.3
0.02872 14907.3
0.02873 14907.3
0.02874 14907.3
0.02875 14907.3
0.02876 14907.3
0.02877 14907.3
0.02878 14907.3
0.02879 14907.3
0.02880 14907.3
0.02881 14907.3
0.02882 14907.3
0.02883 14907.3
0.02884 14907.3
0.02885 14907.3
0.02886 14907.3
0.02887 14907.3
0.02888 14907.3
0.02889 14907.3
0.02890 14907.3
0.02891 14907.3
0.02892 14907.3
0.02893 14907.3
0.02894 14907.3
0.02895 14907.3
0.02896 14907.3
0.02897 14907.3
0.02898 14907.3
0.02899 14907.3
0.02900 14907.3
0.02901 14907.3
0.02902 14907.3
0.02903 14907.3
0.02904 14907.3
0.02905 14907.3
0.02906 14907.3
0.02907 14907.3
0.02908 14907.3
0.02909 14907.3
0.02910 14907.3
0.02911 14907.3
0.02912 14907.3
0.02913 14907.3
0.02914 14907.3
0.02915 14907.3
0.02916 14907.3
0.02917 14907.3
0.02918 14907.3
0.02919 14907.3
0.02920 14907.3
0.02921 14907.3
0.02922 14907.3
0.02923 14907.3
0.02924 14907.3
0.02925 14907.3
0.02926 14907.3
0.02927 14907.3
0.02928 14907.3
0.02929 14907.3
0.02930 14907.3
0.02931 14907.3
0.02932 14907.3
0.02933 14907.3
0.02934 14907.3
0.02935 14907.3
0.02936 14907.3
0.02937 14907.3
0.02938 14907.3
0.02939 14907.3
0.02940 14907.3
0.02941 14907.3
0.02942 14907.3
0.02943 14907.3
0.02944 14907.3
0.02945 14907.3
0.02946 14907.3
0.02947 14907.3
0.02948 14907.3
0.02949 14907.3
0.02950 14907.3
0.02951 14907.3
0.02952 14907.3
0.02953 14907.3
0.02954 14907.3
0.02955 14907.3
0.02956 14907.3
0.02957 14907.3
0.02958 14907.3
0.02959 14907.3
0.02960 14907.3
0.02961 14907.3
0.02962 14907.3
0.02963 14907.3
0.02964 14907.3
0.02965 14907.3
0.02966 14907.3
0.02967 14907.3
0.02968 14907.3
0.02969 14907.3
0.02970 14907.3
0.02971 14907.3
0.02972 14907.3
0.02973 14907.3
0.02974 14907.3
0.02975 14907.3
0.02976 14907.3
0.02977 14907.3
0.02978 14907.3
0.02979 14907.3
0.02980 14907.3
0.02981 14907.3
0.02982 14907.3
0.02983 14907.3
0.02984 14907.3
0.02985 14907.3
0.02986 14907.3
0.02987 14907.3
0.02988 14907.3
0.02989 14907.3
0.02990 14907.3
0.02991 14907.3
0.02992 14907.3
0.02993 14907.3
0.02994 14907.3
0.02995 14907.3
0.02996 14907.3
0.02997 14907.3
0.02998 14907.3
0.02999 14907.3
0.03000 14907.3
0.03001 14907.3
0.03002 14907.3
0.03003 14907.3
0.03004 14907.3
0.03005 14907.3
0.03006 14907.3
0.03007 14907.3
0.03008 14907.3
0.03009 14907.3
0.03010 14907.3
0.03011 14907.3
0.03012 14907.3
0.03013 14907.3
0.03014 14907.3
0.03015 14907.3
0.03016 14907.3
0.03017 14907.3
0.03018 14907.3
0.03019 14907.3
0.03020 14907.3
0.03021 14907.3
0.03022 14907.3
0.03023 14907.3
0.03024 14907.3
0.03025 14907.3
0.03026 14907.3
0.03027 14907.3
0.03028 14907.3
0.03029 14907.3
0.03030 14907.3
0.03031 14907.3
0.03032 14907.3
0.03033 14907.3
0.03034 14907.3
0.03035 14907.3
0.03036 14907.3
0.03037 14907.3
0.03038 14907.3
0.03039 14907.3
0.03040 14907.3
0.03041 14907.3
0.03042 14907.3
0.03043 14907.3
0.03044 14907.3
0.03045 14907.3
0.03046 14907.3
0.03047 14907.3
0.03048 14907.3
0.03049 14907.3
0.03050 14907.3
0.03051 14907.3
0.03052 14907.3
0.03053 14907.3
0.03054 14907.3
0.03055 14907.3
0.03056 14907.3
0.03057 14907.3
0.03058 14907.3
0.03059 14907.3
0.03060 14907.3
0.03061 14907.3
0.03062 14907.3
0.03063 14907.3
0.03064 14907.3
0.03065 14907.3
0.03066 14907.3
0.03067 14907.3
0.03068 14907.3
0.03069 14907.3
0.03070 14907.3
0.03071 14907.3
0.03072 14907.3
0.03073 14907.3
0.03074 14907.3
0.03075 14907.3
0.03076 14907.3
0.03077 14907.3
0.03078 14907.3
0.03079 14907.3
0.03080 14907.3
0.03081 14907.3
0.03082 14907.3
0.03083 14907.3
0.03084 14907.3
0.03085 14907.3
0.03086 14907.3
0.03087 14907.3
0.03088 14907.3
0.03089 14907.3
0.03090 14907.3
0.03091 14907.3
0.03092 14907.3
0.03093 14907.3
0.03094 14907.3
0.03095 14907.3
0.03096 14907.3
0.03097 14907.3
0.03098 14907.3
0.03099 14907.3
0.03100 14907.3
0.03101 14607.4
0.03102 14314.5
0.03103 14028.3
0.03104 13748.7
0.03105 13475.5
0.03106 13208.4
0.03107 12947.5
0.03108 12692.4
0.03109 12443.0
0.03110 12199.3
0.03111 11960.9
0.03112 11727.9
0.03113 11499.9
0.03114 11277.0
0.03115 11058.9
0.03116 10845.5
0.03117 10636.7
0.03118 10432.2
0.03119 10232.1
0.03120 10036.0
0.03121 9844.0
0.03122 9655.8
0.03123 9471.2
0.03124 9290.1
0.03125 9112.4
0.03126 8937.9
0.03127 8766.3
0.03128 8597.5
0.03129 8431.3
0.03130 8267.5
0.03131 8105.8
0.03132 7946.0
0.03133 7787.8
0.03134 7631.0
0.03135 7475.2
0.03136 7320.1
0.03137 7165.3
0.03138 7010.5
0.03139 6855.3
0.03140 6699.1
0.03141 6541.6
0.03142 6382.1
0.03143 6220.1
0.03144 6055.1
0.03145 5886.4
0.03146 5713.4
0.03147 5535.3
0.03148 5351.6
0.03149 5161.4
0.03150 4964.1
0.03151 4856.2
0.03152 4732.4
0.03153 4592.7
0.03154 4437.2
0.03155 4266.6
0.03156 4081.6
0.03157 3883.5
0.03158 3674.0
0.03159 3455.6
0.03160 3231.1
0.03161 3004.3
0.03162 2779.6
0.03163 2561.6
0.03164 2355.6
0.03165 2166.3
0.03166 1997.7
0.03167 1852.2
0.03168 1730.3
0.03169 1630.8
0.03170 1551.1
0.03171 1488.1
0.03172 1438.7
0.03173 1400.1
0.03174 1370.2
0.03175 1347.1
0.03176 1329.7
0.03177 1316.7
0.03178 1307.6
0.03179 1301.7
0.03180 1298.6
0.03181 1298.0
0.03182 1299.7
0.03183 1303.4
0.03184 1309.0
0.03185 1316.5
0.03186 1325.7
0.03187 1336.7
0.03188 1349.4
0.03189 1363.8
0.03190 1380.0
0.03191 1397.9
0.03192 1417.6
0.03193 1439.1
0.03194 1462.5
0.03195 1487.9
0.03196 1515.2
0.03197 1544.7
0.03198 1576.2
0.03199 1610.0
0.03200 1646.2
0.03201 1684.6
0.03202 1725.6
0.03203 1769.1
0.03204 1815.2
0.03205 1864.0
0.03206 1915.7
0.03207 1970.1
0.03208 2027.6
0.03209 2088.0
0.03210 2151.5
0.03211 2218.2
0.03212 2288.0
0.03213 2361.1
0.03214 2437.4
0.03215 2517.1
0.03216 2600.0
0.03217 2686.3
0.03218 2776.0
0.03219 2868.9
0.03220 2965.0
0.03221 3064.5
0.03222 3167.1
0.03223 3272.8
0.03224 3381.5
0.03225 3493.2
0.03226 3607.8
0.03227 3725.1
0.03228 3845.0
0.03229 3967.5
0.03230 4092.3
0.03231 4219.4
0.03232 4348.6
0.03233 4479.8
0.03234 4612.8
0.03235 4747.4
0.03236 4883.7
0.03237 5021.3
0.03238 5160.2
0.03239 5300.3
0.03240 5441.3
0.03241 5583.3
0.03242 5726.0
0.03243 5869.4
0.03244 6013.3
0.03245 6157.7
0.03246 6302.5
0.03247 6447.5
0.03248 6592.7
0.03249 6738.1
0.03250 6883.4
0.03251 7028.8
0.03252 7174.0
0.03253 7319.1
0.03254 7463.9
0.03255 7608.5
0.03256 7752.7
0.03257 7896.6
0.03258 8040.0
0.03259 8183.0
0.03260 8325.4
0.03261 8467.2
0.03262 8608.4
0.03263 8748.9
0.03264 8888.6
0.03265 9027.6
0.03266 9165.6
0.03267 9302.8
0.03268 9438.9
0.03269 9574.0
0.03270 9708.0
0.03271 9840.8
0.03272 9972.4
0.03273 10102.7
0.03274 10231.6
0.03275 10359.1
0.03276 10485.1
0.03277 10609.6
0.03278 10732.4
0.03279 10853.6
0.03280 10973.1
0.03281 11090.8
0.03282 11206.7
0.03283 11320.7
0.03284 11432.9
0.03285 11543.1
0.03286 11651.3
0.03287 11757.6
0.03288 11861.9
0.03289 11964.1
0.03290 12064.3
0.03291 12162.5
0.03292 12258.6
0.03293 12352.6
0.03294 12444.6
0.03295 12534.5
0.03296 12622.5
0.03297 12708.4
0.03298 12792.2
0.03299 12874.2
0.03300 12954.1
0.03301 13032.1
0.03302 13108.2
0.03303 13182.4
0.03304 13254.8
0.03305 13325.3
0.03306 13394.0
0.03307 13461.0
0.03308 13526.3
0.03309 13589.8
0.03310 13651.8
0.03311 13712.0
0.03312 13770.7
0.03313 13827.9
0.03314 13883.5
0.03315 13937.7
0.03316 13990.4
0.03317 14041.7
0.03318 14091.6
0.03319 14140.2
0.03320 14187.5
0.03321 14233.5
0.03322 14278.2
0.03323 14321.8
0.03324 14364.2
0.03325 14405.4
0.03326 14445.5
0.03327 14484.5
0.03328 14522.5
0.03329 14559.5
0.03330 14595.4
0.03331 14630.4
0.03332 14664.4
0.03333 14697.5
0.03334 14729.7
0.03335 14761.0
0.03336 14791.5
0.03337 14821.2
0.03338 14850.0
0.03339 14878.1
0.03340 14905.5
0.03341 14932.1
0.03342 14957.9
0.03343 14983.1
0.03344 15007.6
0.03345 15031.5
0.03346 15054.7
0.03347 15077.3
0.03348 15099.3
0.03349 15120.7
0.03350 15141.6
0.03351 15161.8
0.03352 15181.6
0.03353 15200.8
0.03354 15219.5
0.03355 15237.7
0.03356 15255.5
0.03357 15272.8
0.03358 15289.6
0.03359 15306.0
0.03360 15321.9
0.03361 15337.4
0.03362 15352.6
0.03363 15367.3
0.03364 15381.6
0.03365 15395.6
0.03366 15409.2
0.03367 15422.5
0.03368 15435.4
0.03369 15448.0
0.03370 15460.2
0.03371 15472.2
0.03372 15483.8
0.03373 15495.1
0.03374 15506.2
0.03375 15516.9
0.03376 15527.4
0.03377 15537.6
0.03378 15547.6
0.03379 15557.3
0.03380 15566.8
0.03381 15576.0
0.03382 15584.9
0.03383 15593.7
0.03384 15602.2
0.03385 15610.5
0.03386 15618.6
0.03387 15626.5
0.03388 15634.2
0.03389 15641.7
0.03390 15649.0
0.03391 15656.2
0.03392 15663.1
0.03393 15669.9
0.03394 15676.5
0.03395 15682.9
0.03396 15689.2
0.03397 15695.3
0.03398 15701.3
0.03399 15707.1
0.03400 15712.7
0.03401 15718.3
0.03402 15723.6
0.03403 15728.9
0.03404 15734.0
0.03405 15739.0
0.03406 15743.8
0.03407 15748.6
0.03408 15753.2
0.03409 15757.7
0.03410 15762.1
0.03411 15766.4
0.03412 15770.5
0.03413 15774.6
0.03414 15778.6
0.03415 15782.4
0.03416 15786.2
0.03417 15789.8
0.03418 15793.4
0.03419 15796.9
0.03420 15800.3
0.03421 15803.6
0.03422 15806.8
0.03423 15809.9
0.03424 15813.0
0.03425 15816.0
0.03426 15818.9
0.03427 15821.7
0.03428 15824.4
0.03429 15827.1
0.03430 15829.7
0.03431 15832.3
0.03432 15834.7
0.03433 15837.1
0.03434 15839.5
0.03435 15841.7
0.03436 15844.0
0.03437 15846.1
0.03438 15848.2
0.03439 15850.2
0.03440 15852.2
0.03441 15854.2
0.03442 15856.0
0.03443 15857.9
0.03444 15859.6
0.03445 15861.3
0.03446 15863.0
0.03447 15864.6
0.03448 15866.2
0.03449 15867.7
0.03450 15869.2
0.03451 15870.7
0.03452 15872.1
0.03453 15873.4
0.03454 15874.7
0.03455 15876.0
0.03456 15877.2
0.03457 15878.4
0.03458 15879.6
0.03459 15880.7
0.03460 15881.8
0.03461 15882.8
0.03462 15883.8
0.03463 15884.8
0.03464 15885.7
0.03465 15886.6
0.03466 15887.5
0.03467 15888.4
0.03468 15889.2
0.03469 15890.0
0.03470 15890.7
0.03471 15891.4
0.03472 15892.1
0.03473 15892.8
0.03474 15893.4
0.03475 15894.1
0.03476 15894.6
0.03477 15895.2
0.03478 15895.7
0.03479 15896.2
0.03480 15896.7
0.03481 15897.2
0.03482 15897.6
0.03483 15898.0
0.03484 15898.4
0.03485 15898.8
0.03486 15899.2
0.03487 15899.5
0.03488 15899.8
0.03489 15900.1
0.03490 15900.3
0.03491 15900.6
0.03492 15900.8
0.03493 15901.0
0.03494 15901.2
0.03495 15901.4
0.03496 15901.5
0.03497 15901.6
0.03498 15901.7
0.03499 15901.8
0.03500 15901.9
0.03501 15902.0
0.03502 15902.0
0.03503 15902.1
0.03504 15902.1
0.03505 15902.1
0.03506 15902.1
0.03507 15902.0
0.03508 15902.0
0.03509 15901.9
0.03510 15901.8
0.03511 15901.7
0.03512 15901.6
0.03513 15901.5
0.03514 15901.4
0.03515 15901.3
0.03516 15901.1
0.03517 15900.9
0.03518 15900.7
0.03519 15900.6
0.03520 15900.3
0.03521 15900.1
0.03522 15899.9
0.03523 15899.7
0.03524 15899.4
0.03525 15899.1
0.03526 15898.9
0.03527 15898.6
0.03528 15898.3
0.03529 15898.0
0.03530 15897.7
0.03531 15897.3
0.03532 15897.0
0.03533 15896.7
0.03534 15896.3
0.03535 15895.9
0.03536 15895.6
0.03537 15895.2
0.03538 15894.8
0.03539 15894.4
0.03540 15894.0
0.03541 15893.5
0.03542 15893.1
0.03543 15892.7
0.03544 15892.2
0.03545 15891.8
0.03546 15891.3
0.03547 15890.9
0.03548 15890.4
0.03549 15889.9
0.03550 15889.4
0.03551 15888.9
0.03552 15888.4
0.03553 15887.9
0.03554 15887.4
0.03555 15886.8
0.03556 15886.3
0.03557 15885.7
0.03558 15885.2
0.03559 15884.6
0.03560 15884.1
0.03561 15883.5
0.03562 15882.9
0.03563 15882.4
0.03564 15881.8
0.03565 15881.2
0.03566 15880.6
0.03567 15880.0
0.03568 15879.3
0.03569 15878.7
0.03570 15878.1
0.03571 15877.5
0.03572 15876.8
0.03573 15876.2
0.03574 15875.6
0.03575 15874.9
0.03576 15874.2
0.03577 15873.6
0.03578 15872.9
0.03579 15872.2
0.03580 15871.6
0.03581 15870.9
0.03582 15870.2
0.03583 15869.5
0.03584 15868.8
0.03585 15868.1
0.03586 15867.4
0.03587 15866.7
0.03588 15866.0
0.03589 15865.3
0.03590 15864.5
0.03591 15863.8
0.03592 15863.1
0.03593 15862.3
0.03594 15861.6
0.03595 15860.9
0.03596 15860.1
0.03597 15859.3
0.03598 15858.6
0.03599 15857.8
0.03600 15857.1
0.03601 15856.3
0.03602 15855.5
0.03603 15854.7
0.03604 15854.0
0.03605 15853.2
0.03606 15852.4
0.03607 15851.6
0.03608 15850.8
0.03609 15850.0
0.03610 15849.2
0.03611 15848.4
0.03612 15847.6
0.03613 15846.8
0.03614 15846.0
0.03615 15845.2
0.03616 15844.3
0.03617 15843.5
0.03618 15842.7
0.03619 15841.9
0.03620 15841.0
0.03621 15840.2
0.03622 15839.3
0.03623 15838.5
0.03624 15837.7
0.03625 15836.8
0.03626 15836.0
0.03627 15835.1
0.03628 15834.3
0.03629 15833.4
0.03630 15832.5
0.03631 15831.7
0.03632 15830.8
0.03633 15829.9
0.03634 15829.1
0.03635 15828.2
0.03636 15827.3
0.03637 15826.4
0.03638 15825.5
0.03639 15824.7
0.03640 15823.8
0.03641 15822.9
0.03642 15822.0
0.03643 15821.1
0.03644 15820.2
0.03645 15819.3
0.03646 15818.4
0.03647 15817.5
0.03648 15816.6
0.03649 15815.7
0.03650 15814.8
0.03651 15813.9
0.03652 15813.0
0.03653 15812.1
0.03654 15811.1
0.03655 15810.2
0.03656 15809.3
0.03657 15808.4
0.03658 15807.4
0.03659 15806.5
0.03660 15805.6
0.03661 15804.7
0.03662 15803.7
0.03663 15802.8
0.03664 15801.9
0.03665 15800.9
0.03666 15800.0
0.03667 15799.0
0.03668 15798.1
0.03669 15797.2
0.03670 15796.2
0.03671 15795.3
0.03672 15794.3
0.03673 15793.4
0.03674 15792.4
0.03675 15791.5
0.03676 15790.5
0.03677 15789.6
0.03678 15788.6
0.03679 15787.6
0.03680 15786.7
0.03681 15785.7
0.03682 15784.8
0.03683 15783.8
0.03684 15782.8
0.03685 15781.9
0.03686 15780.9
0.03687 15779.9
0.03688 15778.9
0.03689 15778.0
0.03690 15777.0
0.03691 15776.0
0.03692 15775.0
0.03693 15774.1
0.03694 15773.1
0.03695 15772.1
0.03696 15771.1
0.03697 15770.1
0.03698 15769.2
0.03699 15768.2
0.03700 15767.2
0.03701 15766.2
0.03702 15765.2
0.03703 15764.2
0.03704 15763.2
0.03705 15762.3
0.03706 15761.3
0.03707 15760.3
0.03708 15759.3
0.03709 15758.3
0.03710 15757.3
0.03711 15756.3
0.03712 15755.3
0.03713 15754.3
0.03714 15753.3
0.03715 15752.3
0.03716 15751.3
0.03717 15750.3
0.03718 15749.3
0.03719 15748.3
0.03720 15747.3
0.03721 15746.3
0.03722 15745.3
0.03723 15744.3
0.03724 15743.3
0.03725 15742.3
0.03726 15741.2
0.03727 15740.2
0.03728 15739.2
0.03729 15738.2
0.03730 15737.2
0.03731 15736.2
0.03732 15735.2
0.03733 15734.2
0.03734 15733.2
0.03735 15732.1
0.03736 15731.1
0.03737 15730.1
0.03738 15729.1
0.03739 15728.1
0.03740 15727.1
0.03741 15726.0
0.03742 15725.0
0.03743 15724.0
0.03744 15723.0
0.03745 15722.0
0.03746 15720.9
0.03747 15719.9
0.03748 15718.9
0.03749 15717.9
0.03750 15716.9
0.03751 15715.8
0.03752 15714.8
0.03753 15713.8
0.03754 15712.8
0.03755 15711.7
0.03756 15710.7
0.03757 15709.7
0.03758 15708.7
0.03759 15707.6
0.03760 15706.6
0.03761 15705.6
0.03762 15704.6
0.03763 15703.5
0.03764 15702.5
0.03765 15701.5
0.03766 15700.5
0.03767 15699.4
0.03768 15698.4
0.03769 15697.4
0.03770 15696.3
0.03771 15695.3
0.03772 15694.3
0.03773 15693.3
0.03774 15692.2
0.03775 15691.2
0.03776 15690.2
0.03777 15689.1
0.03778 15688.1
0.03779 15687.1
0.03780 15686.1
0.03781 15685.0
0.03782 15684.0
0.03783 15683.0
0.03784 15681.9
0.03785 15680.9
0.03786 15679.9
0.03787 15678.8
0.03788 15677.8
0.03789 15676.8
0.03790 15675.8
0.03791 15674.7
0.03792 15673.7
0.03793 15672.7
0.03794 15671.6
0.03795 15670.6
0.03796 15669.6
0.03797 15668.5
0.03798 15667.5
0.03799 15666.5
0.03800 15665.4
0.03801 15664.4
0.03802 15663.4
0.03803 15662.3
0.03804 15661.3
0.03805 15660.3
0.03806 15659.3
0.03807 15658.2
0.03808 15657.2
0.03809 15656.2
0.03810 15655.1
0.03811 15654.1
0.03812 15653.1
0.03813 15652.0
0.03814 15651.0
0.03815 15650.0
0.03816 15649.0
0.03817 15647.9
0.03818 15646.9
0.03819 15645.9
0.03820 15644.8
0.03821 15643.8
0.03822 15642.8
0.03823 15641.8
0.03824 15640.7
0.03825 15639.7
0.03826 15638.7
0.03827 15637.7
0.03828 15636.6
0.03829 15635.6
0.03830 15634.6
0.03831 15633.5
0.03832 15632.5
0.03833 15631.5
0.03834 15630.5
0.03835 15629.4
0.03836 15628.4
0.03837 15627.4
0.03838 15626.4
0.03839 15625.3
0.03840 15624.3
0.03841 15623.3
0.03842 15622.3
0.03843 15621.3
0.03844 15620.2
0.03845 15619.2
0.03846 15618.2
0.03847 15617.2
0.03848 15616.2
0.03849 15615.1
0.03850 15614.1
0.03851 15613.1
0.03852 15612.1
0.03853 15611.1
0.03854 15610.0
0.03855 15609.0
0.03856 15608.0
0.03857 15607.0
0.03858 15606.0
0.03859 15605.0
0.03860 15603.9
0.03861 15602.9
0.03862 15601.9
0.03863 15600.9
0.03864 15599.9
0.03865 15598.9
0.03866 15597.8
0.03867 15596.8
0.03868 15595.8
0.03869 15594.8
0.03870 15593.8
0.03871 15592.8
0.03872 15591.8
0.03873 15590.8
0.03874 15589.8
0.03875 15588.8
0.03876 15587.7
0.03877 15586.7
0.03878 15585.7
0.03879 15584.7
0.03880 15583.7
0.03881 15582.7
0.03882 15581.7
0.03883 15580.7
0.03884 15579.7
0.03885 15578.7
0.03886 15577.7
0.03887 15576.7
0.03888 15575.7
0.03889 15574.7
0.03890 15573.7
0.03891 15572.7
0.03892 15571.7
0.03893 15570.7
0.03894 15569.7
0.03895 15568.7
0.03896 15567.7
0.03897 15566.7
0.03898 15565.7
0.03899 15564.7
0.03900 15563.7
0.03901 15562.7
0.03902 15561.7
0.03903 15560.7
0.03904 15559.8
0.03905 15558.8
0.03906 15557.8
0.03907 15556.8
0.03908 15555.8
0.03909 15554.8
0.03910 15553.8
0.03911 15552.8
0.03912 15551.9
0.03913 15550.9
0.03914 15549.9
0.03915 15548.9
0.03916 15547.9
0.03917 15546.9
0.03918 15546.0
0.03919 15545.0
0.03920 15544.0
0.03921 15543.0
0.03922 15542.0
0.03923 15541.1
0.03924 15540.1
0.03925 15539.1
0.03926 15538.1
0.03927 15537.1
0.03928 15536.2
0.03929 15535.2
0.03930 15534.2
0.03931 15533.3
0.03932 15532.3
0.03933 15531.3
0.03934 15530.3
0.03935 15529.4
0.03936 15528.4
0.03937 15527.4
0.03938 15526.5
0.03939 15525.5
0.03940 15524.5
0.03941 15523.6
0.03942 15522.6
0.03943 15521.6
0.03944 15520.7
0.03945 15519.7
0.03946 15518.8
0.03947 15517.8
0.03948 15516.8
0.03949 15515.9
0.03950 15514.9
0.03951 15514.0
0.03952 15513.0
0.03953 15512.1
0.03954 15511.1
0.03955 15510.2
0.03956 15509.2
0.03957 15508.3
0.03958 15507.3
0.03959 15506.4
0.03960 15505.4
0.03961 15504.5
0.03962 15503.5
0.03963 15502.6
0.03964 15501.6
0.03965 15500.7
0.03966 15499.7
0.03967 15498.8
0.03968 15497.8
0.03969 15496.9
0.03970 15496.0
0.03971 15495.0
0.03972 15494.1
0.03973 15493.1
0.03974 15492.2
0.03975 15491.3
0.03976 15490.3
0.03977 15489.4
0.03978 15488.5
0.03979 15487.5
0.03980 15486.6
0.03981 15485.7
0.03982 15484.8
0.03983 15483.8
0.03984 15482.9
0.03985 15482.0
0.03986 15481.0
0.03987 15480.1
0.03988 15479.2
0.03989 15478.3
0.03990 15477.3
0.03991 15476.4
0.03992 15475.5
0.03993 15474.6
0.03994 15473.7
0.03995 15472.8
0.03996 15471.8
0.03997 15470.9
0.03998 15470.0
0.03999 15469.1
0.04000 15468.2
0.04001 15467.3
0.04002 15466.4
0.04003 15465.4
0.04004 15464.5
0.04005 15463.6
0.04006 15462.7
0.04007 15461.8
0.04008 15460.9
0.04009 15460.0
0.04010 15459.1
0.04011 15458.2
0.04012 15457.3
0.04013 15456.4
0.04014 15455.5
0.04015 15454.6
0.04016 15453.7
0.04017 15452.8
0.04018 15451.9
0.04019 15451.0
0.04020 15450.1
0.04021 15449.2
0.04022 15448.3
0.04023 15447.5
0.04024 15446.6
0.04025 15445.7
0.04026 15444.8
0.04027 15443.9
0.04028 15443.0
0.04029 15442.1
0.04030 15441.3
0.04031 15440.4
0.04032 15439.5
0.04033 15438.6
0.04034 15437.7
0.04035 15436.8
0.04036 15436.0
0.04037 15435.1
0.04038 15434.2
0.04039 15433.3
0.04040 15432.5
0.04041 15431.6
0.04042 15430.7
0.04043 15429.9
0.04044 15429.0
0.04045 15428.1
0.04046 15427.3
0.04047 15426.4
0.04048 15425.5
0.04049 15424.7
0.04050 15423.8
0.04051 15422.9
0.04052 15422.1
0.04053 15421.2
0.04054 15420.4
0.04055 15419.5
0.04056 15418.6
0.04057 15417.8
0.04058 15416.9
0.04059 15416.1
0.04060 15415.2
0.04061 15414.4
0.04062 15413.5
0.04063 15412.7
0.04064 15411.8
0.04065 15411.0
0.04066 15410.1
0.04067 15409.3
0.04068 15408.4
0.04069 15407.6
0.04070 15406.8
0.04071 15405.9
0.04072 15405.1
0.04073 15404.2
0.04074 15403.4
0.04075 15402.6
0.04076 15401.7
0.04077 15400.9
0.04078 15400.1
0.04079 15399.2
0.04080 15398.4
0.04081 15397.6
0.04082 15396.7
0.04083 15395.9
0.04084 15395.1
0.04085 15394.2
0.04086 15393.4
0.04087 15392.6
0.04088 15391.8
0.04089 15390.9
0.04090 15390.1
0.04091 15389.3
0.04092 15388.5
0.04093 15387.7
0.04094 15386.9
0.04095 15386.0
0.04096 15385.2
0.04097 15384.4
0.04098 15383.6
0.04099 15382.8
0.04100 15382.0
0.04101 15381.2
0.04102 15380.4
0.04103 15379.5
0.04104 15378.7
0.04105 15377.9
0.04106 15377.1
0.04107 15376.3
0.04108 15375.5
0.04109 15374.7
0.04110 15373.9
0.04111 15373.1
0.04112 15372.3
0.04113 15371.5
0.04114 15370.7
0.04115 15369.9
0.04116 15369.2
0.04117 15368.4
0.04118 15367.6
0.04119 15366.8
0.04120 15366.0
0.04121 15365.2
0.04122 15364.4
0.04123 15363.6
0.04124 15362.8
0.04125 15362.1
0.04126 15361.3
0.04127 15360.5
0.04128 15359.7
0.04129 15358.9
0.04130 15358.2
0.04131 15357.4
0.04132 15356.6
0.04133 15355.8
0.04134 15355.1
0.04135 15354.3
0.04136 15353.5
0.04137 15352.7
0.04138 15352.0
0.04139 15351.2
0.04140 15350.4
0.04141 15349.7
0.04142 15348.9
0.04143 15348.1
0.04144 15347.4
0.04145 15346.6
0.04146 15345.9
0.04147 15345.1
0.04148 15344.3
0.04149 15343.6
0.04150 15342.8
0.04151 15342.1
0.04152 15341.3
0.04153 15340.6
0.04154 15339.8
0.04155 15339.1
0.04156 15338.3
0.04157 15337.6
0.04158 15336.8
0.04159 15336.1
0.04160 15335.3
0.04161 15334.6
0.04162 15333.8
0.04163 15333.1
0.04164 15332.3
0.04165 15331.6
0.04166 15330.9
0.04167 15330.1
0.04168 15329.4
0.04169 15328.7
0.04170 15327.9
0.04171 15327.2
0.04172 15326.5
0.04173 15325.7
0.04174 15325.0
0.04175 15324.3
0.04176 15323.5
0.04177 15322.8
0.04178 15322.1
0.04179 15321.4
0.04180 15320.6
0.04181 15319.9
0.04182 15319.2
0.04183 15318.5
0.04184 15317.7
0.04185 15317.0
0.04186 15316.3
0.04187 15315.6
0.04188 15314.9
0.04189 15314.2
0.04190 15313.4
0.04191 15312.7
0.04192 15312.0
0.04193 15311.3
0.04194 15310.6
0.04195 15309.9
0.04196 15309.2
0.04197 15308.5
0.04198 15307.8
0.04199 15307.1
0.04200 15306.4
0.04201 15305.7
0.04202 15305.0
0.04203 15304.3
0.04204 15303.6
0.04205 15302.9
0.04206 15302.2
0.04207 15301.5
0.04208 15300.8
0.04209 15300.1
0.04210 15299.4
0.04211 15298.7
0.04212 15298.0
0.04213 15297.3
0.04214 15296.6
0.04215 15296.0
0.04216 15295.3
0.04217 15294.6
0.04218 15293.9
0.04219 15293.2
0.04220 15292.5
0.04221 15291.9
0.04222 15291.2
0.04223 15290.5
0.04224 15289.8
0.04225 15289.1
0.04226 15288.5
0.04227 15287.8
0.04228 15287.1
0.04229 15286.5
0.04230 15285.8
0.04231 15285.1
0.04232 15284.4
0.04233 15283.8
0.04234 15283.1
0.04235 15282.4
0.04236 15281.8
0.04237 15281.1
0.04238 15280.5
0.04239 15279.8
0.04240 15279.1
0.04241 15278.5
0.04242 15277.8
0.04243 15277.2
0.04244 15276.5
0.04245 15275.8
0.04246 15275.2
0.04247 15274.5
0.04248 15273.9
0.04249 15273.2
0.04250 15272.6
0.04251 15271.9
0.04252 15271.3
0.04253 15270.6
0.04254 15270.0
0.04255 15269.4
0.04256 15268.7
0.04257 15268.1
0.04258 15267.4
0.04259 15266.8
0.04260 15266.1
0.04261 15265.5
0.04262 15264.9
0.04263 15264.2
0.04264 15263.6
0.04265 15263.0
0.04266 15262.3
0.04267 15261.7
0.04268 15261.1
0.04269 15260.4
0.04270 15259.8
0.04271 15259.2
0.04272 15258.5
0.04273 15257.9
0.04274 15257.3
0.04275 15256.7
0.04276 15256.0
0.04277 15255.4
0.04278 15254.8
0.04279 15254.2
0.04280 15253.6
0.04281 15252.9
0.04282 15252.3
0.04283 15251.7
0.04284 15251.1
0.04285 15250.5
0.04286 15249.9
0.04287 15249.3
0.04288 15248.6
0.04289 15248.0
0.04290 15247.4
0.04291 15246.8
0.04292 15246.2
0.04293 15245.6
0.04294 15245.0
0.04295 15244.4
0.04296 15243.8
0.04297 15243.2
0.04298 15242.6
0.04299 15242.0
0.04300 15241.4
0.04301 15240.8
0.04302 15240.2
0.04303 15239.6
0.04304 15239.0
0.04305 15238.4
0.04306 15237.8
0.04307 15237.2
0.04308 15236.6
0.04309 15236.0
0.04310 15235.5
0.04311 15234.9
0.04312 15234.3
0.04313 15233.7
0.04314 15233.1
0.04315 15232.5
0.04316 15231.9
0.04317 15231.4
0.04318 15230.8
0.04319 15230.2
0.04320 15229.6
0.04321 15229.0
0.04322 15228.5
0.04323 15227.9
0.04324 15227.3
0.04325 15226.7
0.04326 15226.2
0.04327 15225.6
0.04328 15225.0
0.04329 15224.5
0.04330 15223.9
0.04331 15223.3
0.04332 15222.7
0.04333 15222.2
0.04334 15221.6
0.04335 15221.1
0.04336 15220.5
0.04337 15219.9
0.04338 15219.4
0.04339 15218.8
0.04340 15218.2
0.04341 15217.7
0.04342 15217.1
0.04343 15216.6
0.04344 15216.0
0.04345 15215.5
0.04346 15214.9
0.04347 15214.4
0.04348 15213.8
0.04349 15213.2
0.04350 15212.7
0.04351 15212.1
0.04352 15211.6
0.04353 15211.1
0.04354 15210.5
0.04355 15210.0
0.04356 15209.4
0.04357 15208.9
0.04358 15208.3
0.04359 15207.8
0.04360 15207.2
0.04361 15206.7
0.04362 15206.2
0.04363 15205.6
0.04364 15205.1
0.04365 15204.6
0.04366 15204.0
0.04367 15203.5
0.04368 15203.0
0.04369 15202.4
0.04370 15201.9
0.04371 15201.4
0.04372 15200.8
0.04373 15200.3
0.04374 15199.8
0.04375 15199.2
0.04376 15198.7
0.04377 15198.2
0.04378 15197.7
0.04379 15197.1
0.04380 15196.6
0.04381 15196.1
0.04382 15195.6
0.04383 15195.1
0.04384 15194.5
0.04385 15194.0
0.04386 15193.5
0.04387 15193.0
0.04388 15192.5
0.04389 15192.0
0.04390 15191.4
0.04391 15190.9
0.04392 15190.4
0.04393 15189.9
0.04394 15189.4
0.04395 15188.9
0.04396 15188.4
0.04397 15187.9
0.04398 15187.4
0.04399 15186.9
0.04400 15186.4
0.04401 15185.9
0.04402 15185.4
0.04403 15184.9
0.04404 15184.4
0.04405 15183.9
0.04406 15183.4
0.04407 15182.9
0.04408 15182.4
0.04409 15181.9
0.04410 15181.4
0.04411 15180.9
0.04412 15180.4
0.04413 15179.9
0.04414 15179.4
0.04415 15178.9
0.04416 15178.4
0.04417 15177.9
0.04418 15177.4
0.04419 15176.9
0.04420 15176.5
0.04421 15176.0
0.04422 15175.5
0.04423 15175.0
0.04424 15174.5
0.04425 15174.0
0.04426 15173.6
0.04427 15173.1
0.04428 15172.6
0.04429 15172.1
0.04430 15171.6
0.04431 15171.2
0.04432 15170.7
0.04433 15170.2
0.04434 15169.7
0.04435 15169.3
0.04436 15168.8
0.04437 15168.3
0.04438 15167.8
0.04439 15167.4
0.04440 15166.9
0.04441 15166.4
0.04442 15166.0
0.04443 15165.5
0.04444 15165.0
0.04445 15164.6
0.04446 15164.1
0.04447 15163.6
0.04448 15163.2
0.04449 15162.7
0.04450 15162.3
0.04451 15161.8
0.04452 15161.3
0.04453 15160.9
0.04454 15160.4
0.04455 15160.0
0.04456 15159.5
0.04457 15159.0
0.04458 15158.6
0.04459 15158.1
0.04460 15157.7
0.04461 15157.2
0.04462 15156.8
0.04463 15156.3
0.04464 15155.9
0.04465 15155.4
0.04466 15155.0
0.04467 15154.5
0.04468 15154.1
0.04469 15153.6
0.04470 15153.2
0.04471 15152.8
0.04472 15152.3
0.04473 15151.9
0.04474 15151.4
0.04475 15151.0
0.04476 15150.6
0.04477 15150.1
0.04478 15149.7
0.04479 15149.2
0.04480 15148.8
0.04481 15148.4
0.04482 15147.9
0.04483 15147.5
0.04484 15147.1
0.04485 15146.6
0.04486 15146.2
0.04487 15145.8
0.04488 15145.3
0.04489 15144.9
0.04490 15144.5
0.04491 15144.0
0.04492 15143.6
0.04493 15143.2
0.04494 15142.8
0.04495 15142.3
0.04496 15141.9
0.04497 15141.5
0.04498 15141.1
0.04499 15140.6
0.04500 15140.2
0.04501 15139.8
0.04502 15139.4
0.04503 15139.0
0.04504 15138.6
0.04505 15138.1
0.04506 15137.7
0.04507 15137.3
0.04508 15136.9
0.04509 15136.5
0.04510 15136.1
0.04511 15135.6
0.04512 15135.2
0.04513 15134.8
0.04514 15134.4
0.04515 15134.0
0.04516 15133.6
0.04517 15133.2
0.04518 15132.8
0.04519 15132.4
0.04520 15132.0
0.04521 15131.6
0.04522 15131.2
0.04523 15130.8
0.04524 15130.4
0.04525 15129.9
0.04526 15129.5
0.04527 15129.1
0.04528 15128.7
0.04529 15128.3
0.04530 15127.9
0.04531 15127.6
0.04532 15127.2
0.04533 15126.8
0.04534 15126.4
0.04535 15126.0
0.04536 15125.6
0.04537 15125.2
0.04538 15124.8
0.04539 15124.4
0.04540 15124.0
0.04541 15123.6
0.04542 15123.2
0.04543 15122.8
0.04544 15122.4
0.04545 15122.1
0.04546 15121.7
0.04547 15121.3
0.04548 15120.9
0.04549 15120.5
0.04550 15120.1
0.04551 15119.7
0.04552 15119.4
0.04553 15119.0
0.04554 15118.6
0.04555 15118.2
0.04556 15117.8
0.04557 15117.5
0.04558 15117.1
0.04559 15116.7
0.04560 15116.3
0.04561 15116.0
0.04562 15115.6
0.04563 15115.2
0.04564 15114.8
0.04565 15114.5
0.04566 15114.1
0.04567 15113.7
0.04568 15113.3
0.04569 15113.0
0.04570 15112.6
0.04571 15112.2
0.04572 15111.9
0.04573 15111.5
0.04574 15111.1
0.04575 15110.8
0.04576 15110.4
0.04577 15110.0
0.04578 15109.7
0.04579 15109.3
0.04580 15108.9
0.04581 15108.6
0.04582 15108.2
0.04583 15107.9
0.04584 15107.5
0.04585 15107.1
0.04586 15106.8
0.04587 15106.4
0.04588 15106.1
0.04589 15105.7
0.04590 15105.4
0.04591 15105.0
0.04592 15104.6
0.04593 15104.3
0.04594 15103.9
0.04595 15103.6
0.04596 15103.2
0.04597 15102.9
0.04598 15102.5
0.04599 15102.2
0.04600 15101.8
0.04601 15101.5
0.04602 15101.1
0.04603 15100.8
0.04604 15100.4
0.04605 15100.1
0.04606 15099.7
0.04607 15099.4
0.04608 15099.1
0.04609 15098.7
0.04610 15098.4
0.04611 15098.0
0.04612 15097.7
0.04613 15097.3
0.04614 15097.0
0.04615 15096.7
0.04616 15096.3
0.04617 15096.0
0.04618 15095.6
0.04619 15095.3
0.04620 15095.0
0.04621 15094.6
0.04622 15094.3
0.04623 15094.0
0.04624 15093.6
0.04625 15093.3
0.04626 15093.0
0.04627 15092.6
0.04628 15092.3
0.04629 15092.0
0.04630 15091.6
0.04631 15091.3
0.04632 15091.0
0.04633 15090.6
0.04634 15090.3
0.04635 15090.0
0.04636 15089.7
0.04637 15089.3
0.04638 15089.0
0.04639 15088.7
0.04640 15088.4
0.04641 15088.0
0.04642 15087.7
0.04643 15087.4
0.04644 15087.1
0.04645 15086.8
0.04646 15086.4
0.04647 15086.1
0.04648 15085.8
0.04649 15085.5
0.04650 15085.2
0.04651 15084.8
0.04652 15084.5
0.04653 15084.2
0.04654 15083.9
0.04655 15083.6
0.04656 15083.3
0.04657 15082.9
0.04658 15082.6
0.04659 15082.3
0.04660 15082.0
0.04661 15081.7
0.04662 15081.4
0.04663 15081.1
0.04664 15080.8
0.04665 15080.5
0.04666 15080.2
0.04667 15079.8
0.04668 15079.5
0.04669 15079.2
0.04670 15078.9
0.04671 15078.6
0.04672 15078.3
0.04673 15078.0
0.04674 15077.7
0.04675 15077.4
0.04676 15077.1
0.04677 15076.8
0.04678 15076.5
0.04679 15076.2
0.04680 15075.9
0.04681 15075.6
0.04682 15075.3
0.04683 15075.0
0.04684 15074.7
0.04685 15074.4
0.04686 15074.1
0.04687 15073.8
0.04688 15073.5
0.04689 15073.2
0.04690 15072.9
0.04691 15072.6
0.04692 15072.3
0.04693 15072.0
0.04694 15071.7
0.04695 15071.5
0.04696 15071.2
0.04697 15070.9
0.04698 15070.6
0.04699 15070.3
0.04700 15070.0
0.04701 15069.7
0.04702 15069.4
0.04703 15069.1
0.04704 15068.9
0.04705 15068.6
0.04706 15068.3
0.04707 15068.0
0.04708 15067.7
0.04709 15067.4
0.04710 15067.1
0.04711 15066.9
0.04712 15066.6
0.04713 15066.3
0.04714 15066.0
0.04715 15065.7
0.04716 15065.5
0.04717 15065.2
0.04718 15064.9
0.04719 15064.6
0.04720 15064.3
0.04721 15064.1
0.04722 15063.8
0.04723 15063.5
0.04724 15063.2
0.04725 15063.0
0.04726 15062.7
0.04727 15062.4
0.04728 15062.1
0.04729 15061.9
0.04730 15061.6
0.04731 15061.3
0.04732 15061.0
0.04733 15060.8
0.04734 15060.5
0.04735 15060.2
0.04736 15060.0
0.04737 15059.7
0.04738 15059.4
0.04739 15059.1
0.04740 15058.9
0.04741 15058.6
0.04742 15058.3
0.04743 15058.1
0.04744 15057.8
0.04745 15057.5
0.04746 15057.3
0.04747 15057.0
0.04748 15056.8
0.04749 15056.5
0.04750 15056.2
0.04751 15056.0
0.04752 15055.7
0.04753 15055.4
0.04754 15055.2
0.04755 15054.9
0.04756 15054.7
0.04757 15054.4
0.04758 15054.1
0.04759 15053.9
0.04760 15053.6
0.04761 15053.4
0.04762 15053.1
0.04763 15052.9
0.04764 15052.6
0.04765 15052.3
0.04766 15052.1
0.04767 15051.8
0.04768 15051.6
0.04769 15051.3
0.04770 15051.1
0.04771 15050.8
0.04772 15050.6
0.04773 15050.3
0.04774 15050.1
0.04775 15049.8
0.04776 15049.6
0.04777 15049.3
0.04778 15049.1
0.04779 15048.8
0.04780 15048.6
0.04781 15048.3
0.04782 15048.1
0.04783 15047.8
0.04784 15047.6
0.04785 15047.3
0.04786 15047.1
0.04787 15046.8
0.04788 15046.6
0.04789 15046.4
0.04790 15046.1
0.04791 15045.9
0.04792 15045.6
0.04793 15045.4
0.04794 15045.1
0.04795 15044.9
0.04796 15044.7
0.04797 15044.4
0.04798 15044.2
0.04799 15043.9
0.04800 15043.7
0.04801 15043.5
0.04802 15043.2
0.04803 15043.0
0.04804 15042.8
0.04805 15042.5
0.04806 15042.3
0.04807 15042.1
0.04808 15041.8
0.04809 15041.6
0.04810 15041.3
0.04811 15041.1
0.04812 15040.9
0.04813 15040.6
0.04814 15040.4
0.04815 15040.2
0.04816 15040.0
0.04817 15039.7
0.04818 15039.5
0.04819 15039.3
0.04820 15039.0
0.04821 15038.8
0.04822 15038.6
0.04823 15038.3
0.04824 15038.1
0.04825 15037.9
0.04826 15037.7
0.04827 15037.4
0.04828 15037.2
0.04829 15037.0
0.04830 15036.8
0.04831 15036.5
0.04832 15036.3
0.04833 15036.1
0.04834 15035.9
0.04835 15035.6
0.04836 15035.4
0.04837 15035.2
0.04838 15035.0
0.04839 15034.7
0.04840 15034.5
0.04841 15034.3
0.04842 15034.1
0.04843 15033.9
0.04844 15033.6
0.04845 15033.4
0.04846 15033.2
0.04847 15033.0
0.04848 15032.8
0.04849 15032.6
0.04850 15032.3
0.04851 15032.1
0.04852 15031.9
0.04853 15031.7
0.04854 15031.5
0.04855 15031.3
0.04856 15031.0
0.04857 15030.8
0.04858 15030.6
0.04859 15030.4
0.04860 15030.2
0.04861 15030.0
0.04862 15029.8
0.04863 15029.6
0.04864 15029.3
0.04865 15029.1
0.04866 15028.9
0.04867 15028.7
0.04868 15028.5
0.04869 15028.3
0.04870 15028.1
0.04871 15027.9
0.04872 15027.7
0.04873 15027.5
0.04874 15027.3
0.04875 15027.0
0.04876 15026.8
0.04877 15026.6
0.04878 15026.4
0.04879 15026.2
0.04880 15026.0
0.04881 15025.8
0.04882 15025.6
0.04883 15025.4
0.04884 15025.2
0.04885 15025.0
0.04886 15024.8
0.04887 15024.6
0.04888 15024.4
0.04889 15024.2
0.04890 15024.0
0.04891 15023.8
0.04892 15023.6
0.04893 15023.4
0.04894 15023.2
0.04895 15023.0
0.04896 15022.8
0.04897 15022.6
0.04898 15022.4
0.04899 15022.2
0.04900 15022.0
0.04901 15021.8
0.04902 15021.6
0.04903 15021.4
0.04904 15021.2
0.04905 15021.0
0.04906 15020.8
0.04907 15020.6
0.04908 15020.4
0.04909 15020.3
0.04910 15020.1
0.04911 15019.9
0.04912 15019.7
0.04913 15019.5
0.04914 15019.3
0.04915 15019.1
0.04916 15018.9
0.04917 15018.7
0.04918 15018.5
0.04919 15018.3
0.04920 15018.1
0.04921 15018.0
0.04922 15017.8
0.04923 15017.6
0.04924 15017.4
0.04925 15017.2
0.04926 15017.0
0.04927 15016.8
0.04928 15016.6
0.04929 15016.5
0.04930 15016.3
0.04931 15016.1
0.04932 15015.9
0.04933 15015.7
0.04934 15015.5
0.04935 15015.3
0.04936 15015.2
0.04937 15015.0
0.04938 15014.8
0.04939 15014.6
0.04940 15014.4
0.04941 15014.2
0.04942 15014.1
0.04943 15013.9
0.04944 15013.7
0.04945 15013.5
0.04946 15013.3
0.04947 15013.2
0.04948 15013.0
0.04949 15012.8
0.04950 15012.6
0.04951 15012.4
0.04952 15012.3
0.04953 15012.1
0.04954 15011.9
0.04955 15011.7
0.04956 15011.6
0.04957 15011.4
0.04958 15011.2
0.04959 15011.0
0.04960 15010.9
0.04961 15010.7
0.04962 15010.5
0.04963 15010.3
0.04964 15010.2
0.04965 15010.0
0.04966 15009.8
0.04967 15009.6
0.04968 15009.5
0.04969 15009.3
0.04970 15009.1
0.04971 15008.9
0.04972 15008.8
0.04973 15008.6
0.04974 15008.4
0.04975 15008.3
0.04976 15008.1
0.04977 15007.9
0.04978 15007.8
0.04979 15007.6
0.04980 15007.4
0.04981 15007.2
0.04982 15007.1
0.04983 15006.9
0.04984 15006.7
0.04985 15006.6
0.04986 15006.4
0.04987 15006.2
0.04988 15006.1
0.04989 15005.9
0.04990 15005.7
0.04991 15005.6
0.04992 15005.4
0.04993 15005.2
0.04994 15005.1
0.04995 15004.9
0.04996 15004.8
0.04997 15004.6
0.04998 15004.4
0.04999 15004.3
0.05000 14907.3
0.05001 14907.3
0.05002 14907.3
0.05003 14907.3
0.05004 14907.3
0.05005 14907.3
0.05006 14907.3
0.05007 14907.3
0.05008 14907.3
0.05009 14907.3
0.05010 14907.3
0.05011 14907.3
0.05012 14907.3
0.05013 14907.3
0.05014 14907.3
0.05015 14907.3
0.05016 14907.3
0.05017 14907.3
0.05018 14907.3
0.05019 14907.3
0.05020 14907.3
0.05021 14907.3
0.05022 14907.3
0.05023 14907.3
0.05024 14907.3
0.05025 14907.3
0.05026 14907.3
0.05027 14907.3
0.05028 14907.3
0.05029 14907.3
0.05030 14907.3
0.05031 14907.3
0.05032 14907.3
0.05033 14907.3
0.05034 14907.3
0.05035 14907.3
0.05036 14907.3
0.05037 14907.3
0.05038 14907.3
0.05039 14907.3
0.05040 14907.3
0.05041 14907.3
0.05042 14907.3
0.05043 14907.3
0.05044 14907.3
0.05045 14907.3
0.05046 14907.3
0.05047 14907.3
0.05048 14907.3
0.05049 14907.3
0.05050 14907.3
0.05051 14907.3
0.05052 14907.3
0.05053 14907.3
0.05054 14907.3
0.05055 14907.3
0.05056 14907.3
0.05057 14907.3
0.05058 14907.3
0.05059 14907.3
0.05060 14907.3
0.05061 14907.3
0.05062 14907.3
0.05063 14907.3
0.05064 14907.3
0.05065 14907.3
0.05066 14907.3
0.05067 14907.3
0.05068 14907.3
0.05069 14907.3
0.05070 14907.3
0.05071 14907.3
0.05072 14907.3
0.05073 14907.3
0.05074 14907.3
0.05075 14907.3
0.05076 14907.3
0.05077 14907.3
0.05078 14907.3
0.05079 14907.3
0.05080 14907.3
0.05081 14907.3
0.05082 14907.3
0.05083 14907.3
0.05084 14907.3
0.05085 14907.3
0.05086 14907.3
0.05087 14907.3
0.05088 14907.3
0.05089 14907.3
0.05090 14907.3
0.05091 14907.3
0.05092 14907.3
0.05093 14907.3
0.05094 14907.3
0.05095 14907.3
0.05096 14907.3
0.05097 14907.3
0.05098 14907.3
0.05099 14907.3
0.05100 14907.3
0.05101 14907.3
0.05102 14907.3
0.05103 14907.3
0.05104 14907.3
0.05105 14907.3
0.05106 14907.3
0.05107 14907.3
0.05108 14907.3
0.05109 14907.3
0.05110 14907.3
0.05111 14907.3
0.05112 14907.3
0.05113 14907.3
0.05114 14907.3
0.05115 14907.3
0.05116 14907.3
0.05117 14907.3
0.05118 14907.3
0.05119 14907.3
0.05120 14907.3
0.05121 14907.3
0.05122 14907.3
0.05123 14907.3
0.05124 14907.3
0.05125 14907.3
0.05126 14907.3
0.05127 14907.3
0.05128 14907.3
0.05129 14907.3
0.05130 14907.3
0.05131 14907.3
0.05132 14907.3
0.05133 14907.3
0.05134 14907.3
0.05135 14907.3
0.05136 14907.3
0.05137 14907.3
0.05138 14907.3
0.05139 14907.3
0.05140 14907.3
0.05141 14907.3
0.05142 14907.3
0.05143 14907.3
0.05144 14907.3
0.05145 14907.3
0.05146 14907.3
0.05147 14907.3
0.05148 14907.3
0.05149 14907.3
0.05150 14907.3
0.05151 14907.3
0.05152 14907.3
0.05153 14907.3
0.05154 14907.3
0.05155 14907.3
0.05156 14907.3
0.05157 14907.3
0.05158 14907.3
0.05159 14907.3
0.05160 14907.3
0.05161 14907.3
0.05162 14907.3
0.05163 14907.3
0.05164 14907.3
0.05165 14907.3
0.05166 14907.3
0.05167 14907.3
0.05168 14907.3
0.05169 14907.3
0.05170 14907.3
0.05171 14907.3
0.05172 14907.3
0.05173 14907.3
0.05174 14907.3
0.05175 14907.3
0.05176 14907.3
0.05177 14907.3
0.05178 14907.3
0.05179 14907.3
0.05180 14907.3
0.05181 14907.3
0.05182 14907.3
0.05183 14907.3
0.05184 14907.3
0.05185 14907.3
0.05186 14907.3
0.05187 14907.3
0.05188 14907.3
0.05189 14907.3
0.05190 14907.3
0.05191 14907.3
0.05192 14907.3
0.05193 14907.3
0.05194 14907.3
0.05195 14907.3
0.05196 14907.3
0.05197 14907.3
0.05198 14907.3
0.05199 14907.3
0.05200 14907.3
0.05201 14907.3
0.05202 14907.3
0.05203 14907.3
0.05204 14907.3
0.05205 14907.3
0.05206 14907.3
0.05207 14907.3
0.05208 14907.3
0.05209 14907.3
0.05210 14907.3
0.05211 14907.3
0.05212 14907.3
0.05213 14907.3
0.05214 14907.3
0.05215 14907.3
0.05216 14907.3
0.05217 14907.3
0.05218 14907.3
0.05219 14907.3
0.05220 14907.3
0.05221 14907.3
0.05222 14907.3
0.05223 14907.3
0.05224 14907.3
0.05225 14907.3
0.05226 14907.3
0.05227 14907.3
0.05228 14907.3
0.05229 14907.3
0.05230 14907.3
0.05231 14907.3
0.05232 14907.3
0.05233 14907.3
0.05234 14907.3
0.05235 14907.3
0.05236 14907.3
0.05237 14907.3
0.05238 14907.3
0.05239 14907.3
0.05240 14907.3
0.05241 14907.3
0.05242 14907.3
0.05243 14907.3
0.05244 14907.3
0.05245 14907.3
0.05246 14907.3
0.05247 14907.3
0.05248 14907.3
0.05249 14907.3
0.05250 14907.3
0.05251 14907.3
0.05252 14907.3
0.05253 14907.3
0.05254 14907.3
0.05255 14907.3
0.05256 14907.3
0.05257 14907.3
0.05258 14907.3
0.05259 14907.3
0.05260 14907.3
0.05261 14907.3
0.05262 14907.3
0.05263 14907.3
0.05264 14907.3
0.05265 14907.3
0.05266 14907.3
0.05267 14907.3
0.05268 14907.3
0.05269 14907.3
0.05270 14907.3
0.05271 14907.3
0.05272 14907.3
0.05273 14907.3
0.05274 14907.3
0.05275 14907.3
0.05276 14907.3
0.05277 14907.3
0.05278 14907.3
0.05279 14907.3
0.05280 14907.3
0.05281 14907.3
0.05282 14907.3
0.05283 14907.3
0.05284 14907.3
0.05285 14907.3
0.05286 14907.3
0.05287 14907.3
0.05288 14907.3
0.05289 14907.3
0.05290 14907.3
0.05291 14907.3
0.05292 14907.3
0.05293 14907.3
0.05294 14907.3
0.05295 14907.3
0.05296 14907.3
0.05297 14907.3
0.05298 14907.3
0.05299 14907.3
0.05300 14907.3
0.05301 14907.3
0.05302 14907.3
0.05303 14907.3
0.05304 14907.3
0.05305 14907.3
0.05306 14907.3
0.05307 14907.3
0.05308 14907.3
0.05309 14907.3
0.05310 14907.3
0.05311 14907.3
0.05312 14907.3
0.05313 14907.3
0.05314 14907.3
0.05315 14907.3
0.05316 14907.3
0.05317 14907.3
0.05318 14907.3
0.05319 14907.3
0.05320 14907.3
0.05321 14907.3
0.05322 14907.3
0.05323 14907.3
0.05324 14907.3
0.05325 14907.3
0.05326 14907.3
0.05327 14907.3
0.05328 14907.3
0.05329 14907.3
0.05330 14907.3
0.05331 14907.3
0.05332 14907.3
0.05333 14907.3
0.05334 14907.3
0.05335 14907.3
0.05336 14907.3
0.05337 14907.3
0.05338 14907.3
0.05339 14907.3
0.05340 14907.3
0.05341 14907.3
0.05342 14907.3
0.05343 14907.3
0.05344 14907.3
0.05345 14907.3
0.05346 14907.3
0.05347 14907.3
0.05348 14907.3
0.05349 14907.3
0.05350 14907.3
0.05351 14907.3
0.05352 14907.3
0.05353 14907.3
0.05354 14907.3
0.05355 14907.3
0.05356 14907.3
0.05357 14907.3
0.05358 14907.3
0.05359 14907.3
0.05360 14907.3
0.05361 14907.3
0.05362 14907.3
0.05363 14907.3
0.05364 14907.3
0.05365 14907.3
0.05366 14907.3
0.05367 14907.3
0.05368 14907.3
0.05369 14907.3
0.05370 14907.3
0.05371 14907.3
0.05372 14907.3
0.05373 14907.3
0.05374 14907.3
0.05375 14907.3
0.05376 14907.3
0.05377 14907.3
0.05378 14907.3
0.05379 14907.3
0.05380 14907.3
0.05381 14907.3
0.05382 14907.3
0.05383 14907.3
0.05384 14907.3
0.05385 14907.3
0.05386 14907.3
0.05387 14907.3
0.05388 14907.3
0.05389 14907.3
0.05390 14907.3
0.05391 14907.3
0.05392 14907.3
0.05393 14907.3
0.05394 14907.3
0.05395 14907.3
0.05396 14907.3
0.05397 14907.3
0.05398 14907.3
0.05399 14907.3
0.05400 14907.3
0.05401 14907.3
0.05402 14907.3
0.05403 14907.3
0.05404 14907.3
0.05405 14907.3
0.05406 14907.3
0.05407 14907.3
0.05408 14907.3
0.05409 14907.3
0.05410 14907.3
0.05411 14907.3
0.05412 14907.3
0.05413 14907.3
0.05414 14907.3
0.05415 14907.3
0.05416 14907.3
0.05417 14907.3
0.05418 14907.3
0.05419 14907.3
0.05420 14907.3
0.05421 14907.3
0.05422 14907.3
0.05423 14907.3
0.05424 14907.3
0.05425 14907.3
0.05426 14907.3
0.05427 14907.3
0.05428 14907.3
0.05429 14907.3
0.05430 14907.3
0.05431 14907.3
0.05432 14907.3
0.05433 14907.3
0.05434 14907.3
0.05435 14907.3
0.05436 14907.3
0.05437 14907.3
0.05438 14907.3
0.05439 14907.3
0.05440 14907.3
0.05441 14907.3
0.05442 14907.3
0.05443 14907.3
0.05444 14907.3
0.05445 14907.3
0.05446 14907.3
0.05447 14907.3
0.05448 14907.3
0.05449 14907.3
0.05450 14907.3
0.05451 14907.3
0.05452 14907.3
0.05453 14907.3
0.05454 14907.3
0.05455 14907.3
0.05456 14907.3
0.05457 14907.3
0.05458 14907.3
0.05459 14907.3
0.05460 14907.3
0.05461 14907.3
0.05462 14907.3
0.05463 14907.3
0.05464 14907.3
0.05465 14907.3
0.05466 14907.3
0.05467 14907.3
0.05468 14907.3
0.05469 14907.3
0.05470 14907.3
0.05471 14907.3
0.05472 14907.3
0.05473 14907.3
0.05474 14907.3
0.05475 14907.3
0.05476 14907.3
0.05477 14907.3
0.05478 14907.3
0.05479 14907.3
0.05480 14907.3
0.05481 14907.3
0.05482 14907.3
0.05483 14907.3
0.05484 14907.3
0.05485 14907.3
0.05486 14907.3
0.05487 14907.3
0.05488 14907.3
0.05489 14907.3
0.05490 14907.3
0.05491 14907.3
0.05492 14907.3
0.05493 14907.3
0.05494 14907.3
0.05495 14907.3
0.05496 14907.3
0.05497 14907.3
0.05498 14907.3
0.05499 14907.3
0.05500 14907.3
0.05501 14907.3
0.05502 14907.3
0.05503 14907.3
0.05504 14907.3
0.05505 14907.3
0.05506 14907.3
0.05507 14907.3
0.05508 14907.3
0.05509 14907.3
0.05510 14907.3
0.05511 14907.3
0.05512 14907.3
0.05513 14907.3
0.05514 14907.3
0.05515 14907.3
0.05516 14907.3
0.05517 14907.3
0.05518 14907.3
0.05519 14907.3
0.05520 14907.3
0.05521 14907.3
0.05522 14907.3
0.05523 14907.3
0.05524 14907.3
0.05525 14907.3
0.05526 14907.3
0.05527 14907.3
0.05528 14907.3
0.05529 14907.3
0.05530 14907.3
0.05531 14907.3
0.05532 14907.3
0.05533 14907.3
0.05534 14907.3
0.05535 14907.3
0.05536 14907.3
0.05537 14907.3
0.05538 14907.3
0.05539 14907.3
0.05540 14907.3
0.05541 14907.3
0.05542 14907.3
0.05543 14907.3
0.05544 14907.3
0.05545 14907.3
0.05546 14907.3
0.05547 14907.3
0.05548 14907.3
0.05549 14907.3
0.05550 14907.3
0.05551 14907.3
0.05552 14907.3
0.05553 14907.3
0.05554 14907.3
0.05555 14907.3
0.05556 14907.3
0.05557 14907.3
0.05558 14907.3
0.05559 14907.3
0.05560 14907.3
0.05561 14907.3
0.05562 14907.3
0.05563 14907.3
0.05564 14907.3
0.05565 14907.3
0.05566 14907.3
0.05567 14907.3
0.05568 14907.3
0.05569 14907.3
0.05570 14907.3
0.05571 14907.3
0.05572 14907.3
0.05573 14907.3
0.05574 14907.3
0.05575 14907.3
0.05576 14907.3
0.05577 14907.3
0.05578 14907.3
0.05579 14907.3
0.05580 14907.3
0.05581 14907.3
0.05582 14907.3
0.05583 14907.3
0.05584 14907.3
0.05585 14907.3
0.05586 14907.3
0.05587 14907.3
0.05588 14907.3
0.05589 14907.3
0.05590 14907.3
0.05591 14907.3
0.05592 14907.3
0.05593 14907.3
0.05594 14907.3
0.05595 14907.3
0.05596 14907.3
0.05597 14907.3
0.05598 14907.3
0.05599 14907.3
0.05600 14907.3
0.05601 14907.3
0.05602 14907.3
0.05603 14907.3
0.05604 14907.3
0.05605 14907.3
0.05606 14907.3
0.05607 14907.3
0.05608 14907.3
0.05609 14907.3
0.05610 14907.3
0.05611 14907.3
0.05612 14907.3
0.05613 14907.3
0.05614 14907.3
0.05615 14907.3
0.05616 14907.3
0.05617 14907.3
0.05618 14907.3
0.05619 14907.3
0.05620 14907.3
0.05621 14907.3
0.05622 14907.3
0.05623 14907.3
0.05624 14907.3
0.05625 14907.3
0.05626 14907.3
0.05627 14907.3
0.05628 14907.3
0.05629 14907.3
0.05630 14907.3
0.05631 14907.3
0.05632 14907.3
0.05633 14907.3
0.05634 14907.3
0.05635 14907.3
0.05636 14907.3
0.05637 14907.3
0.05638 14907.3
0.05639 14907.3
0.05640 14907.3
0.05641 14907.3
0.05642 14907.3
0.05643 14907.3
0.05644 14907.3
0.05645 14907.3
0.05646 14907.3
0.05647 14907.3
0.05648 14907.3
0.05649 14907.3
0.05650 14907.3
0.05651 14907.3
0.05652 14907.3
0.05653 14907.3
0.05654 14907.3
0.05655 14907.3
0.05656 14907.3
0.05657 14907.3
0.05658 14907.3
0.05659 14907.3
0.05660 14907.3
0.05661 14907.3
0.05662 14907.3
0.05663 14907.3
0.05664 14907.3
0.05665 14907.3
0.05666 14907.3
0.05667 14907.3
0.05668 14907.3
0.05669 14907.3
0.05670 14907.3
0.05671 14907.3
0.05672 14907.3
0.05673 14907.3
0.05674 14907.3
0.05675 14907.3
0.05676 14907.3
0.05677 14907.3
0.05678 14907.3
0.05679 14907.3
0.05680 14907.3
0.05681 14907.3
0.05682 14907.3
0.05683 14907.3
0.05684 14907.3
0.05685 14907.3
0.05686 14907.3
0.05687 14907.3
0.05688 14907.3
0.05689 14907.3
0.05690 14907.3
0.05691 14907.3
0.05692 14907.3
0.05693 14907.3
0.05694 14907.3
0.05695 14907.3
0.05696 14907.3
0.05697 14907.3
0.05698 14907.3
0.05699 14907.3
0.05700 14907.3
0.05701 14907.3
0.05702 14907.3
0.05703 14907.3
0.05704 14907.3
0.05705 14907.3
0.05706 14907.3
0.05707 14907.3
0.05708 14907.3
0.05709 14907.3
0.05710 14907.3
0.05711 14907.3
0.05712 14907.3
0.05713 14907.3
0.05714 14907.3
0.05715 14907.3
0.05716 14907.3
0.05717 14907.3
0.05718 14907.3
0.05719 14907.3
0.05720 14907.3
0.05721 14907.3
0.05722 14907.3
0.05723 14907.3
0.05724 14907.3
0.05725 14907.3
0.05726 14907.3
0.05727 14907.3
0.05728 14907.3
0.05729 14907.3
0.05730 14907.3
0.05731 14907.3
0.05732 14907.3
0.05733 14907.3
0.05734 14907.3
0.05735 14907.3
0.05736 14907.3
0.05737 14907.3
0.05738 14907.3
0.05739 14907.3
0.05740 14907.3
0.05741 14907.3
0.05742 14907.3
0.05743 14907.3
0.05744 14907.3
0.05745 14907.3
0.05746 14907.3
0.05747 14907.3
0.05748 14907.3
0.05749 14907.3
0.05750 14907.3
0.05751 14907.3
0.05752 14907.3
0.05753 14907.3
0.05754 14907.3
0.05755 14907.3
0.05756 14907.3
0.05757 14907.3
0.05758 14907.3
0.05759 14907.3
0.05760 14907.3
0.05761 14907.3
0.05762 14907.3
0.05763 14907.3
0.05764 14907.3
0.05765 14907.3
0.05766 14907.3
0.05767 14907.3
0.05768 14907.3
0.05769 14907.3
0.05770 14907.3
0.05771 14907.3
0.05772 14907.3
0.05773 14907.3
0.05774 14907.3
0.05775 14907.3
0.05776 14907.3
0.05777 14907.3
0.05778 14907.3
0.05779 14907.3
0.05780 14907.3
0.05781 14907.3
0.05782 14907.3
0.05783 14907.3
0.05784 14907.3
0.05785 14907.3
0.05786 14907.3
0.05787 14907.3
0.05788 14907.3
0.05789 14907.3
0.05790 14907.3
0.05791 14907.3
0.05792 14907.3
0.05793 14907.3
0.05794 14907.3
0.05795 14907.3
0.05796 14907.3
0.05797 14907.3
0.05798 14907.3
0.05799 14907.3
0.05800 14907.3
0.05801 14907.3
0.05802 14907.3
0.05803 14907.3
0.05804 14907.3
0.05805 14907.3
0.05806 14907.3
0.05807 14907.3
0.05808 14907.3
0.05809 14907.3
0.05810 14907.3
0.05811 14907.3
0.05812 14907.3
0.05813 14907.3
0.05814 14907.3
0.05815 14907.3
0.05816 14907.3
0.05817 14907.3
0.05818 14907.3
0.05819 14907.3
0.05820 14907.3
0.05821 14907.3
0.05822 14907.3
0.05823 14907.3
0.05824 14907.3
0.05825 14907.3
0.05826 14907.3
0.05827 14907.3
0.05828 14907.3
0.05829 14907.3
0.05830 14907.3
0.05831 14907.3
0.05832 14907.3
0.05833 14907.3
0.05834 14907.3
0.05835 14907.3
0.05836 14907.3
0.05837 14907.3
0.05838 14907.3
0.05839 14907.3
0.05840 14907.3
0.05841 14907.3
0.05842 14907.3
0.05843 14907.3
0.05844 14907.3
0.05845 14907.3
0.05846 14907.3
0.05847 14907.3
0.05848 14907.3
0.05849 14907.3
0.05850 14907.3
0.05851 14907.3
0.05852 14907.3
0.05853 14907.3
0.05854 14907.3
0.05855 14907.3
0.05856 14907.3
0.05857 14907.3
0.05858 14907.3
0.05859 14907.3
0.05860 14907.3
0.05861 14907.3
0.05862 14907.3
0.05863 14907.3
0.05864 14907.3
0.05865 14907.3
0.05866 14907.3
0.05867 14907.3
0.05868 14907.3
0.05869 14907.3
0.05870 14907.3
0.05871 14907.3
0.05872 14907.3
0.05873 14907.3
0.05874 14907.3
0.05875 14907.3
0.05876 14907.3
0.05877 14907.3
0.05878 14907.3
0.05879 14907.3
0.05880 14907.3
0.05881 14907.3
0.05882 14907.3
0.05883 14907.3
0.05884 14907.3
0.05885 14907.3
0.05886 14907.3
0.05887 14907.3
0.05888 14907.3
0.05889 14907.3
0.05890 14907.3
0.05891 14907.3
0.05892 14907.3
0.05893 14907.3
0.05894 14907.3
0.05895 14907.3
0.05896 14907.3
0.05897 14907.3
0.05898 14907.3
0.05899 14907.3
0.05900 14907.3
0.05901 14907.3
0.05902 14907.3
0.05903 14907.3
0.05904 14907.3
0.05905 14907.3
0.05906 14907.3
0.05907 14907.3
0.05908 14907.3
0.05909 14907.3
0.05910 14907.3
0.05911 14907.3
0.05912 14907.3
0.05913 14907.3
0.05914 14907.3
0.05915 14907.3
0.05916 14907.3
0.05917 14907.3
0.05918 14907.3
0.05919 14907.3
0.05920 14907.3
0.05921 14907.3
0.05922 14907.3
0.05923 14907.3
0.05924 14907.3
0.05925 14907.3
0.05926 14907.3
0.05927 14907.3
0.05928 14907.3
0.05929 14907.3
0.05930 14907.3
0.05931 14907.3
0.05932 14907.3
0.05933 14907.3
0.05934 14907.3
0.05935 14907.3
0.05936 14907.3
0.05937 14907.3
0.05938 14907.3
0.05939 14907.3
0.05940 14907.3
0.05941 14907.3
0.05942 14907.3
0.05943 14907.3
0.05944 14907.3
0.05945 14907.3
0.05946 14907.3
0.05947 14907.3
0.05948 14907.3
0.05949 14907.3
0.05950 14907.3
0.05951 14907.3
0.05952 14907.3
0.05953 14907.3
0.05954 14907.3
0.05955 14907.3
0.05956 14907.3
0.05957 14907.3
0.05958 14907.3
0.05959 14907.3
0.05960 14907.3
0.05961 14907.3
0.05962 14907.3
0.05963 14907.3
0.05964 14907.3
0.05965 14907.3
0.05966 14907.3
0.05967 14907.3
0.05968 14907.3
0.05969 14907.3
0.05970 14907.3
0.05971 14907.3
0.05972 14907.3
0.05973 14907.3
0.05974 14907.3
0.05975 14907.3
0.05976 14907.3
0.05977 14907.3
0.05978 14907.3
0.05979 14907.3
0.05980 14907.3
0.05981 14907.3
0.05982 14907.3
0.05983 14907.3
0.05984 14907.3
0.05985 14907.3
0.05986 14907.3
0.05987 14907.3
0.05988 14907.3
0.05989 14907.3
0.05990 14907.3
0.05991 14907.3
0.05992 14907.3
0.05993 14907.3
0.05994 14907.3
0.05995 14907.3
0.05996 14907.3
0.05997 14907.3
0.05998 14907.3
0.05999 14907.3
0.06000 14907.3
