0.00000 35159.8
0.00001 35159.8
0.00002 35159.8
0.00003 35159.8
0.00004 35159.8
0.00005 35159.8
0.00006 35159.8
0.00007 35159.8
0.00008 35159.8
0.00009 35159.8
0.00010 35159.8
0.00011 35159.8
0.00012 35159.8
0.00013 35159.8
0.00014 35159.8
0.00015 35159.8
0.00016 35159.8
0.00017 35159.8
0.00018 35159.8
0.00019 35159.8
0.00020 35159.8
0.00021 35159.8
0.00022 35159.8
0.00023 35159.8
0.00024 35159.8
0.00025 35159.8
0.00026 35159.8
0.00027 35159.8
0.00028 35159.8
0.00029 35159.8
0.00030 35159.8
0.00031 35159.8
0.00032 35159.8
0.00033 35159.8
0.00034 35159.8
0.00035 35159.8
0.00036 35159.8
0.00037 35159.8
0.00038 35159.8
0.00039 35159.8
0.00040 35159.8
0.00041 35159.8
0.00042 35159.8
0.00043 35159.8
0.00044 35159.8
0.00045 35159.8
0.00046 35159.8
0.00047 35159.8
0.00048 35159.8
0.00049 35159.8
0.00050 35159.8
0.00051 35159.8
0.00052 35159.8
0.00053 35159.8
0.00054 35159.8
0.00055 35159.8
0.00056 35159.8
0.00057 35159.8
0.00058 35159.8
0.00059 35159.8
0.00060 35159.8
0.00061 35159.8
0.00062 35159.8
0.00063 35159.8
0.00064 35159.8
0.00065 35159.8
0.00066 35159.8
0.00067 35159.8
0.00068 35159.8
0.00069 35159.8
0.00070 35159.8
0.00071 35159.8
0.00072 35159.8
0.00073 35159.8
0.00074 35159.8
0.00075 35159.8
0.00076 35159.8
0.00077 35159.8
0.00078 35159.8
0.00079 35159.8
0.00080 35159.8
0.00081 35159.8
0.00082 35159.8
0.00083 35159.8
0.00084 35159.8
0.00085 35159.8
0.00086 35159.8
0.00087 35159.8
0.00088 35159.8
0.00089 35159.8
0.00090 35159.8
0.00091 35159.8
0.00092 35159.8
0.00093 35159.8
0.00094 35159.8
0.00095 35159.8
0.00096 35159.8
0.00097 35159.8
0.00098 35159.8
0.00099 35159.8
0.00100 35159.8
0.00101 34530.8
0.00102 33914.9
0.00103 33311.8
0.00104 32721.2
0.00105 32142.8
0.00106 31576.3
0.00107 31021.4
0.00108 30477.8
0.00109 29945.3
0.00110 29423.5
0.00111 28912.2
0.00112 28411.1
0.00113 27920.0
0.00114 27438.6
0.00115 26966.6
0.00116 26503.8
0.00117 26049.9
0.00118 25604.6
0.00119 25167.7
0.00120 24738.9
0.00121 24317.8
0.00122 23904.2
0.00123 23497.8
0.00124 23098.3
0.00125 22705.3
0.00126 22318.5
0.00127 21937.4
0.00128 21561.8
0.00129 21191.0
0.00130 20824.8
0.00131 20462.6
0.00132 20103.8
0.00133 19747.8
0.00134 19394.1
0.00135 19041.9
0.00136 18690.5
0.00137 18339.0
0.00138 17986.6
0.00139 17632.3
0.00140 17275.0
0.00141 16913.5
0.00142 16546.7
0.00143 16173.1
0.00144 15791.4
0.00145 15399.9
0.00146 14997.0
0.00147 14581.1
0.00148 14150.1
0.00149 13702.4
0.00150 13236.1
0.00151 12980.3
0.00152 12685.9
0.00153 12352.5
0.00154 11980.4
0.00155 11570.1
0.00156 11123.3
0.00157 10642.3
0.00158 10130.8
0.00159 9593.8
0.00160 9038.1
0.00161 8472.3
0.00162 7906.7
0.00163 7353.4
0.00164 6825.6
0.00165 6336.1
0.00166 5895.9
0.00167 5512.8
0.00168 5189.2
0.00169 4923.1
0.00170 4708.8
0.00171 4538.5
0.00172 4404.4
0.00173 4299.3
0.00174 4217.6
0.00175 4154.5
0.00176 4106.6
0.00177 4071.1
0.00178 4046.0
0.00179 4029.9
0.00180 4021.4
0.00181 4019.7
0.00182 4024.2
0.00183 4034.4
0.00184 4049.9
0.00185 4070.4
0.00186 4095.8
0.00187 4125.9
0.00188 4160.7
0.00189 4200.2
0.00190 4244.3
0.00191 4293.2
0.00192 4346.9
0.00193 4405.5
0.00194 4469.1
0.00195 4537.9
0.00196 4612.0
0.00197 4691.5
0.00198 4776.6
0.00199 4867.5
0.00200 4964.4
0.00201 5067.4
0.00202 5176.7
0.00203 5292.4
0.00204 5414.8
0.00205 5544.1
0.00206 5680.3
0.00207 5823.6
0.00208 5974.1
0.00209 6132.1
0.00210 6297.5
0.00211 6470.6
0.00212 6651.2
0.00213 6839.7
0.00214 7035.8
0.00215 7239.7
0.00216 7451.3
0.00217 7670.6
0.00218 7897.5
0.00219 8132.0
0.00220 8373.7
0.00221 8622.7
0.00222 8878.7
0.00223 9141.6
0.00224 9411.0
0.00225 9686.7
0.00226 9968.4
0.00227 10255.8
0.00228 10548.7
0.00229 10846.6
0.00230 11149.3
0.00231 11456.4
0.00232 11767.5
0.00233 12082.3
0.00234 12400.5
0.00235 12721.6
0.00236 13045.4
0.00237 13371.6
0.00238 13699.7
0.00239 14029.6
0.00240 14360.8
0.00241 14693.2
0.00242 15026.4
0.00243 15360.3
0.00244 15694.5
0.00245 16028.9
0.00246 16363.2
0.00247 16697.4
0.00248 17031.1
0.00249 17364.2
0.00250 17696.6
0.00251 18028.1
0.00252 18358.7
0.00253 18688.2
0.00254 19016.4
0.00255 19343.3
0.00256 19668.8
0.00257 19992.8
0.00258 20315.1
0.00259 20635.7
0.00260 20954.4
0.00261 21271.3
0.00262 21586.1
0.00263 21898.8
0.00264 22209.3
0.00265 22517.4
0.00266 22823.1
0.00267 23126.2
0.00268 23426.7
0.00269 23724.4
0.00270 24019.1
0.00271 24310.9
0.00272 24599.5
0.00273 24884.8
0.00274 25166.7
0.00275 25445.2
0.00276 25719.9
0.00277 25991.0
0.00278 26258.2
0.00279 26521.5
0.00280 26780.7
0.00281 27035.8
0.00282 27286.6
0.00283 27533.2
0.00284 27775.3
0.00285 28013.1
0.00286 28246.4
0.00287 28475.2
0.00288 28699.4
0.00289 28919.1
0.00290 29134.1
0.00291 29344.6
0.00292 29550.5
0.00293 29751.8
0.00294 29948.6
0.00295 30140.8
0.00296 30328.6
0.00297 30511.9
0.00298 30690.8
0.00299 30865.3
0.00300 31035.5
0.00301 31201.5
0.00302 31363.3
0.00303 31521.0
0.00304 31674.7
0.00305 31824.4
0.00306 31970.2
0.00307 32112.2
0.00308 32250.5
0.00309 32385.1
0.00310 32516.1
0.00311 32643.7
0.00312 32767.8
0.00313 32888.6
0.00314 33006.1
0.00315 33120.5
0.00316 33231.8
0.00317 33340.0
0.00318 33445.3
0.00319 33547.7
0.00320 33647.4
0.00321 33744.3
0.00322 33838.5
0.00323 33930.2
0.00324 34019.4
0.00325 34106.1
0.00326 34190.5
0.00327 34272.6
0.00328 34352.4
0.00329 34430.0
0.00330 34505.5
0.00331 34578.9
0.00332 34650.4
0.00333 34719.8
0.00334 34787.4
0.00335 34853.2
0.00336 34917.1
0.00337 34979.3
0.00338 35039.8
0.00339 35098.7
0.00340 35156.0
0.00341 35211.7
0.00342 35265.9
0.00343 35318.7
0.00344 35370.0
0.00345 35420.0
0.00346 35468.6
0.00347 35515.9
0.00348 35561.9
0.00349 35606.7
0.00350 35650.3
0.00351 35692.7
0.00352 35734.0
0.00353 35774.2
0.00354 35813.4
0.00355 35851.4
0.00356 35888.5
0.00357 35924.6
0.00358 35959.8
0.00359 35994.0
0.00360 36027.3
0.00361 36059.8
0.00362 36091.4
0.00363 36122.1
0.00364 36152.1
0.00365 36181.3
0.00366 36209.7
0.00367 36237.4
0.00368 36264.3
0.00369 36290.6
0.00370 36316.2
0.00371 36341.1
0.00372 36365.3
0.00373 36389.0
0.00374 36412.0
0.00375 36434.5
0.00376 36456.3
0.00377 36477.7
0.00378 36498.4
0.00379 36518.6
0.00380 36538.4
0.00381 36557.6
0.00382 36576.3
0.00383 36594.5
0.00384 36612.3
0.00385 36629.6
0.00386 36646.5
0.00387 36663.0
0.00388 36679.0
0.00389 36694.6
0.00390 36709.9
0.00391 36724.7
0.00392 36739.2
0.00393 36753.3
0.00394 36767.1
0.00395 36780.5
0.00396 36793.6
0.00397 36806.3
0.00398 36818.7
0.00399 36830.8
0.00400 36842.6
0.00401 36854.1
0.00402 36865.3
0.00403 36876.3
0.00404 36886.9
0.00405 36897.3
0.00406 36907.4
0.00407 36917.3
0.00408 36926.9
0.00409 36936.3
0.00410 36945.4
0.00411 36954.3
0.00412 36963.0
0.00413 36971.5
0.00414 36979.7
0.00415 36987.7
0.00416 36995.6
0.00417 37003.2
0.00418 37010.6
0.00419 37017.9
0.00420 37024.9
0.00421 37031.8
0.00422 37038.5
0.00423 37045.1
0.00424 37051.4
0.00425 37057.6
0.00426 37063.6
0.00427 37069.5
0.00428 37075.2
0.00429 37080.8
0.00430 37086.2
0.00431 37091.5
0.00432 37096.6
0.00433 37101.6
0.00434 37106.5
0.00435 37111.3
0.00436 37115.9
0.00437 37120.3
0.00438 37124.7
0.00439 37128.9
0.00440 37133.1
0.00441 37137.1
0.00442 37141.0
0.00443 37144.8
0.00444 37148.5
0.00445 37152.0
0.00446 37155.5
0.00447 37158.9
0.00448 37162.2
0.00449 37165.3
0.00450 37168.4
0.00451 37171.4
0.00452 37174.3
0.00453 37177.1
0.00454 37179.9
0.00455 37182.5
0.00456 37185.1
0.00457 37187.6
0.00458 37190.0
0.00459 37192.3
0.00460 37194.5
0.00461 37196.7
0.00462 37198.8
0.00463 37200.8
0.00464 37202.8
0.00465 37204.7
0.00466 37206.5
0.00467 37208.3
0.00468 37210.0
0.00469 37211.6
0.00470 37213.2
0.00471 37214.7
0.00472 37216.1
0.00473 37217.5
0.00474 37218.8
0.00475 37220.1
0.00476 37221.3
0.00477 37222.5
0.00478 37223.6
0.00479 37224.7
0.00480 37225.7
0.00481 37226.6
0.00482 37227.5
0.00483 37228.4
0.00484 37229.2
0.00485 37230.0
0.00486 37230.7
0.00487 37231.4
0.00488 37232.0
0.00489 37232.6
0.00490 37233.2
0.00491 37233.7
0.00492 37234.1
0.00493 37234.6
0.00494 37234.9
0.00495 37235.3
0.00496 37235.6
0.00497 37235.9
0.00498 37236.1
0.00499 37236.3
0.00500 37236.5
0.00501 37236.6
0.00502 37236.7
0.00503 37236.8
0.00504 37236.8
0.00505 37236.8
0.00506 37236.7
0.00507 37236.7
0.00508 37236.6
0.00509 37236.5
0.00510 37236.3
0.00511 37236.1
0.00512 37235.9
0.00513 37235.7
0.00514 37235.4
0.00515 37235.1
0.00516 37234.8
0.00517 37234.4
0.00518 37234.0
0.00519 37233.6
0.00520 37233.2
0.00521 37232.7
0.00522 37232.3
0.00523 37231.8
0.00524 37231.2
0.00525 37230.7
0.00526 37230.1
0.00527 37229.5
0.00528 37228.9
0.00529 37228.3
0.00530 37227.6
0.00531 37226.9
0.00532 37226.2
0.00533 37225.5
0.00534 37224.8
0.00535 37224.0
0.00536 37223.2
0.00537 37222.4
0.00538 37221.6
0.00539 37220.8
0.00540 37219.9
0.00541 37219.1
0.00542 37218.2
0.00543 37217.3
0.00544 37216.3
0.00545 37215.4
0.00546 37214.4
0.00547 37213.4
0.00548 37212.5
0.00549 37211.4
0.00550 37210.4
0.00551 37209.4
0.00552 37208.3
0.00553 37207.3
0.00554 37206.2
0.00555 37205.1
0.00556 37204.0
0.00557 37202.8
0.00558 37201.7
0.00559 37200.5
0.00560 37199.3
0.00561 37198.2
0.00562 37197.0
0.00563 37195.8
0.00564 37194.5
0.00565 37193.3
0.00566 37192.0
0.00567 37190.8
0.00568 37189.5
0.00569 37188.2
0.00570 37186.9
0.00571 37185.6
0.00572 37184.3
0.00573 37183.0
0.00574 37181.6
0.00575 37180.3
0.00576 37178.9
0.00577 37177.5
0.00578 37176.1
0.00579 37174.7
0.00580 37173.3
0.00581 37171.9
0.00582 37170.5
0.00583 37169.0
0.00584 37167.6
0.00585 37166.1
0.00586 37164.7
0.00587 37163.2
0.00588 37161.7
0.00589 37160.2
0.00590 37158.7
0.00591 37157.2
0.00592 37155.6
0.00593 37154.1
0.00594 37152.6
0.00595 37151.0
0.00596 37149.5
0.00597 37147.9
0.00598 37146.3
0.00599 37144.7
0.00600 37143.1
0.00601 37141.5
0.00602 37139.9
0.00603 37138.3
0.00604 37136.7
0.00605 37135.1
0.00606 37133.4
0.00607 37131.8
0.00608 37130.1
0.00609 37128.5
0.00610 37126.8
0.00611 37125.1
0.00612 37123.4
0.00613 37121.7
0.00614 37120.1
0.00615 37118.4
0.00616 37116.6
0.00617 37114.9
0.00618 37113.2
0.00619 37111.5
0.00620 37109.7
0.00621 37108.0
0.00622 37106.3
0.00623 37104.5
0.00624 37102.7
0.00625 37101.0
0.00626 37099.2
0.00627 37097.4
0.00628 37095.7
0.00629 37093.9
0.00630 37092.1
0.00631 37090.3
0.00632 37088.5
0.00633 37086.7
0.00634 37084.9
0.00635 37083.0
0.00636 37081.2
0.00637 37079.4
0.00638 37077.5
0.00639 37075.7
0.00640 37073.9
0.00641 37072.0
0.00642 37070.2
0.00643 37068.3
0.00644 37066.4
0.00645 37064.6
0.00646 37062.7
0.00647 37060.8
0.00648 37058.9
0.00649 37057.0
0.00650 37055.1
0.00651 37053.3
0.00652 37051.4
0.00653 37049.4
0.00654 37047.5
0.00655 37045.6
0.00656 37043.7
0.00657 37041.8
0.00658 37039.9
0.00659 37037.9
0.00660 37036.0
0.00661 37034.1
0.00662 37032.1
0.00663 37030.2
0.00664 37028.2
0.00665 37026.3
0.00666 37024.3
0.00667 37022.4
0.00668 37020.4
0.00669 37018.5
0.00670 37016.5
0.00671 37014.5
0.00672 37012.5
0.00673 37010.6
0.00674 37008.6
0.00675 37006.6
0.00676 37004.6
0.00677 37002.6
0.00678 37000.6
0.00679 36998.6
0.00680 36996.6
0.00681 36994.6
0.00682 36992.6
0.00683 36990.6
0.00684 36988.6
0.00685 36986.6
0.00686 36984.6
0.00687 36982.5
0.00688 36980.5
0.00689 36978.5
0.00690 36976.5
0.00691 36974.4
0.00692 36972.4
0.00693 36970.4
0.00694 36968.3
0.00695 36966.3
0.00696 36964.2
0.00697 36962.2
0.00698 36960.2
0.00699 36958.1
0.00700 36956.1
0.00701 36954.0
0.00702 36951.9
0.00703 36949.9
0.00704 36947.8
0.00705 36945.8
0.00706 36943.7
0.00707 36941.6
0.00708 36939.6
0.00709 36937.5
0.00710 36935.4
0.00711 36933.3
0.00712 36931.3
0.00713 36929.2
0.00714 36927.1
0.00715 36925.0
0.00716 36922.9
0.00717 36920.9
0.00718 36918.8
0.00719 36916.7
0.00720 36914.6
0.00721 36912.5
0.00722 36910.4
0.00723 36908.3
0.00724 36906.2
0.00725 36904.1
0.00726 36902.0
0.00727 36899.9
0.00728 36897.8
0.00729 36895.7
0.00730 36893.6
0.00731 36891.5
0.00732 36889.4
0.00733 36887.3
0.00734 36885.2
0.00735 36883.0
0.00736 36880.9
0.00737 36878.8
0.00738 36876.7
0.00739 36874.6
0.00740 36872.5
0.00741 36870.3
0.00742 36868.2
0.00743 36866.1
0.00744 36864.0
0.00745 36861.9
0.00746 36859.7
0.00747 36857.6
0.00748 36855.5
0.00749 36853.3
0.00750 36851.2
0.00751 36849.1
0.00752 36847.0
0.00753 36844.8
0.00754 36842.7
0.00755 36840.6
0.00756 36838.4
0.00757 36836.3
0.00758 36834.2
0.00759 36832.0
0.00760 36829.9
0.00761 36827.7
0.00762 36825.6
0.00763 36823.5
0.00764 36821.3
0.00765 36819.2
0.00766 36817.1
0.00767 36814.9
0.00768 36812.8
0.00769 36810.6
0.00770 36808.5
0.00771 36806.3
0.00772 36804.2
0.00773 36802.1
0.00774 36799.9
0.00775 36797.8
0.00776 36795.6
0.00777 36793.5
0.00778 36791.3
0.00779 36789.2
0.00780 36787.0
0.00781 36784.9
0.00782 36782.7
0.00783 36780.6
0.00784 36778.5
0.00785 36776.3
0.00786 36774.2
0.00787 36772.0
0.00788 36769.9
0.00789 36767.7
0.00790 36765.6
0.00791 36763.4
0.00792 36761.3
0.00793 36759.1
0.00794 36757.0
0.00795 36754.8
0.00796 36752.7
0.00797 36750.5
0.00798 36748.4
0.00799 36746.2
0.00800 36744.1
0.00801 36741.9
0.00802 36739.8
0.00803 36737.6
0.00804 36735.5
0.00805 36733.3
0.00806 36731.2
0.00807 36729.1
0.00808 36726.9
0.00809 36724.8
0.00810 36722.6
0.00811 36720.5
0.00812 36718.3
0.00813 36716.2
0.00814 36714.0
0.00815 36711.9
0.00816 36709.7
0.00817 36707.6
0.00818 36705.4
0.00819 36703.3
0.00820 36701.2
0.00821 36699.0
0.00822 36696.9
0.00823 36694.7
0.00824 36692.6
0.00825 36690.4
0.00826 36688.3
0.00827 36686.2
0.00828 36684.0
0.00829 36681.9
0.00830 36679.7
0.00831 36677.6
0.00832 36675.5
0.00833 36673.3
0.00834 36671.2
0.00835 36669.1
0.00836 36666.9
0.00837 36664.8
0.00838 36662.7
0.00839 36660.5
0.00840 36658.4
0.00841 36656.3
0.00842 36654.1
0.00843 36652.0
0.00844 36649.9
0.00845 36647.7
0.00846 36645.6
0.00847 36643.5
0.00848 36641.3
0.00849 36639.2
0.00850 36637.1
0.00851 36635.0
0.00852 36632.8
0.00853 36630.7
0.00854 36628.6
0.00855 36626.5
0.00856 36624.4
0.00857 36622.2
0.00858 36620.1
0.00859 36618.0
0.00860 36615.9
0.00861 36613.8
0.00862 36611.7
0.00863 36609.5
0.00864 36607.4
0.00865 36605.3
0.00866 36603.2
0.00867 36601.1
0.00868 36599.0
0.00869 36596.9
0.00870 36594.8
0.00871 36592.7
0.00872 36590.5
0.00873 36588.4
0.00874 36586.3
0.00875 36584.2
0.00876 36582.1
0.00877 36580.0
0.00878 36577.9
0.00879 36575.8
0.00880 36573.7
0.00881 36571.6
0.00882 36569.5
0.00883 36567.5
0.00884 36565.4
0.00885 36563.3
0.00886 36561.2
0.00887 36559.1
0.00888 36557.0
0.00889 36554.9
0.00890 36552.8
0.00891 36550.7
0.00892 36548.7
0.00893 36546.6
0.00894 36544.5
0.00895 36542.4
0.00896 36540.3
0.00897 36538.3
0.00898 36536.2
0.00899 36534.1
0.00900 36532.0
0.00901 36530.0
0.00902 36527.9
0.00903 36525.8
0.00904 36523.8
0.00905 36521.7
0.00906 36519.6
0.00907 36517.6
0.00908 36515.5
0.00909 36513.5
0.00910 36511.4
0.00911 36509.3
0.00912 36507.3
0.00913 36505.2
0.00914 36503.2
0.00915 36501.1
0.00916 36499.1
0.00917 36497.0
0.00918 36495.0
0.00919 36492.9
0.00920 36490.9
0.00921 36488.8
0.00922 36486.8
0.00923 36484.8
0.00924 36482.7
0.00925 36480.7
0.00926 36478.6
0.00927 36476.6
0.00928 36474.6
0.00929 36472.5
0.00930 36470.5
0.00931 36468.5
0.00932 36466.5
0.00933 36464.4
0.00934 36462.4
0.00935 36460.4
0.00936 36458.4
0.00937 36456.4
0.00938 36454.3
0.00939 36452.3
0.00940 36450.3
0.00941 36448.3
0.00942 36446.3
0.00943 36444.3
0.00944 36442.3
0.00945 36440.3
0.00946 36438.3
0.00947 36436.3
0.00948 36434.3
0.00949 36432.3
0.00950 36430.3
0.00951 36428.3
0.00952 36426.3
0.00953 36424.3
0.00954 36422.3
0.00955 36420.3
0.00956 36418.3
0.00957 36416.3
0.00958 36414.4
0.00959 36412.4
0.00960 36410.4
0.00961 36408.4
0.00962 36406.4
0.00963 36404.5
0.00964 36402.5
0.00965 36400.5
0.00966 36398.6
0.00967 36396.6
0.00968 36394.6
0.00969 36392.7
0.00970 36390.7
0.00971 36388.7
0.00972 36386.8
0.00973 36384.8
0.00974 36382.9
0.00975 36380.9
0.00976 36379.0
0.00977 36377.0
0.00978 36375.1
0.00979 36373.1
0.00980 36371.2
0.00981 36369.2
0.00982 36367.3
0.00983 36365.4
0.00984 36363.4
0.00985 36361.5
0.00986 36359.6
0.00987 36357.6
0.00988 36355.7
0.00989 36353.8
0.00990 36351.9
0.00991 36349.9
0.00992 36348.0
0.00993 36346.1
0.00994 36344.2
0.00995 36342.3
0.00996 36340.4
0.00997 36338.4
0.00998 36336.5
0.00999 36334.6
0.01000 36332.7
0.01001 36330.8
0.01002 36328.9
0.01003 36327.0
0.01004 36325.1
0.01005 36323.2
0.01006 36321.3
0.01007 36319.4
0.01008 36317.6
0.01009 36315.7
0.01010 36313.8
0.01011 36311.9
0.01012 36310.0
0.01013 36308.1
0.01014 36306.3
0.01015 36304.4
0.01016 36302.5
0.01017 36300.6
0.01018 36298.8
0.01019 36296.9
0.01020 36295.1
0.01021 36293.2
0.01022 36291.3
0.01023 36289.5
0.01024 36287.6
0.01025 36285.8
0.01026 36283.9
0.01027 36282.1
0.01028 36280.2
0.01029 36278.4
0.01030 36276.5
0.01031 36274.7
0.01032 36272.8
0.01033 36271.0
0.01034 36269.2
0.01035 36267.3
0.01036 36265.5
0.01037 36263.7
0.01038 36261.8
0.01039 36260.0
0.01040 36258.2
0.01041 36256.4
0.01042 36254.6
0.01043 36252.7
0.01044 36250.9
0.01045 36249.1
0.01046 36247.3
0.01047 36245.5
0.01048 36243.7
0.01049 36241.9
0.01050 36240.1
0.01051 36238.3
0.01052 36236.5
0.01053 36234.7
0.01054 36232.9
0.01055 36231.1
0.01056 36229.3
0.01057 36227.5
0.01058 36225.7
0.01059 36224.0
0.01060 36222.2
0.01061 36220.4
0.01062 36218.6
0.01063 36216.9
0.01064 36215.1
0.01065 36213.3
0.01066 36211.5
0.01067 36209.8
0.01068 36208.0
0.01069 36206.3
0.01070 36204.5
0.01071 36202.7
0.01072 36201.0
0.01073 36199.2
0.01074 36197.5
0.01075 36195.7
0.01076 36194.0
0.01077 36192.3
0.01078 36190.5
0.01079 36188.8
0.01080 36187.0
0.01081 36185.3
0.01082 36183.6
0.01083 36181.8
0.01084 36180.1
0.01085 36178.4
0.01086 36176.7
0.01087 36174.9
0.01088 36173.2
0.01089 36171.5
0.01090 36169.8
0.01091 36168.1
0.01092 36166.4
0.01093 36164.7
0.01094 36163.0
0.01095 36161.3
0.01096 36159.6
0.01097 36157.9
0.01098 36156.2
0.01099 36154.5
0.01100 36152.8
0.01101 36151.1
0.01102 36149.4
0.01103 36147.7
0.01104 36146.0
0.01105 36144.3
0.01106 36142.7
0.01107 36141.0
0.01108 36139.3
0.01109 36137.6
0.01110 36136.0
0.01111 36134.3
0.01112 36132.6
0.01113 36131.0
0.01114 36129.3
0.01115 36127.7
0.01116 36126.0
0.01117 36124.3
0.01118 36122.7
0.01119 36121.0
0.01120 36119.4
0.01121 36117.7
0.01122 36116.1
0.01123 36114.5
0.01124 36112.8
0.01125 36111.2
0.01126 36109.6
0.01127 36107.9
0.01128 36106.3
0.01129 36104.7
0.01130 36103.0
0.01131 36101.4
0.01132 36099.8
0.01133 36098.2
0.01134 36096.6
0.01135 36094.9
0.01136 36093.3
0.01137 36091.7
0.01138 36090.1
0.01139 36088.5
0.01140 36086.9
0.01141 36085.3
0.01142 36083.7
0.01143 36082.1
0.01144 36080.5
0.01145 36078.9
0.01146 36077.3
0.01147 36075.8
0.01148 36074.2
0.01149 36072.6
0.01150 36071.0
0.01151 36069.4
0.01152 36067.8
0.01153 36066.3
0.01154 36064.7
0.01155 36063.1
0.01156 36061.6
0.01157 36060.0
0.01158 36058.4
0.01159 36056.9
0.01160 36055.3
0.01161 36053.8
0.01162 36052.2
0.01163 36050.7
0.01164 36049.1
0.01165 36047.6
0.01166 36046.0
0.01167 36044.5
0.01168 36042.9
0.01169 36041.4
0.01170 36039.9
0.01171 36038.3
0.01172 36036.8
0.01173 36035.3
0.01174 36033.8
0.01175 36032.2
0.01176 36030.7
0.01177 36029.2
0.01178 36027.7
0.01179 36026.2
0.01180 36024.6
0.01181 36023.1
0.01182 36021.6
0.01183 36020.1
0.01184 36018.6
0.01185 36017.1
0.01186 36015.6
0.01187 36014.1
0.01188 36012.6
0.01189 36011.1
0.01190 36009.6
0.01191 36008.1
0.01192 36006.7
0.01193 36005.2
0.01194 36003.7
0.01195 36002.2
0.01196 36000.7
0.01197 35999.3
0.01198 35997.8
0.01199 35996.3
0.01200 35994.9
0.01201 35993.4
0.01202 35991.9
0.01203 35990.5
0.01204 35989.0
0.01205 35987.5
0.01206 35986.1
0.01207 35984.6
0.01208 35983.2
0.01209 35981.7
0.01210 35980.3
0.01211 35978.8
0.01212 35977.4
0.01213 35976.0
0.01214 35974.5
0.01215 35973.1
0.01216 35971.7
0.01217 35970.2
0.01218 35968.8
0.01219 35967.4
0.01220 35966.0
0.01221 35964.5
0.01222 35963.1
0.01223 35961.7
0.01224 35960.3
0.01225 35958.9
0.01226 35957.5
0.01227 35956.0
0.01228 35954.6
0.01229 35953.2
0.01230 35951.8
0.01231 35950.4
0.01232 35949.0
0.01233 35947.6
0.01234 35946.2
0.01235 35944.9
0.01236 35943.5
0.01237 35942.1
0.01238 35940.7
0.01239 35939.3
0.01240 35937.9
0.01241 35936.6
0.01242 35935.2
0.01243 35933.8
0.01244 35932.4
0.01245 35931.1
0.01246 35929.7
0.01247 35928.3
0.01248 35927.0
0.01249 35925.6
0.01250 35924.3
0.01251 35922.9
0.01252 35921.5
0.01253 35920.2
0.01254 35918.8
0.01255 35917.5
0.01256 35916.2
0.01257 35914.8
0.01258 35913.5
0.01259 35912.1
0.01260 35910.8
0.01261 35909.5
0.01262 35908.1
0.01263 35906.8
0.01264 35905.5
0.01265 35904.1
0.01266 35902.8
0.01267 35901.5
0.01268 35900.2
0.01269 35898.9
0.01270 35897.5
0.01271 35896.2
0.01272 35894.9
0.01273 35893.6
0.01274 35892.3
0.01275 35891.0
0.01276 35889.7
0.01277 35888.4
0.01278 35887.1
0.01279 35885.8
0.01280 35884.5
0.01281 35883.2
0.01282 35881.9
0.01283 35880.6
0.01284 35879.4
0.01285 35878.1
0.01286 35876.8
0.01287 35875.5
0.01288 35874.2
0.01289 35873.0
0.01290 35871.7
0.01291 35870.4
0.01292 35869.1
0.01293 35867.9
0.01294 35866.6
0.01295 35865.3
0.01296 35864.1
0.01297 35862.8
0.01298 35861.6
0.01299 35860.3
0.01300 35859.1
0.01301 35857.8
0.01302 35856.6
0.01303 35855.3
0.01304 35854.1
0.01305 35852.8
0.01306 35851.6
0.01307 35850.4
0.01308 35849.1
0.01309 35847.9
0.01310 35846.7
0.01311 35845.4
0.01312 35844.2
0.01313 35843.0
0.01314 35841.8
0.01315 35840.5
0.01316 35839.3
0.01317 35838.1
0.01318 35836.9
0.01319 35835.7
0.01320 35834.5
0.01321 35833.3
0.01322 35832.0
0.01323 35830.8
0.01324 35829.6
0.01325 35828.4
0.01326 35827.2
0.01327 35826.0
0.01328 35824.8
0.01329 35823.7
0.01330 35822.5
0.01331 35821.3
0.01332 35820.1
0.01333 35818.9
0.01334 35817.7
0.01335 35816.5
0.01336 35815.4
0.01337 35814.2
0.01338 35813.0
0.01339 35811.8
0.01340 35810.7
0.01341 35809.5
0.01342 35808.3
0.01343 35807.2
0.01344 35806.0
0.01345 35804.8
0.01346 35803.7
0.01347 35802.5
0.01348 35801.4
0.01349 35800.2
0.01350 35799.1
0.01351 35797.9
0.01352 35796.8
0.01353 35795.6
0.01354 35794.5
0.01355 35793.4
0.01356 35792.2
0.01357 35791.1
0.01358 35789.9
0.01359 35788.8
0.01360 35787.7
0.01361 35786.5
0.01362 35785.4
0.01363 35784.3
0.01364 35783.2
0.01365 35782.0
0.01366 35780.9
0.01367 35779.8
0.01368 35778.7
0.01369 35777.6
0.01370 35776.5
0.01371 35775.4
0.01372 35774.3
0.01373 35773.1
0.01374 35772.0
0.01375 35770.9
0.01376 35769.8
0.01377 35768.7
0.01378 35767.6
0.01379 35766.6
0.01380 35765.5
0.01381 35764.4
0.01382 35763.3
0.01383 35762.2
0.01384 35761.1
0.01385 35760.0
0.01386 35758.9
0.01387 35757.9
0.01388 35756.8
0.01389 35755.7
0.01390 35754.6
0.01391 35753.6
0.01392 35752.5
0.01393 35751.4
0.01394 35750.4
0.01395 35749.3
0.01396 35748.2
0.01397 35747.2
0.01398 35746.1
0.01399 35745.1
0.01400 35744.0
0.01401 35743.0
0.01402 35741.9
0.01403 35740.9
0.01404 35739.8
0.01405 35738.8
0.01406 35737.7
0.01407 35736.7
0.01408 35735.6
0.01409 35734.6
0.01410 35733.6
0.01411 35732.5
0.01412 35731.5
0.01413 35730.5
0.01414 35729.4
0.01415 35728.4
0.01416 35727.4
0.01417 35726.4
0.01418 35725.3
0.01419 35724.3
0.01420 35723.3
0.01421 35722.3
0.01422 35721.3
0.01423 35720.3
0.01424 35719.3
0.01425 35718.2
0.01426 35717.2
0.01427 35716.2
0.01428 35715.2
0.01429 35714.2
0.01430 35713.2
0.01431 35712.2
0.01432 35711.2
0.01433 35710.2
0.01434 35709.2
0.01435 35708.3
0.01436 35707.3
0.01437 35706.3
0.01438 35705.3
0.01439 35704.3
0.01440 35703.3
0.01441 35702.3
0.01442 35701.4
0.01443 35700.4
0.01444 35699.4
0.01445 35698.4
0.01446 35697.5
0.01447 35696.5
0.01448 35695.5
0.01449 35694.6
0.01450 35693.6
0.01451 35692.6
0.01452 35691.7
0.01453 35690.7
0.01454 35689.8
0.01455 35688.8
0.01456 35687.8
0.01457 35686.9
0.01458 35685.9
0.01459 35685.0
0.01460 35684.0
0.01461 35683.1
0.01462 35682.2
0.01463 35681.2
0.01464 35680.3
0.01465 35679.3
0.01466 35678.4
0.01467 35677.5
0.01468 35676.5
0.01469 35675.6
0.01470 35674.7
0.01471 35673.7
0.01472 35672.8
0.01473 35671.9
0.01474 35671.0
0.01475 35670.0
0.01476 35669.1
0.01477 35668.2
0.01478 35667.3
0.01479 35666.4
0.01480 35665.4
0.01481 35664.5
0.01482 35663.6
0.01483 35662.7
0.01484 35661.8
0.01485 35660.9
0.01486 35660.0
0.01487 35659.1
0.01488 35658.2
0.01489 35657.3
0.01490 35656.4
0.01491 35655.5
0.01492 35654.6
0.01493 35653.7
0.01494 35652.8
0.01495 35651.9
0.01496 35651.1
0.01497 35650.2
0.01498 35649.3
0.01499 35648.4
0.01500 35647.5
0.01501 35646.6
0.01502 35645.8
0.01503 35644.9
0.01504 35644.0
0.01505 35643.1
0.01506 35642.3
0.01507 35641.4
0.01508 35640.5
0.01509 35639.7
0.01510 35638.8
0.01511 35637.9
0.01512 35637.1
0.01513 35636.2
0.01514 35635.4
0.01515 35634.5
0.01516 35633.6
0.01517 35632.8
0.01518 35631.9
0.01519 35631.1
0.01520 35630.2
0.01521 35629.4
0.01522 35628.5
0.01523 35627.7
0.01524 35626.9
0.01525 35626.0
0.01526 35625.2
0.01527 35624.3
0.01528 35623.5
0.01529 35622.7
0.01530 35621.8
0.01531 35621.0
0.01532 35620.2
0.01533 35619.3
0.01534 35618.5
0.01535 35617.7
0.01536 35616.9
0.01537 35616.0
0.01538 35615.2
0.01539 35614.4
0.01540 35613.6
0.01541 35612.8
0.01542 35612.0
0.01543 35611.1
0.01544 35610.3
0.01545 35609.5
0.01546 35608.7
0.01547 35607.9
0.01548 35607.1
0.01549 35606.3
0.01550 35605.5
0.01551 35604.7
0.01552 35603.9
0.01553 35603.1
0.01554 35602.3
0.01555 35601.5
0.01556 35600.7
0.01557 35599.9
0.01558 35599.1
0.01559 35598.3
0.01560 35597.5
0.01561 35596.7
0.01562 35596.0
0.01563 35595.2
0.01564 35594.4
0.01565 35593.6
0.01566 35592.8
0.01567 35592.1
0.01568 35591.3
0.01569 35590.5
0.01570 35589.7
0.01571 35589.0
0.01572 35588.2
0.01573 35587.4
0.01574 35586.6
0.01575 35585.9
0.01576 35585.1
0.01577 35584.4
0.01578 35583.6
0.01579 35582.8
0.01580 35582.1
0.01581 35581.3
0.01582 35580.6
0.01583 35579.8
0.01584 35579.0
0.01585 35578.3
0.01586 35577.5
0.01587 35576.8
0.01588 35576.0
0.01589 35575.3
0.01590 35574.6
0.01591 35573.8
0.01592 35573.1
0.01593 35572.3
0.01594 35571.6
0.01595 35570.8
0.01596 35570.1
0.01597 35569.4
0.01598 35568.6
0.01599 35567.9
0.01600 35567.2
0.01601 35566.4
0.01602 35565.7
0.01603 35565.0
0.01604 35564.3
0.01605 35563.5
0.01606 35562.8
0.01607 35562.1
0.01608 35561.4
0.01609 35560.7
0.01610 35559.9
0.01611 35559.2
0.01612 35558.5
0.01613 35557.8
0.01614 35557.1
0.01615 35556.4
0.01616 35555.7
0.01617 35554.9
0.01618 35554.2
0.01619 35553.5
0.01620 35552.8
0.01621 35552.1
0.01622 35551.4
0.01623 35550.7
0.01624 35550.0
0.01625 35549.3
0.01626 35548.6
0.01627 35547.9
0.01628 35547.2
0.01629 35546.5
0.01630 35545.9
0.01631 35545.2
0.01632 35544.5
0.01633 35543.8
0.01634 35543.1
0.01635 35542.4
0.01636 35541.7
0.01637 35541.1
0.01638 35540.4
0.01639 35539.7
0.01640 35539.0
0.01641 35538.3
0.01642 35537.7
0.01643 35537.0
0.01644 35536.3
0.01645 35535.6
0.01646 35535.0
0.01647 35534.3
0.01648 35533.6
0.01649 35533.0
0.01650 35532.3
0.01651 35531.6
0.01652 35531.0
0.01653 35530.3
0.01654 35529.7
0.01655 35529.0
0.01656 35528.3
0.01657 35527.7
0.01658 35527.0
0.01659 35526.4
0.01660 35525.7
0.01661 35525.1
0.01662 35524.4
0.01663 35523.8
0.01664 35523.1
0.01665 35522.5
0.01666 35521.8
0.01667 35521.2
0.01668 35520.5
0.01669 35519.9
0.01670 35519.3
0.01671 35518.6
0.01672 35518.0
0.01673 35517.3
0.01674 35516.7
0.01675 35516.1
0.01676 35515.4
0.01677 35514.8
0.01678 35514.2
0.01679 35513.5
0.01680 35512.9
0.01681 35512.3
0.01682 35511.7
0.01683 35511.0
0.01684 35510.4
0.01685 35509.8
0.01686 35509.2
0.01687 35508.5
0.01688 35507.9
0.01689 35507.3
0.01690 35506.7
0.01691 35506.1
0.01692 35505.5
0.01693 35504.8
0.01694 35504.2
0.01695 35503.6
0.01696 35503.0
0.01697 35502.4
0.01698 35501.8
0.01699 35501.2
0.01700 35500.6
0.01701 35500.0
0.01702 35499.4
0.01703 35498.8
0.01704 35498.2
0.01705 35497.6
0.01706 35497.0
0.01707 35496.4
0.01708 35495.8
0.01709 35495.2
0.01710 35494.6
0.01711 35494.0
0.01712 35493.4
0.01713 35492.8
0.01714 35492.2
0.01715 35491.6
0.01716 35491.1
0.01717 35490.5
0.01718 35489.9
0.01719 35489.3
0.01720 35488.7
0.01721 35488.1
0.01722 35487.6
0.01723 35487.0
0.01724 35486.4
0.01725 35485.8
0.01726 35485.2
0.01727 35484.7
0.01728 35484.1
0.01729 35483.5
0.01730 35483.0
0.01731 35482.4
0.01732 35481.8
0.01733 35481.2
0.01734 35480.7
0.01735 35480.1
0.01736 35479.5
0.01737 35479.0
0.01738 35478.4
0.01739 35477.9
0.01740 35477.3
0.01741 35476.7
0.01742 35476.2
0.01743 35475.6
0.01744 35475.1
0.01745 35474.5
0.01746 35474.0
0.01747 35473.4
0.01748 35472.9
0.01749 35472.3
0.01750 35471.7
0.01751 35471.2
0.01752 35470.7
0.01753 35470.1
0.01754 35469.6
0.01755 35469.0
0.01756 35468.5
0.01757 35467.9
0.01758 35467.4
0.01759 35466.8
0.01760 35466.3
0.01761 35465.8
0.01762 35465.2
0.01763 35464.7
0.01764 35464.2
0.01765 35463.6
0.01766 35463.1
0.01767 35462.6
0.01768 35462.0
0.01769 35461.5
0.01770 35461.0
0.01771 35460.4
0.01772 35459.9
0.01773 35459.4
0.01774 35458.9
0.01775 35458.3
0.01776 35457.8
0.01777 35457.3
0.01778 35456.8
0.01779 35456.2
0.01780 35455.7
0.01781 35455.2
0.01782 35454.7
0.01783 35454.2
0.01784 35453.7
0.01785 35453.1
0.01786 35452.6
0.01787 35452.1
0.01788 35451.6
0.01789 35451.1
0.01790 35450.6
0.01791 35450.1
0.01792 35449.6
0.01793 35449.1
0.01794 35448.6
0.01795 35448.1
0.01796 35447.6
0.01797 35447.0
0.01798 35446.5
0.01799 35446.0
0.01800 35445.5
0.01801 35445.0
0.01802 35444.6
0.01803 35444.1
0.01804 35443.6
0.01805 35443.1
0.01806 35442.6
0.01807 35442.1
0.01808 35441.6
0.01809 35441.1
0.01810 35440.6
0.01811 35440.1
0.01812 35439.6
0.01813 35439.1
0.01814 35438.6
0.01815 35438.2
0.01816 35437.7
0.01817 35437.2
0.01818 35436.7
0.01819 35436.2
0.01820 35435.8
0.01821 35435.3
0.01822 35434.8
0.01823 35434.3
0.01824 35433.8
0.01825 35433.4
0.01826 35432.9
0.01827 35432.4
0.01828 35431.9
0.01829 35431.5
0.01830 35431.0
0.01831 35430.5
0.01832 35430.0
0.01833 35429.6
0.01834 35429.1
0.01835 35428.6
0.01836 35428.2
0.01837 35427.7
0.01838 35427.2
0.01839 35426.8
0.01840 35426.3
0.01841 35425.9
0.01842 35425.4
0.01843 35424.9
0.01844 35424.5
0.01845 35424.0
0.01846 35423.6
0.01847 35423.1
0.01848 35422.7
0.01849 35422.2
0.01850 35421.7
0.01851 35421.3
0.01852 35420.8
0.01853 35420.4
0.01854 35419.9
0.01855 35419.5
0.01856 35419.0
0.01857 35418.6
0.01858 35418.1
0.01859 35417.7
0.01860 35417.2
0.01861 35416.8
0.01862 35416.4
0.01863 35415.9
0.01864 35415.5
0.01865 35415.0
0.01866 35414.6
0.01867 35414.2
0.01868 35413.7
0.01869 35413.3
0.01870 35412.8
0.01871 35412.4
0.01872 35412.0
0.01873 35411.5
0.01874 35411.1
0.01875 35410.7
0.01876 35410.2
0.01877 35409.8
0.01878 35409.4
0.01879 35408.9
0.01880 35408.5
0.01881 35408.1
0.01882 35407.7
0.01883 35407.2
0.01884 35406.8
0.01885 35406.4
0.01886 35406.0
0.01887 35405.5
0.01888 35405.1
0.01889 35404.7
0.01890 35404.3
0.01891 35403.9
0.01892 35403.4
0.01893 35403.0
0.01894 35402.6
0.01895 35402.2
0.01896 35401.8
0.01897 35401.4
0.01898 35400.9
0.01899 35400.5
0.01900 35400.1
0.01901 35399.7
0.01902 35399.3
0.01903 35398.9
0.01904 35398.5
0.01905 35398.1
0.01906 35397.7
0.01907 35397.3
0.01908 35396.8
0.01909 35396.4
0.01910 35396.0
0.01911 35395.6
0.01912 35395.2
0.01913 35394.8
0.01914 35394.4
0.01915 35394.0
0.01916 35393.6
0.01917 35393.2
0.01918 35392.8
0.01919 35392.4
0.01920 35392.0
0.01921 35391.6
0.01922 35391.2
0.01923 35390.8
0.01924 35390.5
0.01925 35390.1
0.01926 35389.7
0.01927 35389.3
0.01928 35388.9
0.01929 35388.5
0.01930 35388.1
0.01931 35387.7
0.01932 35387.3
0.01933 35386.9
0.01934 35386.6
0.01935 35386.2
0.01936 35385.8
0.01937 35385.4
0.01938 35385.0
0.01939 35384.6
0.01940 35384.3
0.01941 35383.9
0.01942 35383.5
0.01943 35383.1
0.01944 35382.7
0.01945 35382.4
0.01946 35382.0
0.01947 35381.6
0.01948 35381.2
0.01949 35380.8
0.01950 35380.5
0.01951 35380.1
0.01952 35379.7
0.01953 35379.4
0.01954 35379.0
0.01955 35378.6
0.01956 35378.2
0.01957 35377.9
0.01958 35377.5
0.01959 35377.1
0.01960 35376.8
0.01961 35376.4
0.01962 35376.0
0.01963 35375.7
0.01964 35375.3
0.01965 35374.9
0.01966 35374.6
0.01967 35374.2
0.01968 35373.8
0.01969 35373.5
0.01970 35373.1
0.01971 35372.8
0.01972 35372.4
0.01973 35372.1
0.01974 35371.7
0.01975 35371.3
0.01976 35371.0
0.01977 35370.6
0.01978 35370.3
0.01979 35369.9
0.01980 35369.6
0.01981 35369.2
0.01982 35368.9
0.01983 35368.5
0.01984 35368.2
0.01985 35367.8
0.01986 35367.5
0.01987 35367.1
0.01988 35366.8
0.01989 35366.4
0.01990 35366.1
0.01991 35365.7
0.01992 35365.4
0.01993 35365.0
0.01994 35364.7
0.01995 35364.3
0.01996 35364.0
0.01997 35363.6
0.01998 35363.3
0.01999 35363.0
0.02000 35159.8
0.02001 35159.8
0.02002 35159.8
0.02003 35159.8
0.02004 35159.8
0.02005 35159.8
0.02006 35159.8
0.02007 35159.8
0.02008 35159.8
0.02009 35159.8
0.02010 35159.8
0.02011 35159.8
0.02012 35159.8
0.02013 35159.8
0.02014 35159.8
0.02015 35159.8
0.02016 35159.8
0.02017 35159.8
0.02018 35159.8
0.02019 35159.8
0.02020 35159.8
0.02021 35159.8
0.02022 35159.8
0.02023 35159.8
0.02024 35159.8
0.02025 35159.8
0.02026 35159.8
0.02027 35159.8
0.02028 35159.8
0.02029 35159.8
0.02030 35159.8
0.02031 35159.8
0.02032 35159.8
0.02033 35159.8
0.02034 35159.8
0.02035 35159.8
0.02036 35159.8
0.02037 35159.8
0.02038 35159.8
0.02039 35159.8
0.02040 35159.8
0.02041 35159.8
0.02042 35159.8
0.02043 35159.8
0.02044 35159.8
0.02045 35159.8
0.02046 35159.8
0.02047 35159.8
0.02048 35159.8
0.02049 35159.8
0.02050 35159.8
0.02051 35159.8
0.02052 35159.8
0.02053 35159.8
0.02054 35159.8
0.02055 35159.8
0.02056 35159.8
0.02057 35159.8
0.02058 35159.8
0.02059 35159.8
0.02060 35159.8
0.02061 35159.8
0.02062 35159.8
0.02063 35159.8
0.02064 35159.8
0.02065 35159.8
0.02066 35159.8
0.02067 35159.8
0.02068 35159.8
0.02069 35159.8
0.02070 35159.8
0.02071 35159.8
0.02072 35159.8
0.02073 35159.8
0.02074 35159.8
0.02075 35159.8
0.02076 35159.8
0.02077 35159.8
0.02078 35159.8
0.02079 35159.8
0.02080 35159.8
0.02081 35159.8
0.02082 35159.8
0.02083 35159.8
0.02084 35159.8
0.02085 35159.8
0.02086 35159.8
0.02087 35159.8
0.02088 35159.8
0.02089 35159.8
0.02090 35159.8
0.02091 35159.8
0.02092 35159.8
0.02093 35159.8
0.02094 35159.8
0.02095 35159.8
0.02096 35159.8
0.02097 35159.8
0.02098 35159.8
0.02099 35159.8
0.02100 35159.8
0.02101 35159.8
0.02102 35159.8
0.02103 35159.8
0.02104 35159.8
0.02105 35159.8
0.02106 35159.8
0.02107 35159.8
0.02108 35159.8
0.02109 35159.8
0.02110 35159.8
0.02111 35159.8
0.02112 35159.8
0.02113 35159.8
0.02114 35159.8
0.02115 35159.8
0.02116 35159.8
0.02117 35159.8
0.02118 35159.8
0.02119 35159.8
0.02120 35159.8
0.02121 35159.8
0.02122 35159.8
0.02123 35159.8
0.02124 35159.8
0.02125 35159.8
0.02126 35159.8
0.02127 35159.8
0.02128 35159.8
0.02129 35159.8
0.02130 35159.8
0.02131 35159.8
0.02132 35159.8
0.02133 35159.8
0.02134 35159.8
0.02135 35159.8
0.02136 35159.8
0.02137 35159.8
0.02138 35159.8
0.02139 35159.8
0.02140 35159.8
0.02141 35159.8
0.02142 35159.8
0.02143 35159.8
0.02144 35159.8
0.02145 35159.8
0.02146 35159.8
0.02147 35159.8
0.02148 35159.8
0.02149 35159.8
0.02150 35159.8
0.02151 35159.8
0.02152 35159.8
0.02153 35159.8
0.02154 35159.8
0.02155 35159.8
0.02156 35159.8
0.02157 35159.8
0.02158 35159.8
0.02159 35159.8
0.02160 35159.8
0.02161 35159.8
0.02162 35159.8
0.02163 35159.8
0.02164 35159.8
0.02165 35159.8
0.02166 35159.8
0.02167 35159.8
0.02168 35159.8
0.02169 35159.8
0.02170 35159.8
0.02171 35159.8
0.02172 35159.8
0.02173 35159.8
0.02174 35159.8
0.02175 35159.8
0.02176 35159.8
0.02177 35159.8
0.02178 35159.8
0.02179 35159.8
0.02180 35159.8
0.02181 35159.8
0.02182 35159.8
0.02183 35159.8
0.02184 35159.8
0.02185 35159.8
0.02186 35159.8
0.02187 35159.8
0.02188 35159.8
0.02189 35159.8
0.02190 35159.8
0.02191 35159.8
0.02192 35159.8
0.02193 35159.8
0.02194 35159.8
0.02195 35159.8
0.02196 35159.8
0.02197 35159.8
0.02198 35159.8
0.02199 35159.8
0.02200 35159.8
0.02201 35159.8
0.02202 35159.8
0.02203 35159.8
0.02204 35159.8
0.02205 35159.8
0.02206 35159.8
0.02207 35159.8
0.02208 35159.8
0.02209 35159.8
0.02210 35159.8
0.02211 35159.8
0.02212 35159.8
0.02213 35159.8
0.02214 35159.8
0.02215 35159.8
0.02216 35159.8
0.02217 35159.8
0.02218 35159.8
0.02219 35159.8
0.02220 35159.8
0.02221 35159.8
0.02222 35159.8
0.02223 35159.8
0.02224 35159.8
0.02225 35159.8
0.02226 35159.8
0.02227 35159.8
0.02228 35159.8
0.02229 35159.8
0.02230 35159.8
0.02231 35159.8
0.02232 35159.8
0.02233 35159.8
0.02234 35159.8
0.02235 35159.8
0.02236 35159.8
0.02237 35159.8
0.02238 35159.8
0.02239 35159.8
0.02240 35159.8
0.02241 35159.8
0.02242 35159.8
0.02243 35159.8
0.02244 35159.8
0.02245 35159.8
0.02246 35159.8
0.02247 35159.8
0.02248 35159.8
0.02249 35159.8
0.02250 35159.8
0.02251 35159.8
0.02252 35159.8
0.02253 35159.8
0.02254 35159.8
0.02255 35159.8
0.02256 35159.8
0.02257 35159.8
0.02258 35159.8
0.02259 35159.8
0.02260 35159.8
0.02261 35159.8
0.02262 35159.8
0.02263 35159.8
0.02264 35159.8
0.02265 35159.8
0.02266 35159.8
0.02267 35159.8
0.02268 35159.8
0.02269 35159.8
0.02270 35159.8
0.02271 35159.8
0.02272 35159.8
0.02273 35159.8
0.02274 35159.8
0.02275 35159.8
0.02276 35159.8
0.02277 35159.8
0.02278 35159.8
0.02279 35159.8
0.02280 35159.8
0.02281 35159.8
0.02282 35159.8
0.02283 35159.8
0.02284 35159.8
0.02285 35159.8
0.02286 35159.8
0.02287 35159.8
0.02288 35159.8
0.02289 35159.8
0.02290 35159.8
0.02291 35159.8
0.02292 35159.8
0.02293 35159.8
0.02294 35159.8
0.02295 35159.8
0.02296 35159.8
0.02297 35159.8
0.02298 35159.8
0.02299 35159.8
0.02300 35159.8
0.02301 35159.8
0.02302 35159.8
0.02303 35159.8
0.02304 35159.8
0.02305 35159.8
0.02306 35159.8
0.02307 35159.8
0.02308 35159.8
0.02309 35159.8
0.02310 35159.8
0.02311 35159.8
0.02312 35159.8
0.02313 35159.8
0.02314 35159.8
0.02315 35159.8
0.02316 35159.8
0.02317 35159.8
0.02318 35159.8
0.02319 35159.8
0.02320 35159.8
0.02321 35159.8
0.02322 35159.8
0.02323 35159.8
0.02324 35159.8
0.02325 35159.8
0.02326 35159.8
0.02327 35159.8
0.02328 35159.8
0.02329 35159.8
0.02330 35159.8
0.02331 35159.8
0.02332 35159.8
0.02333 35159.8
0.02334 35159.8
0.02335 35159.8
0.02336 35159.8
0.02337 35159.8
0.02338 35159.8
0.02339 35159.8
0.02340 35159.8
0.02341 35159.8
0.02342 35159.8
0.02343 35159.8
0.02344 35159.8
0.02345 35159.8
0.02346 35159.8
0.02347 35159.8
0.02348 35159.8
0.02349 35159.8
0.02350 35159.8
0.02351 35159.8
0.02352 35159.8
0.02353 35159.8
0.02354 35159.8
0.02355 35159.8
0.02356 35159.8
0.02357 35159.8
0.02358 35159.8
0.02359 35159.8
0.02360 35159.8
0.02361 35159.8
0.02362 35159.8
0.02363 35159.8
0.02364 35159.8
0.02365 35159.8
0.02366 35159.8
0.02367 35159.8
0.02368 35159.8
0.02369 35159.8
0.02370 35159.8
0.02371 35159.8
0.02372 35159.8
0.02373 35159.8
0.02374 35159.8
0.02375 35159.8
0.02376 35159.8
0.02377 35159.8
0.02378 35159.8
0.02379 35159.8
0.02380 35159.8
0.02381 35159.8
0.02382 35159.8
0.02383 35159.8
0.02384 35159.8
0.02385 35159.8
0.02386 35159.8
0.02387 35159.8
0.02388 35159.8
0.02389 35159.8
0.02390 35159.8
0.02391 35159.8
0.02392 35159.8
0.02393 35159.8
0.02394 35159.8
0.02395 35159.8
0.02396 35159.8
0.02397 35159.8
0.02398 35159.8
0.02399 35159.8
0.02400 35159.8
0.02401 35159.8
0.02402 35159.8
0.02403 35159.8
0.02404 35159.8
0.02405 35159.8
0.02406 35159.8
0.02407 35159.8
0.02408 35159.8
0.02409 35159.8
0.02410 35159.8
0.02411 35159.8
0.02412 35159.8
0.02413 35159.8
0.02414 35159.8
0.02415 35159.8
0.02416 35159.8
0.02417 35159.8
0.02418 35159.8
0.02419 35159.8
0.02420 35159.8
0.02421 35159.8
0.02422 35159.8
0.02423 35159.8
0.02424 35159.8
0.02425 35159.8
0.02426 35159.8
0.02427 35159.8
0.02428 35159.8
0.02429 35159.8
0.02430 35159.8
0.02431 35159.8
0.02432 35159.8
0.02433 35159.8
0.02434 35159.8
0.02435 35159.8
0.02436 35159.8
0.02437 35159.8
0.02438 35159.8
0.02439 35159.8
0.02440 35159.8
0.02441 35159.8
0.02442 35159.8
0.02443 35159.8
0.02444 35159.8
0.02445 35159.8
0.02446 35159.8
0.02447 35159.8
0.02448 35159.8
0.02449 35159.8
0.02450 35159.8
0.02451 35159.8
0.02452 35159.8
0.02453 35159.8
0.02454 35159.8
0.02455 35159.8
0.02456 35159.8
0.02457 35159.8
0.02458 35159.8
0.02459 35159.8
0.02460 35159.8
0.02461 35159.8
0.02462 35159.8
0.02463 35159.8
0.02464 35159.8
0.02465 35159.8
0.02466 35159.8
0.02467 35159.8
0.02468 35159.8
0.02469 35159.8
0.02470 35159.8
0.02471 35159.8
0.02472 35159.8
0.02473 35159.8
0.02474 35159.8
0.02475 35159.8
0.02476 35159.8
0.02477 35159.8
0.02478 35159.8
0.02479 35159.8
0.02480 35159.8
0.02481 35159.8
0.02482 35159.8
0.02483 35159.8
0.02484 35159.8
0.02485 35159.8
0.02486 35159.8
0.02487 35159.8
0.02488 35159.8
0.02489 35159.8
0.02490 35159.8
0.02491 35159.8
0.02492 35159.8
0.02493 35159.8
0.02494 35159.8
0.02495 35159.8
0.02496 35159.8
0.02497 35159.8
0.02498 35159.8
0.02499 35159.8
0.02500 35159.8
0.02501 35159.8
0.02502 35159.8
0.02503 35159.8
0.02504 35159.8
0.02505 35159.8
0.02506 35159.8
0.02507 35159.8
0.02508 35159.8
0.02509 35159.8
0.02510 35159.8
0.02511 35159.8
0.02512 35159.8
0.02513 35159.8
0.02514 35159.8
0.02515 35159.8
0.02516 35159.8
0.02517 35159.8
0.02518 35159.8
0.02519 35159.8
0.02520 35159.8
0.02521 35159.8
0.02522 35159.8
0.02523 35159.8
0.02524 35159.8
0.02525 35159.8
0.02526 35159.8
0.02527 35159.8
0.02528 35159.8
0.02529 35159.8
0.02530 35159.8
0.02531 35159.8
0.02532 35159.8
0.02533 35159.8
0.02534 35159.8
0.02535 35159.8
0.02536 35159.8
0.02537 35159.8
0.02538 35159.8
0.02539 35159.8
0.02540 35159.8
0.02541 35159.8
0.02542 35159.8
0.02543 35159.8
0.02544 35159.8
0.02545 35159.8
0.02546 35159.8
0.02547 35159.8
0.02548 35159.8
0.02549 35159.8
0.02550 35159.8
0.02551 35159.8
0.02552 35159.8
0.02553 35159.8
0.02554 35159.8
0.02555 35159.8
0.02556 35159.8
0.02557 35159.8
0.02558 35159.8
0.02559 35159.8
0.02560 35159.8
0.02561 35159.8
0.02562 35159.8
0.02563 35159.8
0.02564 35159.8
0.02565 35159.8
0.02566 35159.8
0.02567 35159.8
0.02568 35159.8
0.02569 35159.8
0.02570 35159.8
0.02571 35159.8
0.02572 35159.8
0.02573 35159.8
0.02574 35159.8
0.02575 35159.8
0.02576 35159.8
0.02577 35159.8
0.02578 35159.8
0.02579 35159.8
0.02580 35159.8
0.02581 35159.8
0.02582 35159.8
0.02583 35159.8
0.02584 35159.8
0.02585 35159.8
0.02586 35159.8
0.02587 35159.8
0.02588 35159.8
0.02589 35159.8
0.02590 35159.8
0.02591 35159.8
0.02592 35159.8
0.02593 35159.8
0.02594 35159.8
0.02595 35159.8
0.02596 35159.8
0.02597 35159.8
0.02598 35159.8
0.02599 35159.8
0.02600 35159.8
0.02601 35159.8
0.02602 35159.8
0.02603 35159.8
0.02604 35159.8
0.02605 35159.8
0.02606 35159.8
0.02607 35159.8
0.02608 35159.8
0.02609 35159.8
0.02610 35159.8
0.02611 35159.8
0.02612 35159.8
0.02613 35159.8
0.02614 35159.8
0.02615 35159.8
0.02616 35159.8
0.02617 35159.8
0.02618 35159.8
0.02619 35159.8
0.02620 35159.8
0.02621 35159.8
0.02622 35159.8
0.02623 35159.8
0.02624 35159.8
0.02625 35159.8
0.02626 35159.8
0.02627 35159.8
0.02628 35159.8
0.02629 35159.8
0.02630 35159.8
0.02631 35159.8
0.02632 35159.8
0.02633 35159.8
0.02634 35159.8
0.02635 35159.8
0.02636 35159.8
0.02637 35159.8
0.02638 35159.8
0.02639 35159.8
0.02640 35159.8
0.02641 35159.8
0.02642 35159.8
0.02643 35159.8
0.02644 35159.8
0.02645 35159.8
0.02646 35159.8
0.02647 35159.8
0.02648 35159.8
0.02649 35159.8
0.02650 35159.8
0.02651 35159.8
0.02652 35159.8
0.02653 35159.8
0.02654 35159.8
0.02655 35159.8
0.02656 35159.8
0.02657 35159.8
0.02658 35159.8
0.02659 35159.8
0.02660 35159.8
0.02661 35159.8
0.02662 35159.8
0.02663 35159.8
0.02664 35159.8
0.02665 35159.8
0.02666 35159.8
0.02667 35159.8
0.02668 35159.8
0.02669 35159.8
0.02670 35159.8
0.02671 35159.8
0.02672 35159.8
0.02673 35159.8
0.02674 35159.8
0.02675 35159.8
0.02676 35159.8
0.02677 35159.8
0.02678 35159.8
0.02679 35159.8
0.02680 35159.8
0.02681 35159.8
0.02682 35159.8
0.02683 35159.8
0.02684 35159.8
0.02685 35159.8
0.02686 35159.8
0.02687 35159.8
0.02688 35159.8
0.02689 35159.8
0.02690 35159.8
0.02691 35159.8
0.02692 35159.8
0.02693 35159.8
0.02694 35159.8
0.02695 35159.8
0.02696 35159.8
0.02697 35159.8
0.02698 35159.8
0.02699 35159.8
0.02700 35159.8
0.02701 35159.8
0.02702 35159.8
0.02703 35159.8
0.02704 35159.8
0.02705 35159.8
0.02706 35159.8
0.02707 35159.8
0.02708 35159.8
0.02709 35159.8
0.02710 35159.8
0.02711 35159.8
0.02712 35159.8
0.02713 35159.8
0.02714 35159.8
0.02715 35159.8
0.02716 35159.8
0.02717 35159.8
0.02718 35159.8
0.02719 35159.8
0.02720 35159.8
0.02721 35159.8
0.02722 35159.8
0.02723 35159.8
0.02724 35159.8
0.02725 35159.8
0.02726 35159.8
0.02727 35159.8
0.02728 35159.8
0.02729 35159.8
0.02730 35159.8
0.02731 35159.8
0.02732 35159.8
0.02733 35159.8
0.02734 35159.8
0.02735 35159.8
0.02736 35159.8
0.02737 35159.8
0.02738 35159.8
0.02739 35159.8
0.02740 35159.8
0.02741 35159.8
0.02742 35159.8
0.02743 35159.8
0.02744 35159.8
0.02745 35159.8
0.02746 35159.8
0.02747 35159.8
0.02748 35159.8
0.02749 35159.8
0.02750 35159.8
0.02751 35159.8
0.02752 35159.8
0.02753 35159.8
0.02754 35159.8
0.02755 35159.8
0.02756 35159.8
0.02757 35159.8
0.02758 35159.8
0.02759 35159.8
0.02760 35159.8
0.02761 35159.8
0.02762 35159.8
0.02763 35159.8
0.02764 35159.8
0.02765 35159.8
0.02766 35159.8
0.02767 35159.8
0.02768 35159.8
0.02769 35159.8
0.02770 35159.8
0.02771 35159.8
0.02772 35159.8
0.02773 35159.8
0.02774 35159.8
0.02775 35159.8
0.02776 35159.8
0.02777 35159.8
0.02778 35159.8
0.02779 35159.8
0.02780 35159.8
0.02781 35159.8
0.02782 35159.8
0.02783 35159.8
0.02784 35159.8
0.02785 35159.8
0.02786 35159.8
0.02787 35159.8
0.02788 35159.8
0.02789 35159.8
0.02790 35159.8
0.02791 35159.8
0.02792 35159.8
0.02793 35159.8
0.02794 35159.8
0.02795 35159.8
0.02796 35159.8
0.02797 35159.8
0.02798 35159.8
0.02799 35159.8
0.02800 35159.8
0.02801 35159.8
0.02802 35159.8
0.02803 35159.8
0.02804 35159.8
0.02805 35159.8
0.02806 35159.8
0.02807 35159.8
0.02808 35159.8
0.02809 35159.8
0.02810 35159.8
0.02811 35159.8
0.02812 35159.8
0.02813 35159.8
0.02814 35159.8
0.02815 35159.8
0.02816 35159.8
0.02817 35159.8
0.02818 35159.8
0.02819 35159.8
0.02820 35159.8
0.02821 35159.8
0.02822 35159.8
0.02823 35159.8
0.02824 35159.8
0.02825 35159.8
0.02826 35159.8
0.02827 35159.8
0.02828 35159.8
0.02829 35159.8
0.02830 35159.8
0.02831 35159.8
0.02832 35159.8
0.02833 35159.8
0.02834 35159.8
0.02835 35159.8
0.02836 35159.8
0.02837 35159.8
0.02838 35159.8
0.02839 35159.8
0.02840 35159.8
0.02841 35159.8
0.02842 35159.8
0.02843 35159.8
0.02844 35159.8
0.02845 35159.8
0.02846 35159.8
0.02847 35159.8
0.02848 35159.8
0.02849 35159.8
0.02850 35159.8
0.02851 35159.8
0.02852 35159.8
0.02853 35159.8
0.02854 35159.8
0.02855 35159.8
0.02856 35159.8
0.02857 35159.8
0.02858 35159.8
0.02859 35159.8
0.02860 35159.8
0.02861 35159.8
0.02862 35159.8
0.02863 35159.8
0.02864 35159.8
0.02865 35159.8
0.02866 35159.8
0.02867 35159.8
0.02868 35159.8
0.02869 35159.8
0.02870 35159.8
0.02871 35159.8
0.02872 35159.8
0.02873 35159.8
0.02874 35159.8
0.02875 35159.8
0.02876 35159.8
0.02877 35159.8
0.02878 35159.8
0.02879 35159.8
0.02880 35159.8
0.02881 35159.8
0.02882 35159.8
0.02883 35159.8
0.02884 35159.8
0.02885 35159.8
0.02886 35159.8
0.02887 35159.8
0.02888 35159.8
0.02889 35159.8
0.02890 35159.8
0.02891 35159.8
0.02892 35159.8
0.02893 35159.8
0.02894 35159.8
0.02895 35159.8
0.02896 35159.8
0.02897 35159.8
0.02898 35159.8
0.02899 35159.8
0.02900 35159.8
0.02901 35159.8
0.02902 35159.8
0.02903 35159.8
0.02904 35159.8
0.02905 35159.8
0.02906 35159.8
0.02907 35159.8
0.02908 35159.8
0.02909 35159.8
0.02910 35159.8
0.02911 35159.8
0.02912 35159.8
0.02913 35159.8
0.02914 35159.8
0.02915 35159.8
0.02916 35159.8
0.02917 35159.8
0.02918 35159.8
0.02919 35159.8
0.02920 35159.8
0.02921 35159.8
0.02922 35159.8
0.02923 35159.8
0.02924 35159.8
0.02925 35159.8
0.02926 35159.8
0.02927 35159.8
0.02928 35159.8
0.02929 35159.8
0.02930 35159.8
0.02931 35159.8
0.02932 35159.8
0.02933 35159.8
0.02934 35159.8
0.02935 35159.8
0.02936 35159.8
0.02937 35159.8
0.02938 35159.8
0.02939 35159.8
0.02940 35159.8
0.02941 35159.8
0.02942 35159.8
0.02943 35159.8
0.02944 35159.8
0.02945 35159.8
0.02946 35159.8
0.02947 35159.8
0.02948 35159.8
0.02949 35159.8
0.02950 35159.8
0.02951 35159.8
0.02952 35159.8
0.02953 35159.8
0.02954 35159.8
0.02955 35159.8
0.02956 35159.8
0.02957 35159.8
0.02958 35159.8
0.02959 35159.8
0.02960 35159.8
0.02961 35159.8
0.02962 35159.8
0.02963 35159.8
0.02964 35159.8
0.02965 35159.8
0.02966 35159.8
0.02967 35159.8
0.02968 35159.8
0.02969 35159.8
0.02970 35159.8
0.02971 35159.8
0.02972 35159.8
0.02973 35159.8
0.02974 35159.8
0.02975 35159.8
0.02976 35159.8
0.02977 35159.8
0.02978 35159.8
0.02979 35159.8
0.02980 35159.8
0.02981 35159.8
0.02982 35159.8
0.02983 35159.8
0.02984 35159.8
0.02985 35159.8
0.02986 35159.8
0.02987 35159.8
0.02988 35159.8
0.02989 35159.8
0.02990 35159.8
0.02991 35159.8
0.02992 35159.8
0.02993 35159.8
0.02994 35159.8
0.02995 35159.8
0.02996 35159.8
0.02997 35159.8
0.02998 35159.8
0.02999 35159.8
0.03000 35159.8
0.03001 35159.8
0.03002 35159.8
0.03003 35159.8
0.03004 35159.8
0.03005 35159.8
0.03006 35159.8
0.03007 35159.8
0.03008 35159.8
0.03009 35159.8
0.03010 35159.8
0.03011 35159.8
0.03012 35159.8
0.03013 35159.8
0.03014 35159.8
0.03015 35159.8
0.03016 35159.8
0.03017 35159.8
0.03018 35159.8
0.03019 35159.8
0.03020 35159.8
0.03021 35159.8
0.03022 35159.8
0.03023 35159.8
0.03024 35159.8
0.03025 35159.8
0.03026 35159.8
0.03027 35159.8
0.03028 35159.8
0.03029 35159.8
0.03030 35159.8
0.03031 35159.8
0.03032 35159.8
0.03033 35159.8
0.03034 35159.8
0.03035 35159.8
0.03036 35159.8
0.03037 35159.8
0.03038 35159.8
0.03039 35159.8
0.03040 35159.8
0.03041 35159.8
0.03042 35159.8
0.03043 35159.8
0.03044 35159.8
0.03045 35159.8
0.03046 35159.8
0.03047 35159.8
0.03048 35159.8
0.03049 35159.8
0.03050 35159.8
0.03051 35159.8
0.03052 35159.8
0.03053 35159.8
0.03054 35159.8
0.03055 35159.8
0.03056 35159.8
0.03057 35159.8
0.03058 35159.8
0.03059 35159.8
0.03060 35159.8
0.03061 35159.8
0.03062 35159.8
0.03063 35159.8
0.03064 35159.8
0.03065 35159.8
0.03066 35159.8
0.03067 35159.8
0.03068 35159.8
0.03069 35159.8
0.03070 35159.8
0.03071 35159.8
0.03072 35159.8
0.03073 35159.8
0.03074 35159.8
0.03075 35159.8
0.03076 35159.8
0.03077 35159.8
0.03078 35159.8
0.03079 35159.8
0.03080 35159.8
0.03081 35159.8
0.03082 35159.8
0.03083 35159.8
0.03084 35159.8
0.03085 35159.8
0.03086 35159.8
0.03087 35159.8
0.03088 35159.8
0.03089 35159.8
0.03090 35159.8
0.03091 35159.8
0.03092 35159.8
0.03093 35159.8
0.03094 35159.8
0.03095 35159.8
0.03096 35159.8
0.03097 35159.8
0.03098 35159.8
0.03099 35159.8
0.03100 35159.8
0.03101 34530.8
0.03102 33914.9
0.03103 33311.8
0.03104 32721.2
0.03105 32142.8
0.03106 31576.3
0.03107 31021.4
0.03108 30477.8
0.03109 29945.3
0.03110 29423.5
0.03111 28912.2
0.03112 28411.1
0.03113 27920.0
0.03114 27438.6
0.03115 26966.6
0.03116 26503.8
0.03117 26049.9
0.03118 25604.6
0.03119 25167.7
0.03120 24738.9
0.03121 24317.8
0.03122 23904.2
0.03123 23497.8
0.03124 23098.3
0.03125 22705.3
0.03126 22318.5
0.03127 21937.4
0.03128 21561.8
0.03129 21191.0
0.03130 20824.8
0.03131 20462.6
0.03132 20103.8
0.03133 19747.8
0.03134 19394.1
0.03135 19041.9
0.03136 18690.5
0.03137 18339.0
0.03138 17986.6
0.03139 17632.3
0.03140 17275.0
0.03141 16913.5
0.03142 16546.7
0.03143 16173.1
0.03144 15791.4
0.03145 15399.9
0.03146 14997.0
0.03147 14581.1
0.03148 14150.1
0.03149 13702.4
0.03150 13236.1
0.03151 12980.3
0.03152 12685.9
0.03153 12352.5
0.03154 11980.4
0.03155 11570.1
0.03156 11123.3
0.03157 10642.3
0.03158 10130.8
0.03159 9593.8
0.03160 9038.1
0.03161 8472.3
0.03162 7906.7
0.03163 7353.4
0.03164 6825.6
0.03165 6336.1
0.03166 5895.9
0.03167 5512.8
0.03168 5189.2
0.03169 4923.1
0.03170 4708.8
0.03171 4538.5
0.03172 4404.4
0.03173 4299.3
0.03174 4217.6
0.03175 4154.5
0.03176 4106.6
0.03177 4071.1
0.03178 4046.0
0.03179 4029.9
0.03180 4021.4
0.03181 4019.7
0.03182 4024.2
0.03183 4034.4
0.03184 4049.9
0.03185 4070.4
0.03186 4095.8
0.03187 4125.9
0.03188 4160.7
0.03189 4200.2
0.03190 4244.3
0.03191 4293.2
0.03192 4346.9
0.03193 4405.5
0.03194 4469.1
0.03195 4537.9
0.03196 4612.0
0.03197 4691.5
0.03198 4776.6
0.03199 4867.5
0.03200 4964.4
0.03201 5067.4
0.03202 5176.7
0.03203 5292.4
0.03204 5414.8
0.03205 5544.1
0.03206 5680.3
0.03207 5823.6
0.03208 5974.1
0.03209 6132.1
0.03210 6297.5
0.03211 6470.6
0.03212 6651.2
0.03213 6839.7
0.03214 7035.8
0.03215 7239.7
0.03216 7451.3
0.03217 7670.6
0.03218 7897.5
0.03219 8132.0
0.03220 8373.7
0.03221 8622.7
0.03222 8878.7
0.03223 9141.6
0.03224 9411.0
0.03225 9686.7
0.03226 9968.4
0.03227 10255.8
0.03228 10548.7
0.03229 10846.6
0.03230 11149.3
0.03231 11456.4
0.03232 11767.5
0.03233 12082.3
0.03234 12400.5
0.03235 12721.6
0.03236 13045.4
0.03237 13371.6
0.03238 13699.7
0.03239 14029.6
0.03240 14360.8
0.03241 14693.2
0.03242 15026.4
0.03243 15360.3
0.03244 15694.5
0.03245 16028.9
0.03246 16363.2
0.03247 16697.4
0.03248 17031.1
0.03249 17364.2
0.03250 17696.6
0.03251 18028.1
0.03252 18358.7
0.03253 18688.2
0.03254 19016.4
0.03255 19343.3
0.03256 19668.8
0.03257 19992.8
0.03258 20315.1
0.03259 20635.7
0.03260 20954.4
0.03261 21271.3
0.03262 21586.1
0.03263 21898.8
0.03264 22209.3
0.03265 22517.4
0.03266 22823.1
0.03267 23126.2
0.03268 23426.7
0.03269 23724.4
0.03270 24019.1
0.03271 24310.9
0.03272 24599.5
0.03273 24884.8
0.03274 25166.7
0.03275 25445.2
0.03276 25719.9
0.03277 25991.0
0.03278 26258.2
0.03279 26521.5
0.03280 26780.7
0.03281 27035.8
0.03282 27286.6
0.03283 27533.2
0.03284 27775.3
0.03285 28013.1
0.03286 28246.4
0.03287 28475.2
0.03288 28699.4
0.03289 28919.1
0.03290 29134.1
0.03291 29344.6
0.03292 29550.5
0.03293 29751.8
0.03294 29948.6
0.03295 30140.8
0.03296 30328.6
0.03297 30511.9
0.03298 30690.8
0.03299 30865.3
0.03300 31035.5
0.03301 31201.5
0.03302 31363.3
0.03303 31521.0
0.03304 31674.7
0.03305 31824.4
0.03306 31970.2
0.03307 32112.2
0.03308 32250.5
0.03309 32385.1
0.03310 32516.1
0.03311 32643.7
0.03312 32767.8
0.03313 32888.6
0.03314 33006.1
0.03315 33120.5
0.03316 33231.8
0.03317 33340.0
0.03318 33445.3
0.03319 33547.7
0.03320 33647.4
0.03321 33744.3
0.03322 33838.5
0.03323 33930.2
0.03324 34019.4
0.03325 34106.1
0.03326 34190.5
0.03327 34272.6
0.03328 34352.4
0.03329 34430.0
0.03330 34505.5
0.03331 34578.9
0.03332 34650.4
0.03333 34719.8
0.03334 34787.4
0.03335 34853.2
0.03336 34917.1
0.03337 34979.3
0.03338 35039.8
0.03339 35098.7
0.03340 35156.0
0.03341 35211.7
0.03342 35265.9
0.03343 35318.7
0.03344 35370.0
0.03345 35420.0
0.03346 35468.6
0.03347 35515.9
0.03348 35561.9
0.03349 35606.7
0.03350 35650.3
0.03351 35692.7
0.03352 35734.0
0.03353 35774.2
0.03354 35813.4
0.03355 35851.4
0.03356 35888.5
0.03357 35924.6
0.03358 35959.8
0.03359 35994.0
0.03360 36027.3
0.03361 36059.8
0.03362 36091.4
0.03363 36122.1
0.03364 36152.1
0.03365 36181.3
0.03366 36209.7
0.03367 36237.4
0.03368 36264.3
0.03369 36290.6
0.03370 36316.2
0.03371 36341.1
0.03372 36365.3
0.03373 36389.0
0.03374 36412.0
0.03375 36434.5
0.03376 36456.3
0.03377 36477.7
0.03378 36498.4
0.03379 36518.6
0.03380 36538.4
0.03381 36557.6
0.03382 36576.3
0.03383 36594.5
0.03384 36612.3
0.03385 36629.6
0.03386 36646.5
0.03387 36663.0
0.03388 36679.0
0.03389 36694.6
0.03390 36709.9
0.03391 36724.7
0.03392 36739.2
0.03393 36753.3
0.03394 36767.1
0.03395 36780.5
0.03396 36793.6
0.03397 36806.3
0.03398 36818.7
0.03399 36830.8
0.03400 36842.6
0.03401 36854.1
0.03402 36865.3
0.03403 36876.3
0.03404 36886.9
0.03405 36897.3
0.03406 36907.4
0.03407 36917.3
0.03408 36926.9
0.03409 36936.3
0.03410 36945.4
0.03411 36954.3
0.03412 36963.0
0.03413 36971.5
0.03414 36979.7
0.03415 36987.7
0.03416 36995.6
0.03417 37003.2
0.03418 37010.6
0.03419 37017.9
0.03420 37024.9
0.03421 37031.8
0.03422 37038.5
0.03423 37045.1
0.03424 37051.4
0.03425 37057.6
0.03426 37063.6
0.03427 37069.5
0.03428 37075.2
0.03429 37080.8
0.03430 37086.2
0.03431 37091.5
0.03432 37096.6
0.03433 37101.6
0.03434 37106.5
0.03435 37111.3
0.03436 37115.9
0.03437 37120.3
0.03438 37124.7
0.03439 37128.9
0.03440 37133.1
0.03441 37137.1
0.03442 37141.0
0.03443 37144.8
0.03444 37148.5
0.03445 37152.0
0.03446 37155.5
0.03447 37158.9
0.03448 37162.2
0.03449 37165.3
0.03450 37168.4
0.03451 37171.4
0.03452 37174.3
0.03453 37177.1
0.03454 37179.9
0.03455 37182.5
0.03456 37185.1
0.03457 37187.6
0.03458 37190.0
0.03459 37192.3
0.03460 37194.5
0.03461 37196.7
0.03462 37198.8
0.03463 37200.8
0.03464 37202.8
0.03465 37204.7
0.03466 37206.5
0.03467 37208.3
0.03468 37210.0
0.03469 37211.6
0.03470 37213.2
0.03471 37214.7
0.03472 37216.1
0.03473 37217.5
0.03474 37218.8
0.03475 37220.1
0.03476 37221.3
0.03477 37222.5
0.03478 37223.6
0.03479 37224.7
0.03480 37225.7
0.03481 37226.6
0.03482 37227.5
0.03483 37228.4
0.03484 37229.2
0.03485 37230.0
0.03486 37230.7
0.03487 37231.4
0.03488 37232.0
0.03489 37232.6
0.03490 37233.2
0.03491 37233.7
0.03492 37234.1
0.03493 37234.6
0.03494 37234.9
0.03495 37235.3
0.03496 37235.6
0.03497 37235.9
0.03498 37236.1
0.03499 37236.3
0.03500 37236.5
0.03501 37236.6
0.03502 37236.7
0.03503 37236.8
0.03504 37236.8
0.03505 37236.8
0.03506 37236.7
0.03507 37236.7
0.03508 37236.6
0.03509 37236.5
0.03510 37236.3
0.03511 37236.1
0.03512 37235.9
0.03513 37235.7
0.03514 37235.4
0.03515 37235.1
0.03516 37234.8
0.03517 37234.4
0.03518 37234.0
0.03519 37233.6
0.03520 37233.2
0.03521 37232.7
0.03522 37232.3
0.03523 37231.8
0.03524 37231.2
0.03525 37230.7
0.03526 37230.1
0.03527 37229.5
0.03528 37228.9
0.03529 37228.3
0.03530 37227.6
0.03531 37226.9
0.03532 37226.2
0.03533 37225.5
0.03534 37224.8
0.03535 37224.0
0.03536 37223.2
0.03537 37222.4
0.03538 37221.6
0.03539 37220.8
0.03540 37219.9
0.03541 37219.1
0.03542 37218.2
0.03543 37217.3
0.03544 37216.3
0.03545 37215.4
0.03546 37214.4
0.03547 37213.4
0.03548 37212.5
0.03549 37211.4
0.03550 37210.4
0.03551 37209.4
0.03552 37208.3
0.03553 37207.3
0.03554 37206.2
0.03555 37205.1
0.03556 37204.0
0.03557 37202.8
0.03558 37201.7
0.03559 37200.5
0.03560 37199.3
0.03561 37198.2
0.03562 37197.0
0.03563 37195.8
0.03564 37194.5
0.03565 37193.3
0.03566 37192.0
0.03567 37190.8
0.03568 37189.5
0.03569 37188.2
0.03570 37186.9
0.03571 37185.6
0.03572 37184.3
0.03573 37183.0
0.03574 37181.6
0.03575 37180.3
0.03576 37178.9
0.03577 37177.5
0.03578 37176.1
0.03579 37174.7
0.03580 37173.3
0.03581 37171.9
0.03582 37170.5
0.03583 37169.0
0.03584 37167.6
0.03585 37166.1
0.03586 37164.7
0.03587 37163.2
0.03588 37161.7
0.03589 37160.2
0.03590 37158.7
0.03591 37157.2
0.03592 37155.6
0.03593 37154.1
0.03594 37152.6
0.03595 37151.0
0.03596 37149.5
0.03597 37147.9
0.03598 37146.3
0.03599 37144.7
0.03600 37143.1
0.03601 37141.5
0.03602 37139.9
0.03603 37138.3
0.03604 37136.7
0.03605 37135.1
0.03606 37133.4
0.03607 37131.8
0.03608 37130.1
0.03609 37128.5
0.03610 37126.8
0.03611 37125.1
0.03612 37123.4
0.03613 37121.7
0.03614 37120.1
0.03615 37118.4
0.03616 37116.6
0.03617 37114.9
0.03618 37113.2
0.03619 37111.5
0.03620 37109.7
0.03621 37108.0
0.03622 37106.3
0.03623 37104.5
0.03624 37102.7
0.03625 37101.0
0.03626 37099.2
0.03627 37097.4
0.03628 37095.7
0.03629 37093.9
0.03630 37092.1
0.03631 37090.3
0.03632 37088.5
0.03633 37086.7
0.03634 37084.9
0.03635 37083.0
0.03636 37081.2
0.03637 37079.4
0.03638 37077.5
0.03639 37075.7
0.03640 37073.9
0.03641 37072.0
0.03642 37070.2
0.03643 37068.3
0.03644 37066.4
0.03645 37064.6
0.03646 37062.7
0.03647 37060.8
0.03648 37058.9
0.03649 37057.0
0.03650 37055.1
0.03651 37053.3
0.03652 37051.4
0.03653 37049.4
0.03654 37047.5
0.03655 37045.6
0.03656 37043.7
0.03657 37041.8
0.03658 37039.9
0.03659 37037.9
0.03660 37036.0
0.03661 37034.1
0.03662 37032.1
0.03663 37030.2
0.03664 37028.2
0.03665 37026.3
0.03666 37024.3
0.03667 37022.4
0.03668 37020.4
0.03669 37018.5
0.03670 37016.5
0.03671 37014.5
0.03672 37012.5
0.03673 37010.6
0.03674 37008.6
0.03675 37006.6
0.03676 37004.6
0.03677 37002.6
0.03678 37000.6
0.03679 36998.6
0.03680 36996.6
0.03681 36994.6
0.03682 36992.6
0.03683 36990.6
0.03684 36988.6
0.03685 36986.6
0.03686 36984.6
0.03687 36982.5
0.03688 36980.5
0.03689 36978.5
0.03690 36976.5
0.03691 36974.4
0.03692 36972.4
0.03693 36970.4
0.03694 36968.3
0.03695 36966.3
0.03696 36964.2
0.03697 36962.2
0.03698 36960.2
0.03699 36958.1
0.03700 36956.1
0.03701 36954.0
0.03702 36951.9
0.03703 36949.9
0.03704 36947.8
0.03705 36945.8
0.03706 36943.7
0.03707 36941.6
0.03708 36939.6
0.03709 36937.5
0.03710 36935.4
0.03711 36933.3
0.03712 36931.3
0.03713 36929.2
0.03714 36927.1
0.03715 36925.0
0.03716 36922.9
0.03717 36920.9
0.03718 36918.8
0.03719 36916.7
0.03720 36914.6
0.03721 36912.5
0.03722 36910.4
0.03723 36908.3
0.03724 36906.2
0.03725 36904.1
0.03726 36902.0
0.03727 36899.9
0.03728 36897.8
0.03729 36895.7
0.03730 36893.6
0.03731 36891.5
0.03732 36889.4
0.03733 36887.3
0.03734 36885.2
0.03735 36883.0
0.03736 36880.9
0.03737 36878.8
0.03738 36876.7
0.03739 36874.6
0.03740 36872.5
0.03741 36870.3
0.03742 36868.2
0.03743 36866.1
0.03744 36864.0
0.03745 36861.9
0.03746 36859.7
0.03747 36857.6
0.03748 36855.5
0.03749 36853.3
0.03750 36851.2
0.03751 36849.1
0.03752 36847.0
0.03753 36844.8
0.03754 36842.7
0.03755 36840.6
0.03756 36838.4
0.03757 36836.3
0.03758 36834.2
0.03759 36832.0
0.03760 36829.9
0.03761 36827.7
0.03762 36825.6
0.03763 36823.5
0.03764 36821.3
0.03765 36819.2
0.03766 36817.1
0.03767 36814.9
0.03768 36812.8
0.03769 36810.6
0.03770 36808.5
0.03771 36806.3
0.03772 36804.2
0.03773 36802.1
0.03774 36799.9
0.03775 36797.8
0.03776 36795.6
0.03777 36793.5
0.03778 36791.3
0.03779 36789.2
0.03780 36787.0
0.03781 36784.9
0.03782 36782.7
0.03783 36780.6
0.03784 36778.5
0.03785 36776.3
0.03786 36774.2
0.03787 36772.0
0.03788 36769.9
0.03789 36767.7
0.03790 36765.6
0.03791 36763.4
0.03792 36761.3
0.03793 36759.1
0.03794 36757.0
0.03795 36754.8
0.03796 36752.7
0.03797 36750.5
0.03798 36748.4
0.03799 36746.2
0.03800 36744.1
0.03801 36741.9
0.03802 36739.8
0.03803 36737.6
0.03804 36735.5
0.03805 36733.3
0.03806 36731.2
0.03807 36729.1
0.03808 36726.9
0.03809 36724.8
0.03810 36722.6
0.03811 36720.5
0.03812 36718.3
0.03813 36716.2
0.03814 36714.0
0.03815 36711.9
0.03816 36709.7
0.03817 36707.6
0.03818 36705.4
0.03819 36703.3
0.03820 36701.2
0.03821 36699.0
0.03822 36696.9
0.03823 36694.7
0.03824 36692.6
0.03825 36690.4
0.03826 36688.3
0.03827 36686.2
0.03828 36684.0
0.03829 36681.9
0.03830 36679.7
0.03831 36677.6
0.03832 36675.5
0.03833 36673.3
0.03834 36671.2
0.03835 36669.1
0.03836 36666.9
0.03837 36664.8
0.03838 36662.7
0.03839 36660.5
0.03840 36658.4
0.03841 36656.3
0.03842 36654.1
0.03843 36652.0
0.03844 36649.9
0.03845 36647.7
0.03846 36645.6
0.03847 36643.5
0.03848 36641.3
0.03849 36639.2
0.03850 36637.1
0.03851 36635.0
0.03852 36632.8
0.03853 36630.7
0.03854 36628.6
0.03855 36626.5
0.03856 36624.4
0.03857 36622.2
0.03858 36620.1
0.03859 36618.0
0.03860 36615.9
0.03861 36613.8
0.03862 36611.7
0.03863 36609.5
0.03864 36607.4
0.03865 36605.3
0.03866 36603.2
0.03867 36601.1
0.03868 36599.0
0.03869 36596.9
0.03870 36594.8
0.03871 36592.7
0.03872 36590.5
0.03873 36588.4
0.03874 36586.3
0.03875 36584.2
0.03876 36582.1
0.03877 36580.0
0.03878 36577.9
0.03879 36575.8
0.03880 36573.7
0.03881 36571.6
0.03882 36569.5
0.03883 36567.5
0.03884 36565.4
0.03885 36563.3
0.03886 36561.2
0.03887 36559.1
0.03888 36557.0
0.03889 36554.9
0.03890 36552.8
0.03891 36550.7
0.03892 36548.7
0.03893 36546.6
0.03894 36544.5
0.03895 36542.4
0.03896 36540.3
0.03897 36538.3
0.03898 36536.2
0.03899 36534.1
0.03900 36532.0
0.03901 36530.0
0.03902 36527.9
0.03903 36525.8
0.03904 36523.8
0.03905 36521.7
0.03906 36519.6
0.03907 36517.6
0.03908 36515.5
0.03909 36513.5
0.03910 36511.4
0.03911 36509.3
0.03912 36507.3
0.03913 36505.2
0.03914 36503.2
0.03915 36501.1
0.03916 36499.1
0.03917 36497.0
0.03918 36495.0
0.03919 36492.9
0.03920 36490.9
0.03921 36488.8
0.03922 36486.8
0.03923 36484.8
0.03924 36482.7
0.03925 36480.7
0.03926 36478.6
0.03927 36476.6
0.03928 36474.6
0.03929 36472.5
0.03930 36470.5
0.03931 36468.5
0.03932 36466.5
0.03933 36464.4
0.03934 36462.4
0.03935 36460.4
0.03936 36458.4
0.03937 36456.4
0.03938 36454.3
0.03939 36452.3
0.03940 36450.3
0.03941 36448.3
0.03942 36446.3
0.03943 36444.3
0.03944 36442.3
0.03945 36440.3
0.03946 36438.3
0.03947 36436.3
0.03948 36434.3
0.03949 36432.3
0.03950 36430.3
0.03951 36428.3
0.03952 36426.3
0.03953 36424.3
0.03954 36422.3
0.03955 36420.3
0.03956 36418.3
0.03957 36416.3
0.03958 36414.4
0.03959 36412.4
0.03960 36410.4
0.03961 36408.4
0.03962 36406.4
0.03963 36404.5
0.03964 36402.5
0.03965 36400.5
0.03966 36398.6
0.03967 36396.6
0.03968 36394.6
0.03969 36392.7
0.03970 36390.7
0.03971 36388.7
0.03972 36386.8
0.03973 36384.8
0.03974 36382.9
0.03975 36380.9
0.03976 36379.0
0.03977 36377.0
0.03978 36375.1
0.03979 36373.1
0.03980 36371.2
0.03981 36369.2
0.03982 36367.3
0.03983 36365.4
0.03984 36363.4
0.03985 36361.5
0.03986 36359.6
0.03987 36357.6
0.03988 36355.7
0.03989 36353.8
0.03990 36351.9
0.03991 36349.9
0.03992 36348.0
0.03993 36346.1
0.03994 36344.2
0.03995 36342.3
0.03996 36340.4
0.03997 36338.4
0.03998 36336.5
0.03999 36334.6
0.04000 36332.7
0.04001 36330.8
0.04002 36328.9
0.04003 36327.0
0.04004 36325.1
0.04005 36323.2
0.04006 36321.3
0.04007 36319.4
0.04008 36317.6
0.04009 36315.7
0.04010 36313.8
0.04011 36311.9
0.04012 36310.0
0.04013 36308.1
0.04014 36306.3
0.04015 36304.4
0.04016 36302.5
0.04017 36300.6
0.04018 36298.8
0.04019 36296.9
0.04020 36295.1
0.04021 36293.2
0.04022 36291.3
0.04023 36289.5
0.04024 36287.6
0.04025 36285.8
0.04026 36283.9
0.04027 36282.1
0.04028 36280.2
0.04029 36278.4
0.04030 36276.5
0.04031 36274.7
0.04032 36272.8
0.04033 36271.0
0.04034 36269.2
0.04035 36267.3
0.04036 36265.5
0.04037 36263.7
0.04038 36261.8
0.04039 36260.0
0.04040 36258.2
0.04041 36256.4
0.04042 36254.6
0.04043 36252.7
0.04044 36250.9
0.04045 36249.1
0.04046 36247.3
0.04047 36245.5
0.04048 36243.7
0.04049 36241.9
0.04050 36240.1
0.04051 36238.3
0.04052 36236.5
0.04053 36234.7
0.04054 36232.9
0.04055 36231.1
0.04056 36229.3
0.04057 36227.5
0.04058 36225.7
0.04059 36224.0
0.04060 36222.2
0.04061 36220.4
0.04062 36218.6
0.04063 36216.9
0.04064 36215.1
0.04065 36213.3
0.04066 36211.5
0.04067 36209.8
0.04068 36208.0
0.04069 36206.3
0.04070 36204.5
0.04071 36202.7
0.04072 36201.0
0.04073 36199.2
0.04074 36197.5
0.04075 36195.7
0.04076 36194.0
0.04077 36192.3
0.04078 36190.5
0.04079 36188.8
0.04080 36187.0
0.04081 36185.3
0.04082 36183.6
0.04083 36181.8
0.04084 36180.1
0.04085 36178.4
0.04086 36176.7
0.04087 36174.9
0.04088 36173.2
0.04089 36171.5
0.04090 36169.8
0.04091 36168.1
0.04092 36166.4
0.04093 36164.7
0.04094 36163.0
0.04095 36161.3
0.04096 36159.6
0.04097 36157.9
0.04098 36156.2
0.04099 36154.5
0.04100 36152.8
0.04101 36151.1
0.04102 36149.4
0.04103 36147.7
0.04104 36146.0
0.04105 36144.3
0.04106 36142.7
0.04107 36141.0
0.04108 36139.3
0.04109 36137.6
0.04110 36136.0
0.04111 36134.3
0.04112 36132.6
0.04113 36131.0
0.04114 36129.3
0.04115 36127.7
0.04116 36126.0
0.04117 36124.3
0.04118 36122.7
0.04119 36121.0
0.04120 36119.4
0.04121 36117.7
0.04122 36116.1
0.04123 36114.5
0.04124 36112.8
0.04125 36111.2
0.04126 36109.6
0.04127 36107.9
0.04128 36106.3
0.04129 36104.7
0.04130 36103.0
0.04131 36101.4
0.04132 36099.8
0.04133 36098.2
0.04134 36096.6
0.04135 36094.9
0.04136 36093.3
0.04137 36091.7
0.04138 36090.1
0.04139 36088.5
0.04140 36086.9
0.04141 36085.3
0.04142 36083.7
0.04143 36082.1
0.04144 36080.5
0.04145 36078.9
0.04146 36077.3
0.04147 36075.8
0.04148 36074.2
0.04149 36072.6
0.04150 36071.0
0.04151 36069.4
0.04152 36067.8
0.04153 36066.3
0.04154 36064.7
0.04155 36063.1
0.04156 36061.6
0.04157 36060.0
0.04158 36058.4
0.04159 36056.9
0.04160 36055.3
0.04161 36053.8
0.04162 36052.2
0.04163 36050.7
0.04164 36049.1
0.04165 36047.6
0.04166 36046.0
0.04167 36044.5
0.04168 36042.9
0.04169 36041.4
0.04170 36039.9
0.04171 36038.3
0.04172 36036.8
0.04173 36035.3
0.04174 36033.8
0.04175 36032.2
0.04176 36030.7
0.04177 36029.2
0.04178 36027.7
0.04179 36026.2
0.04180 36024.6
0.04181 36023.1
0.04182 36021.6
0.04183 36020.1
0.04184 36018.6
0.04185 36017.1
0.04186 36015.6
0.04187 36014.1
0.04188 36012.6
0.04189 36011.1
0.04190 36009.6
0.04191 36008.1
0.04192 36006.7
0.04193 36005.2
0.04194 36003.7
0.04195 36002.2
0.04196 36000.7
0.04197 35999.3
0.04198 35997.8
0.04199 35996.3
0.04200 35994.9
0.04201 35993.4
0.04202 35991.9
0.04203 35990.5
0.04204 35989.0
0.04205 35987.5
0.04206 35986.1
0.04207 35984.6
0.04208 35983.2
0.04209 35981.7
0.04210 35980.3
0.04211 35978.8
0.04212 35977.4
0.04213 35976.0
0.04214 35974.5
0.04215 35973.1
0.04216 35971.7
0.04217 35970.2
0.04218 35968.8
0.04219 35967.4
0.04220 35966.0
0.04221 35964.5
0.04222 35963.1
0.04223 35961.7
0.04224 35960.3
0.04225 35958.9
0.04226 35957.5
0.04227 35956.0
0.04228 35954.6
0.04229 35953.2
0.04230 35951.8
0.04231 35950.4
0.04232 35949.0
0.04233 35947.6
0.04234 35946.2
0.04235 35944.9
0.04236 35943.5
0.04237 35942.1
0.04238 35940.7
0.04239 35939.3
0.04240 35937.9
0.04241 35936.6
0.04242 35935.2
0.04243 35933.8
0.04244 35932.4
0.04245 35931.1
0.04246 35929.7
0.04247 35928.3
0.04248 35927.0
0.04249 35925.6
0.04250 35924.3
0.04251 35922.9
0.04252 35921.5
0.04253 35920.2
0.04254 35918.8
0.04255 35917.5
0.04256 35916.2
0.04257 35914.8
0.04258 35913.5
0.04259 35912.1
0.04260 35910.8
0.04261 35909.5
0.04262 35908.1
0.04263 35906.8
0.04264 35905.5
0.04265 35904.1
0.04266 35902.8
0.04267 35901.5
0.04268 35900.2
0.04269 35898.9
0.04270 35897.5
0.04271 35896.2
0.04272 35894.9
0.04273 35893.6
0.04274 35892.3
0.04275 35891.0
0.04276 35889.7
0.04277 35888.4
0.04278 35887.1
0.04279 35885.8
0.04280 35884.5
0.04281 35883.2
0.04282 35881.9
0.04283 35880.6
0.04284 35879.4
0.04285 35878.1
0.04286 35876.8
0.04287 35875.5
0.04288 35874.2
0.04289 35873.0
0.04290 35871.7
0.04291 35870.4
0.04292 35869.1
0.04293 35867.9
0.04294 35866.6
0.04295 35865.3
0.04296 35864.1
0.04297 35862.8
0.04298 35861.6
0.04299 35860.3
0.04300 35859.1
0.04301 35857.8
0.04302 35856.6
0.04303 35855.3
0.04304 35854.1
0.04305 35852.8
0.04306 35851.6
0.04307 35850.4
0.04308 35849.1
0.04309 35847.9
0.04310 35846.7
0.04311 35845.4
0.04312 35844.2
0.04313 35843.0
0.04314 35841.8
0.04315 35840.5
0.04316 35839.3
0.04317 35838.1
0.04318 35836.9
0.04319 35835.7
0.04320 35834.5
0.04321 35833.3
0.04322 35832.0
0.04323 35830.8
0.04324 35829.6
0.04325 35828.4
0.04326 35827.2
0.04327 35826.0
0.04328 35824.8
0.04329 35823.7
0.04330 35822.5
0.04331 35821.3
0.04332 35820.1
0.04333 35818.9
0.04334 35817.7
0.04335 35816.5
0.04336 35815.4
0.04337 35814.2
0.04338 35813.0
0.04339 35811.8
0.04340 35810.7
0.04341 35809.5
0.04342 35808.3
0.04343 35807.2
0.04344 35806.0
0.04345 35804.8
0.04346 35803.7
0.04347 35802.5
0.04348 35801.4
0.04349 35800.2
0.04350 35799.1
0.04351 35797.9
0.04352 35796.8
0.04353 35795.6
0.04354 35794.5
0.04355 35793.4
0.04356 35792.2
0.04357 35791.1
0.04358 35789.9
0.04359 35788.8
0.04360 35787.7
0.04361 35786.5
0.04362 35785.4
0.04363 35784.3
0.04364 35783.2
0.04365 35782.0
0.04366 35780.9
0.04367 35779.8
0.04368 35778.7
0.04369 35777.6
0.04370 35776.5
0.04371 35775.4
0.04372 35774.3
0.04373 35773.1
0.04374 35772.0
0.04375 35770.9
0.04376 35769.8
0.04377 35768.7
0.04378 35767.6
0.04379 35766.6
0.04380 35765.5
0.04381 35764.4
0.04382 35763.3
0.04383 35762.2
0.04384 35761.1
0.04385 35760.0
0.04386 35758.9
0.04387 35757.9
0.04388 35756.8
0.04389 35755.7
0.04390 35754.6
0.04391 35753.6
0.04392 35752.5
0.04393 35751.4
0.04394 35750.4
0.04395 35749.3
0.04396 35748.2
0.04397 35747.2
0.04398 35746.1
0.04399 35745.1
0.04400 35744.0
0.04401 35743.0
0.04402 35741.9
0.04403 35740.9
0.04404 35739.8
0.04405 35738.8
0.04406 35737.7
0.04407 35736.7
0.04408 35735.6
0.04409 35734.6
0.04410 35733.6
0.04411 35732.5
0.04412 35731.5
0.04413 35730.5
0.04414 35729.4
0.04415 35728.4
0.04416 35727.4
0.04417 35726.4
0.04418 35725.3
0.04419 35724.3
0.04420 35723.3
0.04421 35722.3
0.04422 35721.3
0.04423 35720.3
0.04424 35719.3
0.04425 35718.2
0.04426 35717.2
0.04427 35716.2
0.04428 35715.2
0.04429 35714.2
0.04430 35713.2
0.04431 35712.2
0.04432 35711.2
0.04433 35710.2
0.04434 35709.2
0.04435 35708.3
0.04436 35707.3
0.04437 35706.3
0.04438 35705.3
0.04439 35704.3
0.04440 35703.3
0.04441 35702.3
0.04442 35701.4
0.04443 35700.4
0.04444 35699.4
0.04445 35698.4
0.04446 35697.5
0.04447 35696.5
0.04448 35695.5
0.04449 35694.6
0.04450 35693.6
0.04451 35692.6
0.04452 35691.7
0.04453 35690.7
0.04454 35689.8
0.04455 35688.8
0.04456 35687.8
0.04457 35686.9
0.04458 35685.9
0.04459 35685.0
0.04460 35684.0
0.04461 35683.1
0.04462 35682.2
0.04463 35681.2
0.04464 35680.3
0.04465 35679.3
0.04466 35678.4
0.04467 35677.5
0.04468 35676.5
0.04469 35675.6
0.04470 35674.7
0.04471 35673.7
0.04472 35672.8
0.04473 35671.9
0.04474 35671.0
0.04475 35670.0
0.04476 35669.1
0.04477 35668.2
0.04478 35667.3
0.04479 35666.4
0.04480 35665.4
0.04481 35664.5
0.04482 35663.6
0.04483 35662.7
0.04484 35661.8
0.04485 35660.9
0.04486 35660.0
0.04487 35659.1
0.04488 35658.2
0.04489 35657.3
0.04490 35656.4
0.04491 35655.5
0.04492 35654.6
0.04493 35653.7
0.04494 35652.8
0.04495 35651.9
0.04496 35651.1
0.04497 35650.2
0.04498 35649.3
0.04499 35648.4
0.04500 35647.5
0.04501 35646.6
0.04502 35645.8
0.04503 35644.9
0.04504 35644.0
0.04505 35643.1
0.04506 35642.3
0.04507 35641.4
0.04508 35640.5
0.04509 35639.7
0.04510 35638.8
0.04511 35637.9
0.04512 35637.1
0.04513 35636.2
0.04514 35635.4
0.04515 35634.5
0.04516 35633.6
0.04517 35632.8
0.04518 35631.9
0.04519 35631.1
0.04520 35630.2
0.04521 35629.4
0.04522 35628.5
0.04523 35627.7
0.04524 35626.9
0.04525 35626.0
0.04526 35625.2
0.04527 35624.3
0.04528 35623.5
0.04529 35622.7
0.04530 35621.8
0.04531 35621.0
0.04532 35620.2
0.04533 35619.3
0.04534 35618.5
0.04535 35617.7
0.04536 35616.9
0.04537 35616.0
0.04538 35615.2
0.04539 35614.4
0.04540 35613.6
0.04541 35612.8
0.04542 35612.0
0.04543 35611.1
0.04544 35610.3
0.04545 35609.5
0.04546 35608.7
0.04547 35607.9
0.04548 35607.1
0.04549 35606.3
0.04550 35605.5
0.04551 35604.7
0.04552 35603.9
0.04553 35603.1
0.04554 35602.3
0.04555 35601.5
0.04556 35600.7
0.04557 35599.9
0.04558 35599.1
0.04559 35598.3
0.04560 35597.5
0.04561 35596.7
0.04562 35596.0
0.04563 35595.2
0.04564 35594.4
0.04565 35593.6
0.04566 35592.8
0.04567 35592.1
0.04568 35591.3
0.04569 35590.5
0.04570 35589.7
0.04571 35589.0
0.04572 35588.2
0.04573 35587.4
0.04574 35586.6
0.04575 35585.9
0.04576 35585.1
0.04577 35584.4
0.04578 35583.6
0.04579 35582.8
0.04580 35582.1
0.04581 35581.3
0.04582 35580.6
0.04583 35579.8
0.04584 35579.0
0.04585 35578.3
0.04586 35577.5
0.04587 35576.8
0.04588 35576.0
0.04589 35575.3
0.04590 35574.6
0.04591 35573.8
0.04592 35573.1
0.04593 35572.3
0.04594 35571.6
0.04595 35570.8
0.04596 35570.1
0.04597 35569.4
0.04598 35568.6
0.04599 35567.9
0.04600 35567.2
0.04601 35566.4
0.04602 35565.7
0.04603 35565.0
0.04604 35564.3
0.04605 35563.5
0.04606 35562.8
0.04607 35562.1
0.04608 35561.4
0.04609 35560.7
0.04610 35559.9
0.04611 35559.2
0.04612 35558.5
0.04613 35557.8
0.04614 35557.1
0.04615 35556.4
0.04616 35555.7
0.04617 35554.9
0.04618 35554.2
0.04619 35553.5
0.04620 35552.8
0.04621 35552.1
0.04622 35551.4
0.04623 35550.7
0.04624 35550.0
0.04625 35549.3
0.04626 35548.6
0.04627 35547.9
0.04628 35547.2
0.04629 35546.5
0.04630 35545.9
0.04631 35545.2
0.04632 35544.5
0.04633 35543.8
0.04634 35543.1
0.04635 35542.4
0.04636 35541.7
0.04637 35541.1
0.04638 35540.4
0.04639 35539.7
0.04640 35539.0
0.04641 35538.3
0.04642 35537.7
0.04643 35537.0
0.04644 35536.3
0.04645 35535.6
0.04646 35535.0
0.04647 35534.3
0.04648 35533.6
0.04649 35533.0
0.04650 35532.3
0.04651 35531.6
0.04652 35531.0
0.04653 35530.3
0.04654 35529.7
0.04655 35529.0
0.04656 35528.3
0.04657 35527.7
0.04658 35527.0
0.04659 35526.4
0.04660 35525.7
0.04661 35525.1
0.04662 35524.4
0.04663 35523.8
0.04664 35523.1
0.04665 35522.5
0.04666 35521.8
0.04667 35521.2
0.04668 35520.5
0.04669 35519.9
0.04670 35519.3
0.04671 35518.6
0.04672 35518.0
0.04673 35517.3
0.04674 35516.7
0.04675 35516.1
0.04676 35515.4
0.04677 35514.8
0.04678 35514.2
0.04679 35513.5
0.04680 35512.9
0.04681 35512.3
0.04682 35511.7
0.04683 35511.0
0.04684 35510.4
0.04685 35509.8
0.04686 35509.2
0.04687 35508.5
0.04688 35507.9
0.04689 35507.3
0.04690 35506.7
0.04691 35506.1
0.04692 35505.5
0.04693 35504.8
0.04694 35504.2
0.04695 35503.6
0.04696 35503.0
0.04697 35502.4
0.04698 35501.8
0.04699 35501.2
0.04700 35500.6
0.04701 35500.0
0.04702 35499.4
0.04703 35498.8
0.04704 35498.2
0.04705 35497.6
0.04706 35497.0
0.04707 35496.4
0.04708 35495.8
0.04709 35495.2
0.04710 35494.6
0.04711 35494.0
0.04712 35493.4
0.04713 35492.8
0.04714 35492.2
0.04715 35491.6
0.04716 35491.1
0.04717 35490.5
0.04718 35489.9
0.04719 35489.3
0.04720 35488.7
0.04721 35488.1
0.04722 35487.6
0.04723 35487.0
0.04724 35486.4
0.04725 35485.8
0.04726 35485.2
0.04727 35484.7
0.04728 35484.1
0.04729 35483.5
0.04730 35483.0
0.04731 35482.4
0.04732 35481.8
0.04733 35481.2
0.04734 35480.7
0.04735 35480.1
0.04736 35479.5
0.04737 35479.0
0.04738 35478.4
0.04739 35477.9
0.04740 35477.3
0.04741 35476.7
0.04742 35476.2
0.04743 35475.6
0.04744 35475.1
0.04745 35474.5
0.04746 35474.0
0.04747 35473.4
0.04748 35472.9
0.04749 35472.3
0.04750 35471.7
0.04751 35471.2
0.04752 35470.7
0.04753 35470.1
0.04754 35469.6
0.04755 35469.0
0.04756 35468.5
0.04757 35467.9
0.04758 35467.4
0.04759 35466.8
0.04760 35466.3
0.04761 35465.8
0.04762 35465.2
0.04763 35464.7
0.04764 35464.2
0.04765 35463.6
0.04766 35463.1
0.04767 35462.6
0.04768 35462.0
0.04769 35461.5
0.04770 35461.0
0.04771 35460.4
0.04772 35459.9
0.04773 35459.4
0.04774 35458.9
0.04775 35458.3
0.04776 35457.8
0.04777 35457.3
0.04778 35456.8
0.04779 35456.2
0.04780 35455.7
0.04781 35455.2
0.04782 35454.7
0.04783 35454.2
0.04784 35453.7
0.04785 35453.1
0.04786 35452.6
0.04787 35452.1
0.04788 35451.6
0.04789 35451.1
0.04790 35450.6
0.04791 35450.1
0.04792 35449.6
0.04793 35449.1
0.04794 35448.6
0.04795 35448.1
0.04796 35447.6
0.04797 35447.0
0.04798 35446.5
0.04799 35446.0
0.04800 35445.5
0.04801 35445.0
0.04802 35444.6
0.04803 35444.1
0.04804 35443.6
0.04805 35443.1
0.04806 35442.6
0.04807 35442.1
0.04808 35441.6
0.04809 35441.1
0.04810 35440.6
0.04811 35440.1
0.04812 35439.6
0.04813 35439.1
0.04814 35438.6
0.04815 35438.2
0.04816 35437.7
0.04817 35437.2
0.04818 35436.7
0.04819 35436.2
0.04820 35435.8
0.04821 35435.3
0.04822 35434.8
0.04823 35434.3
0.04824 35433.8
0.04825 35433.4
0.04826 35432.9
0.04827 35432.4
0.04828 35431.9
0.04829 35431.5
0.04830 35431.0
0.04831 35430.5
0.04832 35430.0
0.04833 35429.6
0.04834 35429.1
0.04835 35428.6
0.04836 35428.2
0.04837 35427.7
0.04838 35427.2
0.04839 35426.8
0.04840 35426.3
0.04841 35425.9
0.04842 35425.4
0.04843 35424.9
0.04844 35424.5
0.04845 35424.0
0.04846 35423.6
0.04847 35423.1
0.04848 35422.7
0.04849 35422.2
0.04850 35421.7
0.04851 35421.3
0.04852 35420.8
0.04853 35420.4
0.04854 35419.9
0.04855 35419.5
0.04856 35419.0
0.04857 35418.6
0.04858 35418.1
0.04859 35417.7
0.04860 35417.2
0.04861 35416.8
0.04862 35416.4
0.04863 35415.9
0.04864 35415.5
0.04865 35415.0
0.04866 35414.6
0.04867 35414.2
0.04868 35413.7
0.04869 35413.3
0.04870 35412.8
0.04871 35412.4
0.04872 35412.0
0.04873 35411.5
0.04874 35411.1
0.04875 35410.7
0.04876 35410.2
0.04877 35409.8
0.04878 35409.4
0.04879 35408.9
0.04880 35408.5
0.04881 35408.1
0.04882 35407.7
0.04883 35407.2
0.04884 35406.8
0.04885 35406.4
0.04886 35406.0
0.04887 35405.5
0.04888 35405.1
0.04889 35404.7
0.04890 35404.3
0.04891 35403.9
0.04892 35403.4
0.04893 35403.0
0.04894 35402.6
0.04895 35402.2
0.04896 35401.8
0.04897 35401.4
0.04898 35400.9
0.04899 35400.5
0.04900 35400.1
0.04901 35399.7
0.04902 35399.3
0.04903 35398.9
0.04904 35398.5
0.04905 35398.1
0.04906 35397.7
0.04907 35397.3
0.04908 35396.8
0.04909 35396.4
0.04910 35396.0
0.04911 35395.6
0.04912 35395.2
0.04913 35394.8
0.04914 35394.4
0.04915 35394.0
0.04916 35393.6
0.04917 35393.2
0.04918 35392.8
0.04919 35392.4
0.04920 35392.0
0.04921 35391.6
0.04922 35391.2
0.04923 35390.8
0.04924 35390.5
0.04925 35390.1
0.04926 35389.7
0.04927 35389.3
0.04928 35388.9
0.04929 35388.5
0.04930 35388.1
0.04931 35387.7
0.04932 35387.3
0.04933 35386.9
0.04934 35386.6
0.04935 35386.2
0.04936 35385.8
0.04937 35385.4
0.04938 35385.0
0.04939 35384.6
0.04940 35384.3
0.04941 35383.9
0.04942 35383.5
0.04943 35383.1
0.04944 35382.7
0.04945 35382.4
0.04946 35382.0
0.04947 35381.6
0.04948 35381.2
0.04949 35380.8
0.04950 35380.5
0.04951 35380.1
0.04952 35379.7
0.04953 35379.4
0.04954 35379.0
0.04955 35378.6
0.04956 35378.2
0.04957 35377.9
0.04958 35377.5
0.04959 35377.1
0.04960 35376.8
0.04961 35376.4
0.04962 35376.0
0.04963 35375.7
0.04964 35375.3
0.04965 35374.9
0.04966 35374.6
0.04967 35374.2
0.04968 35373.8
0.04969 35373.5
0.04970 35373.1
0.04971 35372.8
0.04972 35372.4
0.04973 35372.1
0.04974 35371.7
0.04975 35371.3
0.04976 35371.0
0.04977 35370.6
0.04978 35370.3
0.04979 35369.9
0.04980 35369.6
0.04981 35369.2
0.04982 35368.9
0.04983 35368.5
0.04984 35368.2
0.04985 35367.8
0.04986 35367.5
0.04987 35367.1
0.04988 35366.8
0.04989 35366.4
0.04990 35366.1
0.04991 35365.7
0.04992 35365.4
0.04993 35365.0
0.04994 35364.7
0.04995 35364.3
0.04996 35364.0
0.04997 35363.6
0.04998 35363.3
0.04999 35363.0
0.05000 35159.8
0.05001 35159.8
0.05002 35159.8
0.05003 35159.8
0.05004 35159.8
0.05005 35159.8
0.05006 35159.8
0.05007 35159.8
0.05008 35159.8
0.05009 35159.8
0.05010 35159.8
0.05011 35159.8
0.05012 35159.8
0.05013 35159.8
0.05014 35159.8
0.05015 35159.8
0.05016 35159.8
0.05017 35159.8
0.05018 35159.8
0.05019 35159.8
0.05020 35159.8
0.05021 35159.8
0.05022 35159.8
0.05023 35159.8
0.05024 35159.8
0.05025 35159.8
0.05026 35159.8
0.05027 35159.8
0.05028 35159.8
0.05029 35159.8
0.05030 35159.8
0.05031 35159.8
0.05032 35159.8
0.05033 35159.8
0.05034 35159.8
0.05035 35159.8
0.05036 35159.8
0.05037 35159.8
0.05038 35159.8
0.05039 35159.8
0.05040 35159.8
0.05041 35159.8
0.05042 35159.8
0.05043 35159.8
0.05044 35159.8
0.05045 35159.8
0.05046 35159.8
0.05047 35159.8
0.05048 35159.8
0.05049 35159.8
0.05050 35159.8
0.05051 35159.8
0.05052 35159.8
0.05053 35159.8
0.05054 35159.8
0.05055 35159.8
0.05056 35159.8
0.05057 35159.8
0.05058 35159.8
0.05059 35159.8
0.05060 35159.8
0.05061 35159.8
0.05062 35159.8
0.05063 35159.8
0.05064 35159.8
0.05065 35159.8
0.05066 35159.8
0.05067 35159.8
0.05068 35159.8
0.05069 35159.8
0.05070 35159.8
0.05071 35159.8
0.05072 35159.8
0.05073 35159.8
0.05074 35159.8
0.05075 35159.8
0.05076 35159.8
0.05077 35159.8
0.05078 35159.8
0.05079 35159.8
0.05080 35159.8
0.05081 35159.8
0.05082 35159.8
0.05083 35159.8
0.05084 35159.8
0.05085 35159.8
0.05086 35159.8
0.05087 35159.8
0.05088 35159.8
0.05089 35159.8
0.05090 35159.8
0.05091 35159.8
0.05092 35159.8
0.05093 35159.8
0.05094 35159.8
0.05095 35159.8
0.05096 35159.8
0.05097 35159.8
0.05098 35159.8
0.05099 35159.8
0.05100 35159.8
0.05101 35159.8
0.05102 35159.8
0.05103 35159.8
0.05104 35159.8
0.05105 35159.8
0.05106 35159.8
0.05107 35159.8
0.05108 35159.8
0.05109 35159.8
0.05110 35159.8
0.05111 35159.8
0.05112 35159.8
0.05113 35159.8
0.05114 35159.8
0.05115 35159.8
0.05116 35159.8
0.05117 35159.8
0.05118 35159.8
0.05119 35159.8
0.05120 35159.8
0.05121 35159.8
0.05122 35159.8
0.05123 35159.8
0.05124 35159.8
0.05125 35159.8
0.05126 35159.8
0.05127 35159.8
0.05128 35159.8
0.05129 35159.8
0.05130 35159.8
0.05131 35159.8
0.05132 35159.8
0.05133 35159.8
0.05134 35159.8
0.05135 35159.8
0.05136 35159.8
0.05137 35159.8
0.05138 35159.8
0.05139 35159.8
0.05140 35159.8
0.05141 35159.8
0.05142 35159.8
0.05143 35159.8
0.05144 35159.8
0.05145 35159.8
0.05146 35159.8
0.05147 35159.8
0.05148 35159.8
0.05149 35159.8
0.05150 35159.8
0.05151 35159.8
0.05152 35159.8
0.05153 35159.8
0.05154 35159.8
0.05155 35159.8
0.05156 35159.8
0.05157 35159.8
0.05158 35159.8
0.05159 35159.8
0.05160 35159.8
0.05161 35159.8
0.05162 35159.8
0.05163 35159.8
0.05164 35159.8
0.05165 35159.8
0.05166 35159.8
0.05167 35159.8
0.05168 35159.8
0.05169 35159.8
0.05170 35159.8
0.05171 35159.8
0.05172 35159.8
0.05173 35159.8
0.05174 35159.8
0.05175 35159.8
0.05176 35159.8
0.05177 35159.8
0.05178 35159.8
0.05179 35159.8
0.05180 35159.8
0.05181 35159.8
0.05182 35159.8
0.05183 35159.8
0.05184 35159.8
0.05185 35159.8
0.05186 35159.8
0.05187 35159.8
0.05188 35159.8
0.05189 35159.8
0.05190 35159.8
0.05191 35159.8
0.05192 35159.8
0.05193 35159.8
0.05194 35159.8
0.05195 35159.8
0.05196 35159.8
0.05197 35159.8
0.05198 35159.8
0.05199 35159.8
0.05200 35159.8
0.05201 35159.8
0.05202 35159.8
0.05203 35159.8
0.05204 35159.8
0.05205 35159.8
0.05206 35159.8
0.05207 35159.8
0.05208 35159.8
0.05209 35159.8
0.05210 35159.8
0.05211 35159.8
0.05212 35159.8
0.05213 35159.8
0.05214 35159.8
0.05215 35159.8
0.05216 35159.8
0.05217 35159.8
0.05218 35159.8
0.05219 35159.8
0.05220 35159.8
0.05221 35159.8
0.05222 35159.8
0.05223 35159.8
0.05224 35159.8
0.05225 35159.8
0.05226 35159.8
0.05227 35159.8
0.05228 35159.8
0.05229 35159.8
0.05230 35159.8
0.05231 35159.8
0.05232 35159.8
0.05233 35159.8
0.05234 35159.8
0.05235 35159.8
0.05236 35159.8
0.05237 35159.8
0.05238 35159.8
0.05239 35159.8
0.05240 35159.8
0.05241 35159.8
0.05242 35159.8
0.05243 35159.8
0.05244 35159.8
0.05245 35159.8
0.05246 35159.8
0.05247 35159.8
0.05248 35159.8
0.05249 35159.8
0.05250 35159.8
0.05251 35159.8
0.05252 35159.8
0.05253 35159.8
0.05254 35159.8
0.05255 35159.8
0.05256 35159.8
0.05257 35159.8
0.05258 35159.8
0.05259 35159.8
0.05260 35159.8
0.05261 35159.8
0.05262 35159.8
0.05263 35159.8
0.05264 35159.8
0.05265 35159.8
0.05266 35159.8
0.05267 35159.8
0.05268 35159.8
0.05269 35159.8
0.05270 35159.8
0.05271 35159.8
0.05272 35159.8
0.05273 35159.8
0.05274 35159.8
0.05275 35159.8
0.05276 35159.8
0.05277 35159.8
0.05278 35159.8
0.05279 35159.8
0.05280 35159.8
0.05281 35159.8
0.05282 35159.8
0.05283 35159.8
0.05284 35159.8
0.05285 35159.8
0.05286 35159.8
0.05287 35159.8
0.05288 35159.8
0.05289 35159.8
0.05290 35159.8
0.05291 35159.8
0.05292 35159.8
0.05293 35159.8
0.05294 35159.8
0.05295 35159.8
0.05296 35159.8
0.05297 35159.8
0.05298 35159.8
0.05299 35159.8
0.05300 35159.8
0.05301 35159.8
0.05302 35159.8
0.05303 35159.8
0.05304 35159.8
0.05305 35159.8
0.05306 35159.8
0.05307 35159.8
0.05308 35159.8
0.05309 35159.8
0.05310 35159.8
0.05311 35159.8
0.05312 35159.8
0.05313 35159.8
0.05314 35159.8
0.05315 35159.8
0.05316 35159.8
0.05317 35159.8
0.05318 35159.8
0.05319 35159.8
0.05320 35159.8
0.05321 35159.8
0.05322 35159.8
0.05323 35159.8
0.05324 35159.8
0.05325 35159.8
0.05326 35159.8
0.05327 35159.8
0.05328 35159.8
0.05329 35159.8
0.05330 35159.8
0.05331 35159.8
0.05332 35159.8
0.05333 35159.8
0.05334 35159.8
0.05335 35159.8
0.05336 35159.8
0.05337 35159.8
0.05338 35159.8
0.05339 35159.8
0.05340 35159.8
0.05341 35159.8
0.05342 35159.8
0.05343 35159.8
0.05344 35159.8
0.05345 35159.8
0.05346 35159.8
0.05347 35159.8
0.05348 35159.8
0.05349 35159.8
0.05350 35159.8
0.05351 35159.8
0.05352 35159.8
0.05353 35159.8
0.05354 35159.8
0.05355 35159.8
0.05356 35159.8
0.05357 35159.8
0.05358 35159.8
0.05359 35159.8
0.05360 35159.8
0.05361 35159.8
0.05362 35159.8
0.05363 35159.8
0.05364 35159.8
0.05365 35159.8
0.05366 35159.8
0.05367 35159.8
0.05368 35159.8
0.05369 35159.8
0.05370 35159.8
0.05371 35159.8
0.05372 35159.8
0.05373 35159.8
0.05374 35159.8
0.05375 35159.8
0.05376 35159.8
0.05377 35159.8
0.05378 35159.8
0.05379 35159.8
0.05380 35159.8
0.05381 35159.8
0.05382 35159.8
0.05383 35159.8
0.05384 35159.8
0.05385 35159.8
0.05386 35159.8
0.05387 35159.8
0.05388 35159.8
0.05389 35159.8
0.05390 35159.8
0.05391 35159.8
0.05392 35159.8
0.05393 35159.8
0.05394 35159.8
0.05395 35159.8
0.05396 35159.8
0.05397 35159.8
0.05398 35159.8
0.05399 35159.8
0.05400 35159.8
0.05401 35159.8
0.05402 35159.8
0.05403 35159.8
0.05404 35159.8
0.05405 35159.8
0.05406 35159.8
0.05407 35159.8
0.05408 35159.8
0.05409 35159.8
0.05410 35159.8
0.05411 35159.8
0.05412 35159.8
0.05413 35159.8
0.05414 35159.8
0.05415 35159.8
0.05416 35159.8
0.05417 35159.8
0.05418 35159.8
0.05419 35159.8
0.05420 35159.8
0.05421 35159.8
0.05422 35159.8
0.05423 35159.8
0.05424 35159.8
0.05425 35159.8
0.05426 35159.8
0.05427 35159.8
0.05428 35159.8
0.05429 35159.8
0.05430 35159.8
0.05431 35159.8
0.05432 35159.8
0.05433 35159.8
0.05434 35159.8
0.05435 35159.8
0.05436 35159.8
0.05437 35159.8
0.05438 35159.8
0.05439 35159.8
0.05440 35159.8
0.05441 35159.8
0.05442 35159.8
0.05443 35159.8
0.05444 35159.8
0.05445 35159.8
0.05446 35159.8
0.05447 35159.8
0.05448 35159.8
0.05449 35159.8
0.05450 35159.8
0.05451 35159.8
0.05452 35159.8
0.05453 35159.8
0.05454 35159.8
0.05455 35159.8
0.05456 35159.8
0.05457 35159.8
0.05458 35159.8
0.05459 35159.8
0.05460 35159.8
0.05461 35159.8
0.05462 35159.8
0.05463 35159.8
0.05464 35159.8
0.05465 35159.8
0.05466 35159.8
0.05467 35159.8
0.05468 35159.8
0.05469 35159.8
0.05470 35159.8
0.05471 35159.8
0.05472 35159.8
0.05473 35159.8
0.05474 35159.8
0.05475 35159.8
0.05476 35159.8
0.05477 35159.8
0.05478 35159.8
0.05479 35159.8
0.05480 35159.8
0.05481 35159.8
0.05482 35159.8
0.05483 35159.8
0.05484 35159.8
0.05485 35159.8
0.05486 35159.8
0.05487 35159.8
0.05488 35159.8
0.05489 35159.8
0.05490 35159.8
0.05491 35159.8
0.05492 35159.8
0.05493 35159.8
0.05494 35159.8
0.05495 35159.8
0.05496 35159.8
0.05497 35159.8
0.05498 35159.8
0.05499 35159.8
0.05500 35159.8
0.05501 35159.8
0.05502 35159.8
0.05503 35159.8
0.05504 35159.8
0.05505 35159.8
0.05506 35159.8
0.05507 35159.8
0.05508 35159.8
0.05509 35159.8
0.05510 35159.8
0.05511 35159.8
0.05512 35159.8
0.05513 35159.8
0.05514 35159.8
0.05515 35159.8
0.05516 35159.8
0.05517 35159.8
0.05518 35159.8
0.05519 35159.8
0.05520 35159.8
0.05521 35159.8
0.05522 35159.8
0.05523 35159.8
0.05524 35159.8
0.05525 35159.8
0.05526 35159.8
0.05527 35159.8
0.05528 35159.8
0.05529 35159.8
0.05530 35159.8
0.05531 35159.8
0.05532 35159.8
0.05533 35159.8
0.05534 35159.8
0.05535 35159.8
0.05536 35159.8
0.05537 35159.8
0.05538 35159.8
0.05539 35159.8
0.05540 35159.8
0.05541 35159.8
0.05542 35159.8
0.05543 35159.8
0.05544 35159.8
0.05545 35159.8
0.05546 35159.8
0.05547 35159.8
0.05548 35159.8
0.05549 35159.8
0.05550 35159.8
0.05551 35159.8
0.05552 35159.8
0.05553 35159.8
0.05554 35159.8
0.05555 35159.8
0.05556 35159.8
0.05557 35159.8
0.05558 35159.8
0.05559 35159.8
0.05560 35159.8
0.05561 35159.8
0.05562 35159.8
0.05563 35159.8
0.05564 35159.8
0.05565 35159.8
0.05566 35159.8
0.05567 35159.8
0.05568 35159.8
0.05569 35159.8
0.05570 35159.8
0.05571 35159.8
0.05572 35159.8
0.05573 35159.8
0.05574 35159.8
0.05575 35159.8
0.05576 35159.8
0.05577 35159.8
0.05578 35159.8
0.05579 35159.8
0.05580 35159.8
0.05581 35159.8
0.05582 35159.8
0.05583 35159.8
0.05584 35159.8
0.05585 35159.8
0.05586 35159.8
0.05587 35159.8
0.05588 35159.8
0.05589 35159.8
0.05590 35159.8
0.05591 35159.8
0.05592 35159.8
0.05593 35159.8
0.05594 35159.8
0.05595 35159.8
0.05596 35159.8
0.05597 35159.8
0.05598 35159.8
0.05599 35159.8
0.05600 35159.8
0.05601 35159.8
0.05602 35159.8
0.05603 35159.8
0.05604 35159.8
0.05605 35159.8
0.05606 35159.8
0.05607 35159.8
0.05608 35159.8
0.05609 35159.8
0.05610 35159.8
0.05611 35159.8
0.05612 35159.8
0.05613 35159.8
0.05614 35159.8
0.05615 35159.8
0.05616 35159.8
0.05617 35159.8
0.05618 35159.8
0.05619 35159.8
0.05620 35159.8
0.05621 35159.8
0.05622 35159.8
0.05623 35159.8
0.05624 35159.8
0.05625 35159.8
0.05626 35159.8
0.05627 35159.8
0.05628 35159.8
0.05629 35159.8
0.05630 35159.8
0.05631 35159.8
0.05632 35159.8
0.05633 35159.8
0.05634 35159.8
0.05635 35159.8
0.05636 35159.8
0.05637 35159.8
0.05638 35159.8
0.05639 35159.8
0.05640 35159.8
0.05641 35159.8
0.05642 35159.8
0.05643 35159.8
0.05644 35159.8
0.05645 35159.8
0.05646 35159.8
0.05647 35159.8
0.05648 35159.8
0.05649 35159.8
0.05650 35159.8
0.05651 35159.8
0.05652 35159.8
0.05653 35159.8
0.05654 35159.8
0.05655 35159.8
0.05656 35159.8
0.05657 35159.8
0.05658 35159.8
0.05659 35159.8
0.05660 35159.8
0.05661 35159.8
0.05662 35159.8
0.05663 35159.8
0.05664 35159.8
0.05665 35159.8
0.05666 35159.8
0.05667 35159.8
0.05668 35159.8
0.05669 35159.8
0.05670 35159.8
0.05671 35159.8
0.05672 35159.8
0.05673 35159.8
0.05674 35159.8
0.05675 35159.8
0.05676 35159.8
0.05677 35159.8
0.05678 35159.8
0.05679 35159.8
0.05680 35159.8
0.05681 35159.8
0.05682 35159.8
0.05683 35159.8
0.05684 35159.8
0.05685 35159.8
0.05686 35159.8
0.05687 35159.8
0.05688 35159.8
0.05689 35159.8
0.05690 35159.8
0.05691 35159.8
0.05692 35159.8
0.05693 35159.8
0.05694 35159.8
0.05695 35159.8
0.05696 35159.8
0.05697 35159.8
0.05698 35159.8
0.05699 35159.8
0.05700 35159.8
0.05701 35159.8
0.05702 35159.8
0.05703 35159.8
0.05704 35159.8
0.05705 35159.8
0.05706 35159.8
0.05707 35159.8
0.05708 35159.8
0.05709 35159.8
0.05710 35159.8
0.05711 35159.8
0.05712 35159.8
0.05713 35159.8
0.05714 35159.8
0.05715 35159.8
0.05716 35159.8
0.05717 35159.8
0.05718 35159.8
0.05719 35159.8
0.05720 35159.8
0.05721 35159.8
0.05722 35159.8
0.05723 35159.8
0.05724 35159.8
0.05725 35159.8
0.05726 35159.8
0.05727 35159.8
0.05728 35159.8
0.05729 35159.8
0.05730 35159.8
0.05731 35159.8
0.05732 35159.8
0.05733 35159.8
0.05734 35159.8
0.05735 35159.8
0.05736 35159.8
0.05737 35159.8
0.05738 35159.8
0.05739 35159.8
0.05740 35159.8
0.05741 35159.8
0.05742 35159.8
0.05743 35159.8
0.05744 35159.8
0.05745 35159.8
0.05746 35159.8
0.05747 35159.8
0.05748 35159.8
0.05749 35159.8
0.05750 35159.8
0.05751 35159.8
0.05752 35159.8
0.05753 35159.8
0.05754 35159.8
0.05755 35159.8
0.05756 35159.8
0.05757 35159.8
0.05758 35159.8
0.05759 35159.8
0.05760 35159.8
0.05761 35159.8
0.05762 35159.8
0.05763 35159.8
0.05764 35159.8
0.05765 35159.8
0.05766 35159.8
0.05767 35159.8
0.05768 35159.8
0.05769 35159.8
0.05770 35159.8
0.05771 35159.8
0.05772 35159.8
0.05773 35159.8
0.05774 35159.8
0.05775 35159.8
0.05776 35159.8
0.05777 35159.8
0.05778 35159.8
0.05779 35159.8
0.05780 35159.8
0.05781 35159.8
0.05782 35159.8
0.05783 35159.8
0.05784 35159.8
0.05785 35159.8
0.05786 35159.8
0.05787 35159.8
0.05788 35159.8
0.05789 35159.8
0.05790 35159.8
0.05791 35159.8
0.05792 35159.8
0.05793 35159.8
0.05794 35159.8
0.05795 35159.8
0.05796 35159.8
0.05797 35159.8
0.05798 35159.8
0.05799 35159.8
0.05800 35159.8
0.05801 35159.8
0.05802 35159.8
0.05803 35159.8
0.05804 35159.8
0.05805 35159.8
0.05806 35159.8
0.05807 35159.8
0.05808 35159.8
0.05809 35159.8
0.05810 35159.8
0.05811 35159.8
0.05812 35159.8
0.05813 35159.8
0.05814 35159.8
0.05815 35159.8
0.05816 35159.8
0.05817 35159.8
0.05818 35159.8
0.05819 35159.8
0.05820 35159.8
0.05821 35159.8
0.05822 35159.8
0.05823 35159.8
0.05824 35159.8
0.05825 35159.8
0.05826 35159.8
0.05827 35159.8
0.05828 35159.8
0.05829 35159.8
0.05830 35159.8
0.05831 35159.8
0.05832 35159.8
0.05833 35159.8
0.05834 35159.8
0.05835 35159.8
0.05836 35159.8
0.05837 35159.8
0.05838 35159.8
0.05839 35159.8
0.05840 35159.8
0.05841 35159.8
0.05842 35159.8
0.05843 35159.8
0.05844 35159.8
0.05845 35159.8
0.05846 35159.8
0.05847 35159.8
0.05848 35159.8
0.05849 35159.8
0.05850 35159.8
0.05851 35159.8
0.05852 35159.8
0.05853 35159.8
0.05854 35159.8
0.05855 35159.8
0.05856 35159.8
0.05857 35159.8
0.05858 35159.8
0.05859 35159.8
0.05860 35159.8
0.05861 35159.8
0.05862 35159.8
0.05863 35159.8
0.05864 35159.8
0.05865 35159.8
0.05866 35159.8
0.05867 35159.8
0.05868 35159.8
0.05869 35159.8
0.05870 35159.8
0.05871 35159.8
0.05872 35159.8
0.05873 35159.8
0.05874 35159.8
0.05875 35159.8
0.05876 35159.8
0.05877 35159.8
0.05878 35159.8
0.05879 35159.8
0.05880 35159.8
0.05881 35159.8
0.05882 35159.8
0.05883 35159.8
0.05884 35159.8
0.05885 35159.8
0.05886 35159.8
0.05887 35159.8
0.05888 35159.8
0.05889 35159.8
0.05890 35159.8
0.05891 35159.8
0.05892 35159.8
0.05893 35159.8
0.05894 35159.8
0.05895 35159.8
0.05896 35159.8
0.05897 35159.8
0.05898 35159.8
0.05899 35159.8
0.05900 35159.8
0.05901 35159.8
0.05902 35159.8
0.05903 35159.8
0.05904 35159.8
0.05905 35159.8
0.05906 35159.8
0.05907 35159.8
0.05908 35159.8
0.05909 35159.8
0.05910 35159.8
0.05911 35159.8
0.05912 35159.8
0.05913 35159.8
0.05914 35159.8
0.05915 35159.8
0.05916 35159.8
0.05917 35159.8
0.05918 35159.8
0.05919 35159.8
0.05920 35159.8
0.05921 35159.8
0.05922 35159.8
0.05923 35159.8
0.05924 35159.8
0.05925 35159.8
0.05926 35159.8
0.05927 35159.8
0.05928 35159.8
0.05929 35159.8
0.05930 35159.8
0.05931 35159.8
0.05932 35159.8
0.05933 35159.8
0.05934 35159.8
0.05935 35159.8
0.05936 35159.8
0.05937 35159.8
0.05938 35159.8
0.05939 35159.8
0.05940 35159.8
0.05941 35159.8
0.05942 35159.8
0.05943 35159.8
0.05944 35159.8
0.05945 35159.8
0.05946 35159.8
0.05947 35159.8
0.05948 35159.8
0.05949 35159.8
0.05950 35159.8
0.05951 35159.8
0.05952 35159.8
0.05953 35159.8
0.05954 35159.8
0.05955 35159.8
0.05956 35159.8
0.05957 35159.8
0.05958 35159.8
0.05959 35159.8
0.05960 35159.8
0.05961 35159.8
0.05962 35159.8
0.05963 35159.8
0.05964 35159.8
0.05965 35159.8
0.05966 35159.8
0.05967 35159.8
0.05968 35159.8
0.05969 35159.8
0.05970 35159.8
0.05971 35159.8
0.05972 35159.8
0.05973 35159.8
0.05974 35159.8
0.05975 35159.8
0.05976 35159.8
0.05977 35159.8
0.05978 35159.8
0.05979 35159.8
0.05980 35159.8
0.05981 35159.8
0.05982 35159.8
0.05983 35159.8
0.05984 35159.8
0.05985 35159.8
0.05986 35159.8
0.05987 35159.8
0.05988 35159.8
0.05989 35159.8
0.05990 35159.8
0.05991 35159.8
0.05992 35159.8
0.05993 35159.8
0.05994 35159.8
0.05995 35159.8
0.05996 35159.8
0.05997 35159.8
0.05998 35159.8
0.05999 35159.8
0.06000 35159.8
