0.00000 982.4
0.00001 982.4
0.00002 982.4
0.00003 982.4
0.00004 982.4
0.00005 982.4
0.00006 982.4
0.00007 982.4
0.00008 982.4
0.00009 982.4
0.00010 982.4
0.00011 982.4
0.00012 982.4
0.00013 982.4
0.00014 982.4
0.00015 982.4
0.00016 982.4
0.00017 982.4
0.00018 982.4
0.00019 982.4
0.00020 982.4
0.00021 982.4
0.00022 982.4
0.00023 982.4
0.00024 982.4
0.00025 982.4
0.00026 982.4
0.00027 982.4
0.00028 982.4
0.00029 982.4
0.00030 982.4
0.00031 982.4
0.00032 982.4
0.00033 982.4
0.00034 982.4
0.00035 982.4
0.00036 982.4
0.00037 982.4
0.00038 982.4
0.00039 982.4
0.00040 982.4
0.00041 982.4
0.00042 982.4
0.00043 982.4
0.00044 982.4
0.00045 982.4
0.00046 982.4
0.00047 982.4
0.00048 982.4
0.00049 982.4
0.00050 982.4
0.00051 982.4
0.00052 982.4
0.00053 982.4
0.00054 982.4
0.00055 982.4
0.00056 982.4
0.00057 982.4
0.00058 982.4
0.00059 982.4
0.00060 982.4
0.00061 982.4
0.00062 982.4
0.00063 982.4
0.00064 982.4
0.00065 982.4
0.00066 982.4
0.00067 982.4
0.00068 982.4
0.00069 982.4
0.00070 982.4
0.00071 982.4
0.00072 982.4
0.00073 982.4
0.00074 982.4
0.00075 982.4
0.00076 982.4
0.00077 982.4
0.00078 982.4
0.00079 982.4
0.00080 982.4
0.00081 982.4
0.00082 982.4
0.00083 982.4
0.00084 982.4
0.00085 982.4
0.00086 982.4
0.00087 982.4
0.00088 982.4
0.00089 982.4
0.00090 982.4
0.00091 982.4
0.00092 982.4
0.00093 982.4
0.00094 982.4
0.00095 982.4
0.00096 982.4
0.00097 982.4
0.00098 982.4
0.00099 982.4
0.00100 982.4
0.00101 1006.0
0.00102 1030.0
0.00103 1054.6
0.00104 1079.7
0.00105 1105.3
0.00106 1131.5
0.00107 1158.1
0.00108 1185.4
0.00109 1213.1
0.00110 1241.5
0.00111 1270.4
0.00112 1300.0
0.00113 1330.1
0.00114 1360.9
0.00115 1392.3
0.00116 1424.3
0.00117 1457.0
0.00118 1490.4
0.00119 1524.5
0.00120 1559.3
0.00121 1594.9
0.00122 1631.3
0.00123 1668.5
0.00124 1706.5
0.00125 1745.4
0.00126 1785.3
0.00127 1826.2
0.00128 1868.1
0.00129 1911.2
0.00130 1955.5
0.00131 2001.1
0.00132 2048.2
0.00133 2096.9
0.00134 2147.3
0.00135 2199.6
0.00136 2254.1
0.00137 2311.1
0.00138 2370.8
0.00139 2433.6
0.00140 2500.0
0.00141 2570.5
0.00142 2645.6
0.00143 2726.2
0.00144 2813.2
0.00145 2907.5
0.00146 3010.6
0.00147 3124.0
0.00148 3249.7
0.00149 3389.9
0.00150 3547.8
0.00151 3640.0
0.00152 3751.4
0.00153 3885.0
0.00154 4044.4
0.00155 4234.0
0.00156 4459.0
0.00157 4725.7
0.00158 5041.8
0.00159 5415.9
0.00160 5857.7
0.00161 6377.3
0.00162 6983.6
0.00163 7682.2
0.00164 8472.4
0.00165 9343.1
0.00166 10270.4
0.00167 11218.8
0.00168 12147.1
0.00169 13017.2
0.00170 13801.5
0.00171 14486.2
0.00172 15068.9
0.00173 15554.5
0.00174 15952.0
0.00175 16271.0
0.00176 16521.1
0.00177 16710.7
0.00178 16846.9
0.00179 16935.9
0.00180 16982.9
0.00181 16992.0
0.00182 16967.0
0.00183 16910.7
0.00184 16825.8
0.00185 16714.4
0.00186 16578.4
0.00187 16419.5
0.00188 16239.2
0.00189 16039.0
0.00190 15820.1
0.00191 15583.8
0.00192 15331.3
0.00193 15063.8
0.00194 14782.6
0.00195 14488.8
0.00196 14183.7
0.00197 13868.5
0.00198 13544.6
0.00199 13213.0
0.00200 12875.2
0.00201 12532.4
0.00202 12185.7
0.00203 11836.6
0.00204 11486.2
0.00205 11135.6
0.00206 10786.0
0.00207 10438.4
0.00208 10094.0
0.00209 9753.7
0.00210 9418.3
0.00211 9088.6
0.00212 8765.5
0.00213 8449.5
0.00214 8141.3
0.00215 7841.2
0.00216 7549.8
0.00217 7267.4
0.00218 6994.2
0.00219 6730.4
0.00220 6476.1
0.00221 6231.4
0.00222 5996.3
0.00223 5770.8
0.00224 5554.6
0.00225 5347.8
0.00226 5150.0
0.00227 4961.1
0.00228 4780.9
0.00229 4609.0
0.00230 4445.3
0.00231 4289.3
0.00232 4140.9
0.00233 3999.7
0.00234 3865.3
0.00235 3737.6
0.00236 3616.1
0.00237 3500.6
0.00238 3390.8
0.00239 3286.4
0.00240 3187.2
0.00241 3092.7
0.00242 3002.9
0.00243 2917.4
0.00244 2836.0
0.00245 2758.5
0.00246 2684.7
0.00247 2614.3
0.00248 2547.2
0.00249 2483.1
0.00250 2422.0
0.00251 2363.6
0.00252 2307.8
0.00253 2254.5
0.00254 2203.5
0.00255 2154.7
0.00256 2107.9
0.00257 2063.2
0.00258 2020.2
0.00259 1979.1
0.00260 1939.6
0.00261 1901.7
0.00262 1865.4
0.00263 1830.4
0.00264 1796.9
0.00265 1764.6
0.00266 1733.6
0.00267 1703.8
0.00268 1675.1
0.00269 1647.6
0.00270 1621.0
0.00271 1595.5
0.00272 1571.0
0.00273 1547.3
0.00274 1524.6
0.00275 1502.7
0.00276 1481.6
0.00277 1461.4
0.00278 1441.8
0.00279 1423.1
0.00280 1405.0
0.00281 1387.6
0.00282 1370.8
0.00283 1354.7
0.00284 1339.2
0.00285 1324.3
0.00286 1309.9
0.00287 1296.1
0.00288 1282.8
0.00289 1270.0
0.00290 1257.7
0.00291 1245.9
0.00292 1234.5
0.00293 1223.5
0.00294 1213.0
0.00295 1202.8
0.00296 1193.0
0.00297 1183.6
0.00298 1174.6
0.00299 1165.8
0.00300 1157.4
0.00301 1149.4
0.00302 1141.6
0.00303 1134.1
0.00304 1126.8
0.00305 1119.9
0.00306 1113.2
0.00307 1106.7
0.00308 1100.5
0.00309 1094.5
0.00310 1088.7
0.00311 1083.1
0.00312 1077.7
0.00313 1072.5
0.00314 1067.5
0.00315 1062.6
0.00316 1058.0
0.00317 1053.4
0.00318 1049.1
0.00319 1044.9
0.00320 1040.8
0.00321 1036.9
0.00322 1033.1
0.00323 1029.4
0.00324 1025.9
0.00325 1022.5
0.00326 1019.1
0.00327 1015.9
0.00328 1012.8
0.00329 1009.8
0.00330 1006.9
0.00331 1004.1
0.00332 1001.4
0.00333 998.8
0.00334 996.2
0.00335 993.7
0.00336 991.4
0.00337 989.0
0.00338 986.8
0.00339 984.6
0.00340 982.5
0.00341 980.5
0.00342 978.5
0.00343 976.6
0.00344 974.7
0.00345 972.9
0.00346 971.1
0.00347 969.4
0.00348 967.8
0.00349 966.2
0.00350 964.6
0.00351 963.1
0.00352 961.7
0.00353 960.3
0.00354 958.9
0.00355 957.5
0.00356 956.2
0.00357 955.0
0.00358 953.7
0.00359 952.6
0.00360 951.4
0.00361 950.3
0.00362 949.2
0.00363 948.1
0.00364 947.1
0.00365 946.1
0.00366 945.1
0.00367 944.2
0.00368 943.2
0.00369 942.3
0.00370 941.5
0.00371 940.6
0.00372 939.8
0.00373 939.0
0.00374 938.2
0.00375 937.4
0.00376 936.7
0.00377 936.0
0.00378 935.3
0.00379 934.6
0.00380 933.9
0.00381 933.3
0.00382 932.7
0.00383 932.1
0.00384 931.5
0.00385 930.9
0.00386 930.3
0.00387 929.8
0.00388 929.2
0.00389 928.7
0.00390 928.2
0.00391 927.7
0.00392 927.2
0.00393 926.8
0.00394 926.3
0.00395 925.9
0.00396 925.4
0.00397 925.0
0.00398 924.6
0.00399 924.2
0.00400 923.8
0.00401 923.4
0.00402 923.1
0.00403 922.7
0.00404 922.4
0.00405 922.0
0.00406 921.7
0.00407 921.4
0.00408 921.1
0.00409 920.7
0.00410 920.4
0.00411 920.2
0.00412 919.9
0.00413 919.6
0.00414 919.3
0.00415 919.1
0.00416 918.8
0.00417 918.6
0.00418 918.3
0.00419 918.1
0.00420 917.8
0.00421 917.6
0.00422 917.4
0.00423 917.2
0.00424 917.0
0.00425 916.8
0.00426 916.6
0.00427 916.4
0.00428 916.2
0.00429 916.0
0.00430 915.9
0.00431 915.7
0.00432 915.5
0.00433 915.4
0.00434 915.2
0.00435 915.0
0.00436 914.9
0.00437 914.7
0.00438 914.6
0.00439 914.5
0.00440 914.3
0.00441 914.2
0.00442 914.1
0.00443 914.0
0.00444 913.8
0.00445 913.7
0.00446 913.6
0.00447 913.5
0.00448 913.4
0.00449 913.3
0.00450 913.2
0.00451 913.1
0.00452 913.0
0.00453 912.9
0.00454 912.8
0.00455 912.7
0.00456 912.7
0.00457 912.6
0.00458 912.5
0.00459 912.4
0.00460 912.4
0.00461 912.3
0.00462 912.2
0.00463 912.1
0.00464 912.1
0.00465 912.0
0.00466 912.0
0.00467 911.9
0.00468 911.9
0.00469 911.8
0.00470 911.8
0.00471 911.7
0.00472 911.7
0.00473 911.6
0.00474 911.6
0.00475 911.5
0.00476 911.5
0.00477 911.5
0.00478 911.4
0.00479 911.4
0.00480 911.3
0.00481 911.3
0.00482 911.3
0.00483 911.3
0.00484 911.2
0.00485 911.2
0.00486 911.2
0.00487 911.2
0.00488 911.1
0.00489 911.1
0.00490 911.1
0.00491 911.1
0.00492 911.1
0.00493 911.1
0.00494 911.0
0.00495 911.0
0.00496 911.0
0.00497 911.0
0.00498 911.0
0.00499 911.0
0.00500 911.0
0.00501 911.0
0.00502 911.0
0.00503 911.0
0.00504 911.0
0.00505 911.0
0.00506 911.0
0.00507 911.0
0.00508 911.0
0.00509 911.0
0.00510 911.0
0.00511 911.0
0.00512 911.0
0.00513 911.0
0.00514 911.0
0.00515 911.0
0.00516 911.1
0.00517 911.1
0.00518 911.1
0.00519 911.1
0.00520 911.1
0.00521 911.1
0.00522 911.1
0.00523 911.2
0.00524 911.2
0.00525 911.2
0.00526 911.2
0.00527 911.2
0.00528 911.2
0.00529 911.3
0.00530 911.3
0.00531 911.3
0.00532 911.3
0.00533 911.4
0.00534 911.4
0.00535 911.4
0.00536 911.4
0.00537 911.5
0.00538 911.5
0.00539 911.5
0.00540 911.5
0.00541 911.6
0.00542 911.6
0.00543 911.6
0.00544 911.6
0.00545 911.7
0.00546 911.7
0.00547 911.7
0.00548 911.8
0.00549 911.8
0.00550 911.8
0.00551 911.9
0.00552 911.9
0.00553 911.9
0.00554 912.0
0.00555 912.0
0.00556 912.0
0.00557 912.1
0.00558 912.1
0.00559 912.2
0.00560 912.2
0.00561 912.2
0.00562 912.3
0.00563 912.3
0.00564 912.4
0.00565 912.4
0.00566 912.4
0.00567 912.5
0.00568 912.5
0.00569 912.6
0.00570 912.6
0.00571 912.6
0.00572 912.7
0.00573 912.7
0.00574 912.8
0.00575 912.8
0.00576 912.9
0.00577 912.9
0.00578 912.9
0.00579 913.0
0.00580 913.0
0.00581 913.1
0.00582 913.1
0.00583 913.2
0.00584 913.2
0.00585 913.3
0.00586 913.3
0.00587 913.4
0.00588 913.4
0.00589 913.5
0.00590 913.5
0.00591 913.6
0.00592 913.6
0.00593 913.7
0.00594 913.7
0.00595 913.8
0.00596 913.8
0.00597 913.9
0.00598 913.9
0.00599 914.0
0.00600 914.0
0.00601 914.1
0.00602 914.1
0.00603 914.2
0.00604 914.2
0.00605 914.3
0.00606 914.3
0.00607 914.4
0.00608 914.4
0.00609 914.5
0.00610 914.5
0.00611 914.6
0.00612 914.6
0.00613 914.7
0.00614 914.8
0.00615 914.8
0.00616 914.9
0.00617 914.9
0.00618 915.0
0.00619 915.0
0.00620 915.1
0.00621 915.1
0.00622 915.2
0.00623 915.3
0.00624 915.3
0.00625 915.4
0.00626 915.4
0.00627 915.5
0.00628 915.5
0.00629 915.6
0.00630 915.7
0.00631 915.7
0.00632 915.8
0.00633 915.8
0.00634 915.9
0.00635 916.0
0.00636 916.0
0.00637 916.1
0.00638 916.1
0.00639 916.2
0.00640 916.3
0.00641 916.3
0.00642 916.4
0.00643 916.4
0.00644 916.5
0.00645 916.6
0.00646 916.6
0.00647 916.7
0.00648 916.7
0.00649 916.8
0.00650 916.9
0.00651 916.9
0.00652 917.0
0.00653 917.0
0.00654 917.1
0.00655 917.2
0.00656 917.2
0.00657 917.3
0.00658 917.4
0.00659 917.4
0.00660 917.5
0.00661 917.6
0.00662 917.6
0.00663 917.7
0.00664 917.7
0.00665 917.8
0.00666 917.9
0.00667 917.9
0.00668 918.0
0.00669 918.1
0.00670 918.1
0.00671 918.2
0.00672 918.3
0.00673 918.3
0.00674 918.4
0.00675 918.4
0.00676 918.5
0.00677 918.6
0.00678 918.6
0.00679 918.7
0.00680 918.8
0.00681 918.8
0.00682 918.9
0.00683 919.0
0.00684 919.0
0.00685 919.1
0.00686 919.2
0.00687 919.2
0.00688 919.3
0.00689 919.4
0.00690 919.4
0.00691 919.5
0.00692 919.6
0.00693 919.6
0.00694 919.7
0.00695 919.8
0.00696 919.8
0.00697 919.9
0.00698 920.0
0.00699 920.0
0.00700 920.1
0.00701 920.2
0.00702 920.2
0.00703 920.3
0.00704 920.4
0.00705 920.4
0.00706 920.5
0.00707 920.6
0.00708 920.6
0.00709 920.7
0.00710 920.8
0.00711 920.8
0.00712 920.9
0.00713 921.0
0.00714 921.0
0.00715 921.1
0.00716 921.2
0.00717 921.3
0.00718 921.3
0.00719 921.4
0.00720 921.5
0.00721 921.5
0.00722 921.6
0.00723 921.7
0.00724 921.7
0.00725 921.8
0.00726 921.9
0.00727 921.9
0.00728 922.0
0.00729 922.1
0.00730 922.1
0.00731 922.2
0.00732 922.3
0.00733 922.4
0.00734 922.4
0.00735 922.5
0.00736 922.6
0.00737 922.6
0.00738 922.7
0.00739 922.8
0.00740 922.8
0.00741 922.9
0.00742 923.0
0.00743 923.0
0.00744 923.1
0.00745 923.2
0.00746 923.3
0.00747 923.3
0.00748 923.4
0.00749 923.5
0.00750 923.5
0.00751 923.6
0.00752 923.7
0.00753 923.7
0.00754 923.8
0.00755 923.9
0.00756 924.0
0.00757 924.0
0.00758 924.1
0.00759 924.2
0.00760 924.2
0.00761 924.3
0.00762 924.4
0.00763 924.5
0.00764 924.5
0.00765 924.6
0.00766 924.7
0.00767 924.7
0.00768 924.8
0.00769 924.9
0.00770 924.9
0.00771 925.0
0.00772 925.1
0.00773 925.2
0.00774 925.2
0.00775 925.3
0.00776 925.4
0.00777 925.4
0.00778 925.5
0.00779 925.6
0.00780 925.7
0.00781 925.7
0.00782 925.8
0.00783 925.9
0.00784 925.9
0.00785 926.0
0.00786 926.1
0.00787 926.2
0.00788 926.2
0.00789 926.3
0.00790 926.4
0.00791 926.4
0.00792 926.5
0.00793 926.6
0.00794 926.7
0.00795 926.7
0.00796 926.8
0.00797 926.9
0.00798 926.9
0.00799 927.0
0.00800 927.1
0.00801 927.2
0.00802 927.2
0.00803 927.3
0.00804 927.4
0.00805 927.4
0.00806 927.5
0.00807 927.6
0.00808 927.7
0.00809 927.7
0.00810 927.8
0.00811 927.9
0.00812 927.9
0.00813 928.0
0.00814 928.1
0.00815 928.1
0.00816 928.2
0.00817 928.3
0.00818 928.4
0.00819 928.4
0.00820 928.5
0.00821 928.6
0.00822 928.6
0.00823 928.7
0.00824 928.8
0.00825 928.9
0.00826 928.9
0.00827 929.0
0.00828 929.1
0.00829 929.1
0.00830 929.2
0.00831 929.3
0.00832 929.4
0.00833 929.4
0.00834 929.5
0.00835 929.6
0.00836 929.6
0.00837 929.7
0.00838 929.8
0.00839 929.9
0.00840 929.9
0.00841 930.0
0.00842 930.1
0.00843 930.1
0.00844 930.2
0.00845 930.3
0.00846 930.4
0.00847 930.4
0.00848 930.5
0.00849 930.6
0.00850 930.6
0.00851 930.7
0.00852 930.8
0.00853 930.9
0.00854 930.9
0.00855 931.0
0.00856 931.1
0.00857 931.1
0.00858 931.2
0.00859 931.3
0.00860 931.3
0.00861 931.4
0.00862 931.5
0.00863 931.6
0.00864 931.6
0.00865 931.7
0.00866 931.8
0.00867 931.8
0.00868 931.9
0.00869 932.0
0.00870 932.1
0.00871 932.1
0.00872 932.2
0.00873 932.3
0.00874 932.3
0.00875 932.4
0.00876 932.5
0.00877 932.5
0.00878 932.6
0.00879 932.7
0.00880 932.8
0.00881 932.8
0.00882 932.9
0.00883 933.0
0.00884 933.0
0.00885 933.1
0.00886 933.2
0.00887 933.3
0.00888 933.3
0.00889 933.4
0.00890 933.5
0.00891 933.5
0.00892 933.6
0.00893 933.7
0.00894 933.7
0.00895 933.8
0.00896 933.9
0.00897 934.0
0.00898 934.0
0.00899 934.1
0.00900 934.2
0.00901 934.2
0.00902 934.3
0.00903 934.4
0.00904 934.4
0.00905 934.5
0.00906 934.6
0.00907 934.6
0.00908 934.7
0.00909 934.8
0.00910 934.9
0.00911 934.9
0.00912 935.0
0.00913 935.1
0.00914 935.1
0.00915 935.2
0.00916 935.3
0.00917 935.3
0.00918 935.4
0.00919 935.5
0.00920 935.5
0.00921 935.6
0.00922 935.7
0.00923 935.8
0.00924 935.8
0.00925 935.9
0.00926 936.0
0.00927 936.0
0.00928 936.1
0.00929 936.2
0.00930 936.2
0.00931 936.3
0.00932 936.4
0.00933 936.4
0.00934 936.5
0.00935 936.6
0.00936 936.6
0.00937 936.7
0.00938 936.8
0.00939 936.8
0.00940 936.9
0.00941 937.0
0.00942 937.0
0.00943 937.1
0.00944 937.2
0.00945 937.3
0.00946 937.3
0.00947 937.4
0.00948 937.5
0.00949 937.5
0.00950 937.6
0.00951 937.7
0.00952 937.7
0.00953 937.8
0.00954 937.9
0.00955 937.9
0.00956 938.0
0.00957 938.1
0.00958 938.1
0.00959 938.2
0.00960 938.3
0.00961 938.3
0.00962 938.4
0.00963 938.5
0.00964 938.5
0.00965 938.6
0.00966 938.7
0.00967 938.7
0.00968 938.8
0.00969 938.9
0.00970 938.9
0.00971 939.0
0.00972 939.1
0.00973 939.1
0.00974 939.2
0.00975 939.3
0.00976 939.3
0.00977 939.4
0.00978 939.5
0.00979 939.5
0.00980 939.6
0.00981 939.7
0.00982 939.7
0.00983 939.8
0.00984 939.9
0.00985 939.9
0.00986 940.0
0.00987 940.1
0.00988 940.1
0.00989 940.2
0.00990 940.3
0.00991 940.3
0.00992 940.4
0.00993 940.4
0.00994 940.5
0.00995 940.6
0.00996 940.6
0.00997 940.7
0.00998 940.8
0.00999 940.8
0.01000 940.9
0.01001 941.0
0.01002 941.0
0.01003 941.1
0.01004 941.2
0.01005 941.2
0.01006 941.3
0.01007 941.4
0.01008 941.4
0.01009 941.5
0.01010 941.5
0.01011 941.6
0.01012 941.7
0.01013 941.7
0.01014 941.8
0.01015 941.9
0.01016 941.9
0.01017 942.0
0.01018 942.1
0.01019 942.1
0.01020 942.2
0.01021 942.2
0.01022 942.3
0.01023 942.4
0.01024 942.4
0.01025 942.5
0.01026 942.6
0.01027 942.6
0.01028 942.7
0.01029 942.8
0.01030 942.8
0.01031 942.9
0.01032 942.9
0.01033 943.0
0.01034 943.1
0.01035 943.1
0.01036 943.2
0.01037 943.3
0.01038 943.3
0.01039 943.4
0.01040 943.4
0.01041 943.5
0.01042 943.6
0.01043 943.6
0.01044 943.7
0.01045 943.8
0.01046 943.8
0.01047 943.9
0.01048 943.9
0.01049 944.0
0.01050 944.1
0.01051 944.1
0.01052 944.2
0.01053 944.2
0.01054 944.3
0.01055 944.4
0.01056 944.4
0.01057 944.5
0.01058 944.6
0.01059 944.6
0.01060 944.7
0.01061 944.7
0.01062 944.8
0.01063 944.9
0.01064 944.9
0.01065 945.0
0.01066 945.0
0.01067 945.1
0.01068 945.2
0.01069 945.2
0.01070 945.3
0.01071 945.3
0.01072 945.4
0.01073 945.5
0.01074 945.5
0.01075 945.6
0.01076 945.6
0.01077 945.7
0.01078 945.8
0.01079 945.8
0.01080 945.9
0.01081 945.9
0.01082 946.0
0.01083 946.1
0.01084 946.1
0.01085 946.2
0.01086 946.2
0.01087 946.3
0.01088 946.4
0.01089 946.4
0.01090 946.5
0.01091 946.5
0.01092 946.6
0.01093 946.7
0.01094 946.7
0.01095 946.8
0.01096 946.8
0.01097 946.9
0.01098 946.9
0.01099 947.0
0.01100 947.1
0.01101 947.1
0.01102 947.2
0.01103 947.2
0.01104 947.3
0.01105 947.4
0.01106 947.4
0.01107 947.5
0.01108 947.5
0.01109 947.6
0.01110 947.6
0.01111 947.7
0.01112 947.8
0.01113 947.8
0.01114 947.9
0.01115 947.9
0.01116 948.0
0.01117 948.0
0.01118 948.1
0.01119 948.2
0.01120 948.2
0.01121 948.3
0.01122 948.3
0.01123 948.4
0.01124 948.4
0.01125 948.5
0.01126 948.6
0.01127 948.6
0.01128 948.7
0.01129 948.7
0.01130 948.8
0.01131 948.8
0.01132 948.9
0.01133 948.9
0.01134 949.0
0.01135 949.1
0.01136 949.1
0.01137 949.2
0.01138 949.2
0.01139 949.3
0.01140 949.3
0.01141 949.4
0.01142 949.4
0.01143 949.5
0.01144 949.6
0.01145 949.6
0.01146 949.7
0.01147 949.7
0.01148 949.8
0.01149 949.8
0.01150 949.9
0.01151 949.9
0.01152 950.0
0.01153 950.0
0.01154 950.1
0.01155 950.2
0.01156 950.2
0.01157 950.3
0.01158 950.3
0.01159 950.4
0.01160 950.4
0.01161 950.5
0.01162 950.5
0.01163 950.6
0.01164 950.6
0.01165 950.7
0.01166 950.7
0.01167 950.8
0.01168 950.9
0.01169 950.9
0.01170 951.0
0.01171 951.0
0.01172 951.1
0.01173 951.1
0.01174 951.2
0.01175 951.2
0.01176 951.3
0.01177 951.3
0.01178 951.4
0.01179 951.4
0.01180 951.5
0.01181 951.5
0.01182 951.6
0.01183 951.6
0.01184 951.7
0.01185 951.8
0.01186 951.8
0.01187 951.9
0.01188 951.9
0.01189 952.0
0.01190 952.0
0.01191 952.1
0.01192 952.1
0.01193 952.2
0.01194 952.2
0.01195 952.3
0.01196 952.3
0.01197 952.4
0.01198 952.4
0.01199 952.5
0.01200 952.5
0.01201 952.6
0.01202 952.6
0.01203 952.7
0.01204 952.7
0.01205 952.8
0.01206 952.8
0.01207 952.9
0.01208 952.9
0.01209 953.0
0.01210 953.0
0.01211 953.1
0.01212 953.1
0.01213 953.2
0.01214 953.2
0.01215 953.3
0.01216 953.3
0.01217 953.4
0.01218 953.4
0.01219 953.5
0.01220 953.5
0.01221 953.6
0.01222 953.6
0.01223 953.7
0.01224 953.7
0.01225 953.8
0.01226 953.8
0.01227 953.9
0.01228 953.9
0.01229 954.0
0.01230 954.0
0.01231 954.1
0.01232 954.1
0.01233 954.2
0.01234 954.2
0.01235 954.3
0.01236 954.3
0.01237 954.4
0.01238 954.4
0.01239 954.5
0.01240 954.5
0.01241 954.6
0.01242 954.6
0.01243 954.7
0.01244 954.7
0.01245 954.7
0.01246 954.8
0.01247 954.8
0.01248 954.9
0.01249 954.9
0.01250 955.0
0.01251 955.0
0.01252 955.1
0.01253 955.1
0.01254 955.2
0.01255 955.2
0.01256 955.3
0.01257 955.3
0.01258 955.4
0.01259 955.4
0.01260 955.5
0.01261 955.5
0.01262 955.6
0.01263 955.6
0.01264 955.6
0.01265 955.7
0.01266 955.7
0.01267 955.8
0.01268 955.8
0.01269 955.9
0.01270 955.9
0.01271 956.0
0.01272 956.0
0.01273 956.1
0.01274 956.1
0.01275 956.2
0.01276 956.2
0.01277 956.2
0.01278 956.3
0.01279 956.3
0.01280 956.4
0.01281 956.4
0.01282 956.5
0.01283 956.5
0.01284 956.6
0.01285 956.6
0.01286 956.6
0.01287 956.7
0.01288 956.7
0.01289 956.8
0.01290 956.8
0.01291 956.9
0.01292 956.9
0.01293 957.0
0.01294 957.0
0.01295 957.1
0.01296 957.1
0.01297 957.1
0.01298 957.2
0.01299 957.2
0.01300 957.3
0.01301 957.3
0.01302 957.4
0.01303 957.4
0.01304 957.4
0.01305 957.5
0.01306 957.5
0.01307 957.6
0.01308 957.6
0.01309 957.7
0.01310 957.7
0.01311 957.7
0.01312 957.8
0.01313 957.8
0.01314 957.9
0.01315 957.9
0.01316 958.0
0.01317 958.0
0.01318 958.0
0.01319 958.1
0.01320 958.1
0.01321 958.2
0.01322 958.2
0.01323 958.3
0.01324 958.3
0.01325 958.3
0.01326 958.4
0.01327 958.4
0.01328 958.5
0.01329 958.5
0.01330 958.6
0.01331 958.6
0.01332 958.6
0.01333 958.7
0.01334 958.7
0.01335 958.8
0.01336 958.8
0.01337 958.8
0.01338 958.9
0.01339 958.9
0.01340 959.0
0.01341 959.0
0.01342 959.1
0.01343 959.1
0.01344 959.1
0.01345 959.2
0.01346 959.2
0.01347 959.3
0.01348 959.3
0.01349 959.3
0.01350 959.4
0.01351 959.4
0.01352 959.5
0.01353 959.5
0.01354 959.5
0.01355 959.6
0.01356 959.6
0.01357 959.7
0.01358 959.7
0.01359 959.7
0.01360 959.8
0.01361 959.8
0.01362 959.9
0.01363 959.9
0.01364 959.9
0.01365 960.0
0.01366 960.0
0.01367 960.1
0.01368 960.1
0.01369 960.1
0.01370 960.2
0.01371 960.2
0.01372 960.3
0.01373 960.3
0.01374 960.3
0.01375 960.4
0.01376 960.4
0.01377 960.4
0.01378 960.5
0.01379 960.5
0.01380 960.6
0.01381 960.6
0.01382 960.6
0.01383 960.7
0.01384 960.7
0.01385 960.8
0.01386 960.8
0.01387 960.8
0.01388 960.9
0.01389 960.9
0.01390 960.9
0.01391 961.0
0.01392 961.0
0.01393 961.1
0.01394 961.1
0.01395 961.1
0.01396 961.2
0.01397 961.2
0.01398 961.2
0.01399 961.3
0.01400 961.3
0.01401 961.4
0.01402 961.4
0.01403 961.4
0.01404 961.5
0.01405 961.5
0.01406 961.5
0.01407 961.6
0.01408 961.6
0.01409 961.7
0.01410 961.7
0.01411 961.7
0.01412 961.8
0.01413 961.8
0.01414 961.8
0.01415 961.9
0.01416 961.9
0.01417 961.9
0.01418 962.0
0.01419 962.0
0.01420 962.1
0.01421 962.1
0.01422 962.1
0.01423 962.2
0.01424 962.2
0.01425 962.2
0.01426 962.3
0.01427 962.3
0.01428 962.3
0.01429 962.4
0.01430 962.4
0.01431 962.4
0.01432 962.5
0.01433 962.5
0.01434 962.6
0.01435 962.6
0.01436 962.6
0.01437 962.7
0.01438 962.7
0.01439 962.7
0.01440 962.8
0.01441 962.8
0.01442 962.8
0.01443 962.9
0.01444 962.9
0.01445 962.9
0.01446 963.0
0.01447 963.0
0.01448 963.0
0.01449 963.1
0.01450 963.1
0.01451 963.1
0.01452 963.2
0.01453 963.2
0.01454 963.2
0.01455 963.3
0.01456 963.3
0.01457 963.3
0.01458 963.4
0.01459 963.4
0.01460 963.4
0.01461 963.5
0.01462 963.5
0.01463 963.5
0.01464 963.6
0.01465 963.6
0.01466 963.6
0.01467 963.7
0.01468 963.7
0.01469 963.7
0.01470 963.8
0.01471 963.8
0.01472 963.8
0.01473 963.9
0.01474 963.9
0.01475 963.9
0.01476 964.0
0.01477 964.0
0.01478 964.0
0.01479 964.1
0.01480 964.1
0.01481 964.1
0.01482 964.2
0.01483 964.2
0.01484 964.2
0.01485 964.3
0.01486 964.3
0.01487 964.3
0.01488 964.4
0.01489 964.4
0.01490 964.4
0.01491 964.5
0.01492 964.5
0.01493 964.5
0.01494 964.6
0.01495 964.6
0.01496 964.6
0.01497 964.7
0.01498 964.7
0.01499 964.7
0.01500 964.7
0.01501 964.8
0.01502 964.8
0.01503 964.8
0.01504 964.9
0.01505 964.9
0.01506 964.9
0.01507 965.0
0.01508 965.0
0.01509 965.0
0.01510 965.1
0.01511 965.1
0.01512 965.1
0.01513 965.1
0.01514 965.2
0.01515 965.2
0.01516 965.2
0.01517 965.3
0.01518 965.3
0.01519 965.3
0.01520 965.4
0.01521 965.4
0.01522 965.4
0.01523 965.4
0.01524 965.5
0.01525 965.5
0.01526 965.5
0.01527 965.6
0.01528 965.6
0.01529 965.6
0.01530 965.7
0.01531 965.7
0.01532 965.7
0.01533 965.7
0.01534 965.8
0.01535 965.8
0.01536 965.8
0.01537 965.9
0.01538 965.9
0.01539 965.9
0.01540 966.0
0.01541 966.0
0.01542 966.0
0.01543 966.0
0.01544 966.1
0.01545 966.1
0.01546 966.1
0.01547 966.2
0.01548 966.2
0.01549 966.2
0.01550 966.2
0.01551 966.3
0.01552 966.3
0.01553 966.3
0.01554 966.4
0.01555 966.4
0.01556 966.4
0.01557 966.4
0.01558 966.5
0.01559 966.5
0.01560 966.5
0.01561 966.6
0.01562 966.6
0.01563 966.6
0.01564 966.6
0.01565 966.7
0.01566 966.7
0.01567 966.7
0.01568 966.7
0.01569 966.8
0.01570 966.8
0.01571 966.8
0.01572 966.9
0.01573 966.9
0.01574 966.9
0.01575 966.9
0.01576 967.0
0.01577 967.0
0.01578 967.0
0.01579 967.1
0.01580 967.1
0.01581 967.1
0.01582 967.1
0.01583 967.2
0.01584 967.2
0.01585 967.2
0.01586 967.2
0.01587 967.3
0.01588 967.3
0.01589 967.3
0.01590 967.3
0.01591 967.4
0.01592 967.4
0.01593 967.4
0.01594 967.5
0.01595 967.5
0.01596 967.5
0.01597 967.5
0.01598 967.6
0.01599 967.6
0.01600 967.6
0.01601 967.6
0.01602 967.7
0.01603 967.7
0.01604 967.7
0.01605 967.7
0.01606 967.8
0.01607 967.8
0.01608 967.8
0.01609 967.8
0.01610 967.9
0.01611 967.9
0.01612 967.9
0.01613 967.9
0.01614 968.0
0.01615 968.0
0.01616 968.0
0.01617 968.0
0.01618 968.1
0.01619 968.1
0.01620 968.1
0.01621 968.1
0.01622 968.2
0.01623 968.2
0.01624 968.2
0.01625 968.2
0.01626 968.3
0.01627 968.3
0.01628 968.3
0.01629 968.3
0.01630 968.4
0.01631 968.4
0.01632 968.4
0.01633 968.4
0.01634 968.5
0.01635 968.5
0.01636 968.5
0.01637 968.5
0.01638 968.6
0.01639 968.6
0.01640 968.6
0.01641 968.6
0.01642 968.7
0.01643 968.7
0.01644 968.7
0.01645 968.7
0.01646 968.8
0.01647 968.8
0.01648 968.8
0.01649 968.8
0.01650 968.9
0.01651 968.9
0.01652 968.9
0.01653 968.9
0.01654 969.0
0.01655 969.0
0.01656 969.0
0.01657 969.0
0.01658 969.0
0.01659 969.1
0.01660 969.1
0.01661 969.1
0.01662 969.1
0.01663 969.2
0.01664 969.2
0.01665 969.2
0.01666 969.2
0.01667 969.3
0.01668 969.3
0.01669 969.3
0.01670 969.3
0.01671 969.3
0.01672 969.4
0.01673 969.4
0.01674 969.4
0.01675 969.4
0.01676 969.5
0.01677 969.5
0.01678 969.5
0.01679 969.5
0.01680 969.6
0.01681 969.6
0.01682 969.6
0.01683 969.6
0.01684 969.6
0.01685 969.7
0.01686 969.7
0.01687 969.7
0.01688 969.7
0.01689 969.8
0.01690 969.8
0.01691 969.8
0.01692 969.8
0.01693 969.8
0.01694 969.9
0.01695 969.9
0.01696 969.9
0.01697 969.9
0.01698 970.0
0.01699 970.0
0.01700 970.0
0.01701 970.0
0.01702 970.0
0.01703 970.1
0.01704 970.1
0.01705 970.1
0.01706 970.1
0.01707 970.1
0.01708 970.2
0.01709 970.2
0.01710 970.2
0.01711 970.2
0.01712 970.3
0.01713 970.3
0.01714 970.3
0.01715 970.3
0.01716 970.3
0.01717 970.4
0.01718 970.4
0.01719 970.4
0.01720 970.4
0.01721 970.4
0.01722 970.5
0.01723 970.5
0.01724 970.5
0.01725 970.5
0.01726 970.5
0.01727 970.6
0.01728 970.6
0.01729 970.6
0.01730 970.6
0.01731 970.7
0.01732 970.7
0.01733 970.7
0.01734 970.7
0.01735 970.7
0.01736 970.8
0.01737 970.8
0.01738 970.8
0.01739 970.8
0.01740 970.8
0.01741 970.9
0.01742 970.9
0.01743 970.9
0.01744 970.9
0.01745 970.9
0.01746 971.0
0.01747 971.0
0.01748 971.0
0.01749 971.0
0.01750 971.0
0.01751 971.1
0.01752 971.1
0.01753 971.1
0.01754 971.1
0.01755 971.1
0.01756 971.2
0.01757 971.2
0.01758 971.2
0.01759 971.2
0.01760 971.2
0.01761 971.2
0.01762 971.3
0.01763 971.3
0.01764 971.3
0.01765 971.3
0.01766 971.3
0.01767 971.4
0.01768 971.4
0.01769 971.4
0.01770 971.4
0.01771 971.4
0.01772 971.5
0.01773 971.5
0.01774 971.5
0.01775 971.5
0.01776 971.5
0.01777 971.6
0.01778 971.6
0.01779 971.6
0.01780 971.6
0.01781 971.6
0.01782 971.6
0.01783 971.7
0.01784 971.7
0.01785 971.7
0.01786 971.7
0.01787 971.7
0.01788 971.8
0.01789 971.8
0.01790 971.8
0.01791 971.8
0.01792 971.8
0.01793 971.8
0.01794 971.9
0.01795 971.9
0.01796 971.9
0.01797 971.9
0.01798 971.9
0.01799 972.0
0.01800 972.0
0.01801 972.0
0.01802 972.0
0.01803 972.0
0.01804 972.0
0.01805 972.1
0.01806 972.1
0.01807 972.1
0.01808 972.1
0.01809 972.1
0.01810 972.2
0.01811 972.2
0.01812 972.2
0.01813 972.2
0.01814 972.2
0.01815 972.2
0.01816 972.3
0.01817 972.3
0.01818 972.3
0.01819 972.3
0.01820 972.3
0.01821 972.3
0.01822 972.4
0.01823 972.4
0.01824 972.4
0.01825 972.4
0.01826 972.4
0.01827 972.5
0.01828 972.5
0.01829 972.5
0.01830 972.5
0.01831 972.5
0.01832 972.5
0.01833 972.6
0.01834 972.6
0.01835 972.6
0.01836 972.6
0.01837 972.6
0.01838 972.6
0.01839 972.7
0.01840 972.7
0.01841 972.7
0.01842 972.7
0.01843 972.7
0.01844 972.7
0.01845 972.8
0.01846 972.8
0.01847 972.8
0.01848 972.8
0.01849 972.8
0.01850 972.8
0.01851 972.9
0.01852 972.9
0.01853 972.9
0.01854 972.9
0.01855 972.9
0.01856 972.9
0.01857 972.9
0.01858 973.0
0.01859 973.0
0.01860 973.0
0.01861 973.0
0.01862 973.0
0.01863 973.0
0.01864 973.1
0.01865 973.1
0.01866 973.1
0.01867 973.1
0.01868 973.1
0.01869 973.1
0.01870 973.2
0.01871 973.2
0.01872 973.2
0.01873 973.2
0.01874 973.2
0.01875 973.2
0.01876 973.3
0.01877 973.3
0.01878 973.3
0.01879 973.3
0.01880 973.3
0.01881 973.3
0.01882 973.3
0.01883 973.4
0.01884 973.4
0.01885 973.4
0.01886 973.4
0.01887 973.4
0.01888 973.4
0.01889 973.5
0.01890 973.5
0.01891 973.5
0.01892 973.5
0.01893 973.5
0.01894 973.5
0.01895 973.5
0.01896 973.6
0.01897 973.6
0.01898 973.6
0.01899 973.6
0.01900 973.6
0.01901 973.6
0.01902 973.6
0.01903 973.7
0.01904 973.7
0.01905 973.7
0.01906 973.7
0.01907 973.7
0.01908 973.7
0.01909 973.7
0.01910 973.8
0.01911 973.8
0.01912 973.8
0.01913 973.8
0.01914 973.8
0.01915 973.8
0.01916 973.9
0.01917 973.9
0.01918 973.9
0.01919 973.9
0.01920 973.9
0.01921 973.9
0.01922 973.9
0.01923 974.0
0.01924 974.0
0.01925 974.0
0.01926 974.0
0.01927 974.0
0.01928 974.0
0.01929 974.0
0.01930 974.1
0.01931 974.1
0.01932 974.1
0.01933 974.1
0.01934 974.1
0.01935 974.1
0.01936 974.1
0.01937 974.1
0.01938 974.2
0.01939 974.2
0.01940 974.2
0.01941 974.2
0.01942 974.2
0.01943 974.2
0.01944 974.2
0.01945 974.3
0.01946 974.3
0.01947 974.3
0.01948 974.3
0.01949 974.3
0.01950 974.3
0.01951 974.3
0.01952 974.4
0.01953 974.4
0.01954 974.4
0.01955 974.4
0.01956 974.4
0.01957 974.4
0.01958 974.4
0.01959 974.4
0.01960 974.5
0.01961 974.5
0.01962 974.5
0.01963 974.5
0.01964 974.5
0.01965 974.5
0.01966 974.5
0.01967 974.6
0.01968 974.6
0.01969 974.6
0.01970 974.6
0.01971 974.6
0.01972 974.6
0.01973 974.6
0.01974 974.6
0.01975 974.7
0.01976 974.7
0.01977 974.7
0.01978 974.7
0.01979 974.7
0.01980 974.7
0.01981 974.7
0.01982 974.7
0.01983 974.8
0.01984 974.8
0.01985 974.8
0.01986 974.8
0.01987 974.8
0.01988 974.8
0.01989 974.8
0.01990 974.8
0.01991 974.9
0.01992 974.9
0.01993 974.9
0.01994 974.9
0.01995 974.9
0.01996 974.9
0.01997 974.9
0.01998 974.9
0.01999 975.0
0.02000 982.4
0.02001 982.4
0.02002 982.4
0.02003 982.4
0.02004 982.4
0.02005 982.4
0.02006 982.4
0.02007 982.4
0.02008 982.4
0.02009 982.4
0.02010 982.4
0.02011 982.4
0.02012 982.4
0.02013 982.4
0.02014 982.4
0.02015 982.4
0.02016 982.4
0.02017 982.4
0.02018 982.4
0.02019 982.4
0.02020 982.4
0.02021 982.4
0.02022 982.4
0.02023 982.4
0.02024 982.4
0.02025 982.4
0.02026 982.4
0.02027 982.4
0.02028 982.4
0.02029 982.4
0.02030 982.4
0.02031 982.4
0.02032 982.4
0.02033 982.4
0.02034 982.4
0.02035 982.4
0.02036 982.4
0.02037 982.4
0.02038 982.4
0.02039 982.4
0.02040 982.4
0.02041 982.4
0.02042 982.4
0.02043 982.4
0.02044 982.4
0.02045 982.4
0.02046 982.4
0.02047 982.4
0.02048 982.4
0.02049 982.4
0.02050 982.4
0.02051 982.4
0.02052 982.4
0.02053 982.4
0.02054 982.4
0.02055 982.4
0.02056 982.4
0.02057 982.4
0.02058 982.4
0.02059 982.4
0.02060 982.4
0.02061 982.4
0.02062 982.4
0.02063 982.4
0.02064 982.4
0.02065 982.4
0.02066 982.4
0.02067 982.4
0.02068 982.4
0.02069 982.4
0.02070 982.4
0.02071 982.4
0.02072 982.4
0.02073 982.4
0.02074 982.4
0.02075 982.4
0.02076 982.4
0.02077 982.4
0.02078 982.4
0.02079 982.4
0.02080 982.4
0.02081 982.4
0.02082 982.4
0.02083 982.4
0.02084 982.4
0.02085 982.4
0.02086 982.4
0.02087 982.4
0.02088 982.4
0.02089 982.4
0.02090 982.4
0.02091 982.4
0.02092 982.4
0.02093 982.4
0.02094 982.4
0.02095 982.4
0.02096 982.4
0.02097 982.4
0.02098 982.4
0.02099 982.4
0.02100 982.4
0.02101 1006.0
0.02102 1030.0
0.02103 1054.6
0.02104 1079.7
0.02105 1105.3
0.02106 1131.5
0.02107 1158.1
0.02108 1185.4
0.02109 1213.1
0.02110 1241.5
0.02111 1270.4
0.02112 1300.0
0.02113 1330.1
0.02114 1360.9
0.02115 1392.3
0.02116 1424.3
0.02117 1457.0
0.02118 1490.4
0.02119 1524.5
0.02120 1559.3
0.02121 1594.9
0.02122 1631.3
0.02123 1668.5
0.02124 1706.5
0.02125 1745.4
0.02126 1785.3
0.02127 1826.2
0.02128 1868.1
0.02129 1911.2
0.02130 1955.5
0.02131 2001.1
0.02132 2048.2
0.02133 2096.9
0.02134 2147.3
0.02135 2199.6
0.02136 2254.1
0.02137 2311.1
0.02138 2370.8
0.02139 2433.6
0.02140 2500.0
0.02141 2570.5
0.02142 2645.6
0.02143 2726.2
0.02144 2813.2
0.02145 2907.5
0.02146 3010.6
0.02147 3124.0
0.02148 3249.7
0.02149 3389.9
0.02150 3547.8
0.02151 3640.0
0.02152 3751.4
0.02153 3885.0
0.02154 4044.4
0.02155 4234.0
0.02156 4459.0
0.02157 4725.7
0.02158 5041.8
0.02159 5415.9
0.02160 5857.7
0.02161 6377.3
0.02162 6983.6
0.02163 7682.2
0.02164 8472.4
0.02165 9343.1
0.02166 10270.4
0.02167 11218.8
0.02168 12147.1
0.02169 13017.2
0.02170 13801.5
0.02171 14486.2
0.02172 15068.9
0.02173 15554.5
0.02174 15952.0
0.02175 16271.0
0.02176 16521.1
0.02177 16710.7
0.02178 16846.9
0.02179 16935.9
0.02180 16982.9
0.02181 16992.0
0.02182 16967.0
0.02183 16910.7
0.02184 16825.8
0.02185 16714.4
0.02186 16578.4
0.02187 16419.5
0.02188 16239.2
0.02189 16039.0
0.02190 15820.1
0.02191 15583.8
0.02192 15331.3
0.02193 15063.8
0.02194 14782.6
0.02195 14488.8
0.02196 14183.7
0.02197 13868.5
0.02198 13544.6
0.02199 13213.0
0.02200 12875.2
0.02201 12532.4
0.02202 12185.7
0.02203 11836.6
0.02204 11486.2
0.02205 11135.6
0.02206 10786.0
0.02207 10438.4
0.02208 10094.0
0.02209 9753.7
0.02210 9418.3
0.02211 9088.6
0.02212 8765.5
0.02213 8449.5
0.02214 8141.3
0.02215 7841.2
0.02216 7549.8
0.02217 7267.4
0.02218 6994.2
0.02219 6730.4
0.02220 6476.1
0.02221 6231.4
0.02222 5996.3
0.02223 5770.8
0.02224 5554.6
0.02225 5347.8
0.02226 5150.0
0.02227 4961.1
0.02228 4780.9
0.02229 4609.0
0.02230 4445.3
0.02231 4289.3
0.02232 4140.9
0.02233 3999.7
0.02234 3865.3
0.02235 3737.6
0.02236 3616.1
0.02237 3500.6
0.02238 3390.8
0.02239 3286.4
0.02240 3187.2
0.02241 3092.7
0.02242 3002.9
0.02243 2917.4
0.02244 2836.0
0.02245 2758.5
0.02246 2684.7
0.02247 2614.3
0.02248 2547.2
0.02249 2483.1
0.02250 2422.0
0.02251 2363.6
0.02252 2307.8
0.02253 2254.5
0.02254 2203.5
0.02255 2154.7
0.02256 2107.9
0.02257 2063.2
0.02258 2020.2
0.02259 1979.1
0.02260 1939.6
0.02261 1901.7
0.02262 1865.4
0.02263 1830.4
0.02264 1796.9
0.02265 1764.6
0.02266 1733.6
0.02267 1703.8
0.02268 1675.1
0.02269 1647.6
0.02270 1621.0
0.02271 1595.5
0.02272 1571.0
0.02273 1547.3
0.02274 1524.6
0.02275 1502.7
0.02276 1481.6
0.02277 1461.4
0.02278 1441.8
0.02279 1423.1
0.02280 1405.0
0.02281 1387.6
0.02282 1370.8
0.02283 1354.7
0.02284 1339.2
0.02285 1324.3
0.02286 1309.9
0.02287 1296.1
0.02288 1282.8
0.02289 1270.0
0.02290 1257.7
0.02291 1245.9
0.02292 1234.5
0.02293 1223.5
0.02294 1213.0
0.02295 1202.8
0.02296 1193.0
0.02297 1183.6
0.02298 1174.6
0.02299 1165.8
0.02300 1157.4
0.02301 1149.4
0.02302 1141.6
0.02303 1134.1
0.02304 1126.8
0.02305 1119.9
0.02306 1113.2
0.02307 1106.7
0.02308 1100.5
0.02309 1094.5
0.02310 1088.7
0.02311 1083.1
0.02312 1077.7
0.02313 1072.5
0.02314 1067.5
0.02315 1062.6
0.02316 1058.0
0.02317 1053.4
0.02318 1049.1
0.02319 1044.9
0.02320 1040.8
0.02321 1036.9
0.02322 1033.1
0.02323 1029.4
0.02324 1025.9
0.02325 1022.5
0.02326 1019.1
0.02327 1015.9
0.02328 1012.8
0.02329 1009.8
0.02330 1006.9
0.02331 1004.1
0.02332 1001.4
0.02333 998.8
0.02334 996.2
0.02335 993.7
0.02336 991.4
0.02337 989.0
0.02338 986.8
0.02339 984.6
0.02340 982.5
0.02341 980.5
0.02342 978.5
0.02343 976.6
0.02344 974.7
0.02345 972.9
0.02346 971.1
0.02347 969.4
0.02348 967.8
0.02349 966.2
0.02350 964.6
0.02351 963.1
0.02352 961.7
0.02353 960.3
0.02354 958.9
0.02355 957.5
0.02356 956.2
0.02357 955.0
0.02358 953.7
0.02359 952.6
0.02360 951.4
0.02361 950.3
0.02362 949.2
0.02363 948.1
0.02364 947.1
0.02365 946.1
0.02366 945.1
0.02367 944.2
0.02368 943.2
0.02369 942.3
0.02370 941.5
0.02371 940.6
0.02372 939.8
0.02373 939.0
0.02374 938.2
0.02375 937.4
0.02376 936.7
0.02377 936.0
0.02378 935.3
0.02379 934.6
0.02380 933.9
0.02381 933.3
0.02382 932.7
0.02383 932.1
0.02384 931.5
0.02385 930.9
0.02386 930.3
0.02387 929.8
0.02388 929.2
0.02389 928.7
0.02390 928.2
0.02391 927.7
0.02392 927.2
0.02393 926.8
0.02394 926.3
0.02395 925.9
0.02396 925.4
0.02397 925.0
0.02398 924.6
0.02399 924.2
0.02400 923.8
0.02401 923.4
0.02402 923.1
0.02403 922.7
0.02404 922.4
0.02405 922.0
0.02406 921.7
0.02407 921.4
0.02408 921.1
0.02409 920.7
0.02410 920.4
0.02411 920.2
0.02412 919.9
0.02413 919.6
0.02414 919.3
0.02415 919.1
0.02416 918.8
0.02417 918.6
0.02418 918.3
0.02419 918.1
0.02420 917.8
0.02421 917.6
0.02422 917.4
0.02423 917.2
0.02424 917.0
0.02425 916.8
0.02426 916.6
0.02427 916.4
0.02428 916.2
0.02429 916.0
0.02430 915.9
0.02431 915.7
0.02432 915.5
0.02433 915.4
0.02434 915.2
0.02435 915.0
0.02436 914.9
0.02437 914.7
0.02438 914.6
0.02439 914.5
0.02440 914.3
0.02441 914.2
0.02442 914.1
0.02443 914.0
0.02444 913.8
0.02445 913.7
0.02446 913.6
0.02447 913.5
0.02448 913.4
0.02449 913.3
0.02450 913.2
0.02451 913.1
0.02452 913.0
0.02453 912.9
0.02454 912.8
0.02455 912.7
0.02456 912.7
0.02457 912.6
0.02458 912.5
0.02459 912.4
0.02460 912.4
0.02461 912.3
0.02462 912.2
0.02463 912.1
0.02464 912.1
0.02465 912.0
0.02466 912.0
0.02467 911.9
0.02468 911.9
0.02469 911.8
0.02470 911.8
0.02471 911.7
0.02472 911.7
0.02473 911.6
0.02474 911.6
0.02475 911.5
0.02476 911.5
0.02477 911.5
0.02478 911.4
0.02479 911.4
0.02480 911.3
0.02481 911.3
0.02482 911.3
0.02483 911.3
0.02484 911.2
0.02485 911.2
0.02486 911.2
0.02487 911.2
0.02488 911.1
0.02489 911.1
0.02490 911.1
0.02491 911.1
0.02492 911.1
0.02493 911.1
0.02494 911.0
0.02495 911.0
0.02496 911.0
0.02497 911.0
0.02498 911.0
0.02499 911.0
0.02500 911.0
0.02501 911.0
0.02502 911.0
0.02503 911.0
0.02504 911.0
0.02505 911.0
0.02506 911.0
0.02507 911.0
0.02508 911.0
0.02509 911.0
0.02510 911.0
0.02511 911.0
0.02512 911.0
0.02513 911.0
0.02514 911.0
0.02515 911.0
0.02516 911.1
0.02517 911.1
0.02518 911.1
0.02519 911.1
0.02520 911.1
0.02521 911.1
0.02522 911.1
0.02523 911.2
0.02524 911.2
0.02525 911.2
0.02526 911.2
0.02527 911.2
0.02528 911.2
0.02529 911.3
0.02530 911.3
0.02531 911.3
0.02532 911.3
0.02533 911.4
0.02534 911.4
0.02535 911.4
0.02536 911.4
0.02537 911.5
0.02538 911.5
0.02539 911.5
0.02540 911.5
0.02541 911.6
0.02542 911.6
0.02543 911.6
0.02544 911.6
0.02545 911.7
0.02546 911.7
0.02547 911.7
0.02548 911.8
0.02549 911.8
0.02550 911.8
0.02551 911.9
0.02552 911.9
0.02553 911.9
0.02554 912.0
0.02555 912.0
0.02556 912.0
0.02557 912.1
0.02558 912.1
0.02559 912.2
0.02560 912.2
0.02561 912.2
0.02562 912.3
0.02563 912.3
0.02564 912.4
0.02565 912.4
0.02566 912.4
0.02567 912.5
0.02568 912.5
0.02569 912.6
0.02570 912.6
0.02571 912.6
0.02572 912.7
0.02573 912.7
0.02574 912.8
0.02575 912.8
0.02576 912.9
0.02577 912.9
0.02578 912.9
0.02579 913.0
0.02580 913.0
0.02581 913.1
0.02582 913.1
0.02583 913.2
0.02584 913.2
0.02585 913.3
0.02586 913.3
0.02587 913.4
0.02588 913.4
0.02589 913.5
0.02590 913.5
0.02591 913.6
0.02592 913.6
0.02593 913.7
0.02594 913.7
0.02595 913.8
0.02596 913.8
0.02597 913.9
0.02598 913.9
0.02599 914.0
0.02600 914.0
0.02601 914.1
0.02602 914.1
0.02603 914.2
0.02604 914.2
0.02605 914.3
0.02606 914.3
0.02607 914.4
0.02608 914.4
0.02609 914.5
0.02610 914.5
0.02611 914.6
0.02612 914.6
0.02613 914.7
0.02614 914.8
0.02615 914.8
0.02616 914.9
0.02617 914.9
0.02618 915.0
0.02619 915.0
0.02620 915.1
0.02621 915.1
0.02622 915.2
0.02623 915.3
0.02624 915.3
0.02625 915.4
0.02626 915.4
0.02627 915.5
0.02628 915.5
0.02629 915.6
0.02630 915.7
0.02631 915.7
0.02632 915.8
0.02633 915.8
0.02634 915.9
0.02635 916.0
0.02636 916.0
0.02637 916.1
0.02638 916.1
0.02639 916.2
0.02640 916.3
0.02641 916.3
0.02642 916.4
0.02643 916.4
0.02644 916.5
0.02645 916.6
0.02646 916.6
0.02647 916.7
0.02648 916.7
0.02649 916.8
0.02650 916.9
0.02651 916.9
0.02652 917.0
0.02653 917.0
0.02654 917.1
0.02655 917.2
0.02656 917.2
0.02657 917.3
0.02658 917.4
0.02659 917.4
0.02660 917.5
0.02661 917.6
0.02662 917.6
0.02663 917.7
0.02664 917.7
0.02665 917.8
0.02666 917.9
0.02667 917.9
0.02668 918.0
0.02669 918.1
0.02670 918.1
0.02671 918.2
0.02672 918.3
0.02673 918.3
0.02674 918.4
0.02675 918.4
0.02676 918.5
0.02677 918.6
0.02678 918.6
0.02679 918.7
0.02680 918.8
0.02681 918.8
0.02682 918.9
0.02683 919.0
0.02684 919.0
0.02685 919.1
0.02686 919.2
0.02687 919.2
0.02688 919.3
0.02689 919.4
0.02690 919.4
0.02691 919.5
0.02692 919.6
0.02693 919.6
0.02694 919.7
0.02695 919.8
0.02696 919.8
0.02697 919.9
0.02698 920.0
0.02699 920.0
0.02700 920.1
0.02701 920.2
0.02702 920.2
0.02703 920.3
0.02704 920.4
0.02705 920.4
0.02706 920.5
0.02707 920.6
0.02708 920.6
0.02709 920.7
0.02710 920.8
0.02711 920.8
0.02712 920.9
0.02713 921.0
0.02714 921.0
0.02715 921.1
0.02716 921.2
0.02717 921.3
0.02718 921.3
0.02719 921.4
0.02720 921.5
0.02721 921.5
0.02722 921.6
0.02723 921.7
0.02724 921.7
0.02725 921.8
0.02726 921.9
0.02727 921.9
0.02728 922.0
0.02729 922.1
0.02730 922.1
0.02731 922.2
0.02732 922.3
0.02733 922.4
0.02734 922.4
0.02735 922.5
0.02736 922.6
0.02737 922.6
0.02738 922.7
0.02739 922.8
0.02740 922.8
0.02741 922.9
0.02742 923.0
0.02743 923.0
0.02744 923.1
0.02745 923.2
0.02746 923.3
0.02747 923.3
0.02748 923.4
0.02749 923.5
0.02750 923.5
0.02751 923.6
0.02752 923.7
0.02753 923.7
0.02754 923.8
0.02755 923.9
0.02756 924.0
0.02757 924.0
0.02758 924.1
0.02759 924.2
0.02760 924.2
0.02761 924.3
0.02762 924.4
0.02763 924.5
0.02764 924.5
0.02765 924.6
0.02766 924.7
0.02767 924.7
0.02768 924.8
0.02769 924.9
0.02770 924.9
0.02771 925.0
0.02772 925.1
0.02773 925.2
0.02774 925.2
0.02775 925.3
0.02776 925.4
0.02777 925.4
0.02778 925.5
0.02779 925.6
0.02780 925.7
0.02781 925.7
0.02782 925.8
0.02783 925.9
0.02784 925.9
0.02785 926.0
0.02786 926.1
0.02787 926.2
0.02788 926.2
0.02789 926.3
0.02790 926.4
0.02791 926.4
0.02792 926.5
0.02793 926.6
0.02794 926.7
0.02795 926.7
0.02796 926.8
0.02797 926.9
0.02798 926.9
0.02799 927.0
0.02800 927.1
0.02801 927.2
0.02802 927.2
0.02803 927.3
0.02804 927.4
0.02805 927.4
0.02806 927.5
0.02807 927.6
0.02808 927.7
0.02809 927.7
0.02810 927.8
0.02811 927.9
0.02812 927.9
0.02813 928.0
0.02814 928.1
0.02815 928.1
0.02816 928.2
0.02817 928.3
0.02818 928.4
0.02819 928.4
0.02820 928.5
0.02821 928.6
0.02822 928.6
0.02823 928.7
0.02824 928.8
0.02825 928.9
0.02826 928.9
0.02827 929.0
0.02828 929.1
0.02829 929.1
0.02830 929.2
0.02831 929.3
0.02832 929.4
0.02833 929.4
0.02834 929.5
0.02835 929.6
0.02836 929.6
0.02837 929.7
0.02838 929.8
0.02839 929.9
0.02840 929.9
0.02841 930.0
0.02842 930.1
0.02843 930.1
0.02844 930.2
0.02845 930.3
0.02846 930.4
0.02847 930.4
0.02848 930.5
0.02849 930.6
0.02850 930.6
0.02851 930.7
0.02852 930.8
0.02853 930.9
0.02854 930.9
0.02855 931.0
0.02856 931.1
0.02857 931.1
0.02858 931.2
0.02859 931.3
0.02860 931.3
0.02861 931.4
0.02862 931.5
0.02863 931.6
0.02864 931.6
0.02865 931.7
0.02866 931.8
0.02867 931.8
0.02868 931.9
0.02869 932.0
0.02870 932.1
0.02871 932.1
0.02872 932.2
0.02873 932.3
0.02874 932.3
0.02875 932.4
0.02876 932.5
0.02877 932.5
0.02878 932.6
0.02879 932.7
0.02880 932.8
0.02881 932.8
0.02882 932.9
0.02883 933.0
0.02884 933.0
0.02885 933.1
0.02886 933.2
0.02887 933.3
0.02888 933.3
0.02889 933.4
0.02890 933.5
0.02891 933.5
0.02892 933.6
0.02893 933.7
0.02894 933.7
0.02895 933.8
0.02896 933.9
0.02897 934.0
0.02898 934.0
0.02899 934.1
0.02900 934.2
0.02901 934.2
0.02902 934.3
0.02903 934.4
0.02904 934.4
0.02905 934.5
0.02906 934.6
0.02907 934.6
0.02908 934.7
0.02909 934.8
0.02910 934.9
0.02911 934.9
0.02912 935.0
0.02913 935.1
0.02914 935.1
0.02915 935.2
0.02916 935.3
0.02917 935.3
0.02918 935.4
0.02919 935.5
0.02920 935.5
0.02921 935.6
0.02922 935.7
0.02923 935.8
0.02924 935.8
0.02925 935.9
0.02926 936.0
0.02927 936.0
0.02928 936.1
0.02929 936.2
0.02930 936.2
0.02931 936.3
0.02932 936.4
0.02933 936.4
0.02934 936.5
0.02935 936.6
0.02936 936.6
0.02937 936.7
0.02938 936.8
0.02939 936.8
0.02940 936.9
0.02941 937.0
0.02942 937.0
0.02943 937.1
0.02944 937.2
0.02945 937.3
0.02946 937.3
0.02947 937.4
0.02948 937.5
0.02949 937.5
0.02950 937.6
0.02951 937.7
0.02952 937.7
0.02953 937.8
0.02954 937.9
0.02955 937.9
0.02956 938.0
0.02957 938.1
0.02958 938.1
0.02959 938.2
0.02960 938.3
0.02961 938.3
0.02962 938.4
0.02963 938.5
0.02964 938.5
0.02965 938.6
0.02966 938.7
0.02967 938.7
0.02968 938.8
0.02969 938.9
0.02970 938.9
0.02971 939.0
0.02972 939.1
0.02973 939.1
0.02974 939.2
0.02975 939.3
0.02976 939.3
0.02977 939.4
0.02978 939.5
0.02979 939.5
0.02980 939.6
0.02981 939.7
0.02982 939.7
0.02983 939.8
0.02984 939.9
0.02985 939.9
0.02986 940.0
0.02987 940.1
0.02988 940.1
0.02989 940.2
0.02990 940.3
0.02991 940.3
0.02992 940.4
0.02993 940.4
0.02994 940.5
0.02995 940.6
0.02996 940.6
0.02997 940.7
0.02998 940.8
0.02999 940.8
0.03000 940.9
0.03001 941.0
0.03002 941.0
0.03003 941.1
0.03004 941.2
0.03005 941.2
0.03006 941.3
0.03007 941.4
0.03008 941.4
0.03009 941.5
0.03010 941.5
0.03011 941.6
0.03012 941.7
0.03013 941.7
0.03014 941.8
0.03015 941.9
0.03016 941.9
0.03017 942.0
0.03018 942.1
0.03019 942.1
0.03020 942.2
0.03021 942.2
0.03022 942.3
0.03023 942.4
0.03024 942.4
0.03025 942.5
0.03026 942.6
0.03027 942.6
0.03028 942.7
0.03029 942.8
0.03030 942.8
0.03031 942.9
0.03032 942.9
0.03033 943.0
0.03034 943.1
0.03035 943.1
0.03036 943.2
0.03037 943.3
0.03038 943.3
0.03039 943.4
0.03040 943.4
0.03041 943.5
0.03042 943.6
0.03043 943.6
0.03044 943.7
0.03045 943.8
0.03046 943.8
0.03047 943.9
0.03048 943.9
0.03049 944.0
0.03050 944.1
0.03051 944.1
0.03052 944.2
0.03053 944.2
0.03054 944.3
0.03055 944.4
0.03056 944.4
0.03057 944.5
0.03058 944.6
0.03059 944.6
0.03060 944.7
0.03061 944.7
0.03062 944.8
0.03063 944.9
0.03064 944.9
0.03065 945.0
0.03066 945.0
0.03067 945.1
0.03068 945.2
0.03069 945.2
0.03070 945.3
0.03071 945.3
0.03072 945.4
0.03073 945.5
0.03074 945.5
0.03075 945.6
0.03076 945.6
0.03077 945.7
0.03078 945.8
0.03079 945.8
0.03080 945.9
0.03081 945.9
0.03082 946.0
0.03083 946.1
0.03084 946.1
0.03085 946.2
0.03086 946.2
0.03087 946.3
0.03088 946.4
0.03089 946.4
0.03090 946.5
0.03091 946.5
0.03092 946.6
0.03093 946.7
0.03094 946.7
0.03095 946.8
0.03096 946.8
0.03097 946.9
0.03098 946.9
0.03099 947.0
0.03100 947.1
0.03101 947.1
0.03102 947.2
0.03103 947.2
0.03104 947.3
0.03105 947.4
0.03106 947.4
0.03107 947.5
0.03108 947.5
0.03109 947.6
0.03110 947.6
0.03111 947.7
0.03112 947.8
0.03113 947.8
0.03114 947.9
0.03115 947.9
0.03116 948.0
0.03117 948.0
0.03118 948.1
0.03119 948.2
0.03120 948.2
0.03121 948.3
0.03122 948.3
0.03123 948.4
0.03124 948.4
0.03125 948.5
0.03126 948.6
0.03127 948.6
0.03128 948.7
0.03129 948.7
0.03130 948.8
0.03131 948.8
0.03132 948.9
0.03133 948.9
0.03134 949.0
0.03135 949.1
0.03136 949.1
0.03137 949.2
0.03138 949.2
0.03139 949.3
0.03140 949.3
0.03141 949.4
0.03142 949.4
0.03143 949.5
0.03144 949.6
0.03145 949.6
0.03146 949.7
0.03147 949.7
0.03148 949.8
0.03149 949.8
0.03150 949.9
0.03151 949.9
0.03152 950.0
0.03153 950.0
0.03154 950.1
0.03155 950.2
0.03156 950.2
0.03157 950.3
0.03158 950.3
0.03159 950.4
0.03160 950.4
0.03161 950.5
0.03162 950.5
0.03163 950.6
0.03164 950.6
0.03165 950.7
0.03166 950.7
0.03167 950.8
0.03168 950.9
0.03169 950.9
0.03170 951.0
0.03171 951.0
0.03172 951.1
0.03173 951.1
0.03174 951.2
0.03175 951.2
0.03176 951.3
0.03177 951.3
0.03178 951.4
0.03179 951.4
0.03180 951.5
0.03181 951.5
0.03182 951.6
0.03183 951.6
0.03184 951.7
0.03185 951.8
0.03186 951.8
0.03187 951.9
0.03188 951.9
0.03189 952.0
0.03190 952.0
0.03191 952.1
0.03192 952.1
0.03193 952.2
0.03194 952.2
0.03195 952.3
0.03196 952.3
0.03197 952.4
0.03198 952.4
0.03199 952.5
0.03200 952.5
0.03201 952.6
0.03202 952.6
0.03203 952.7
0.03204 952.7
0.03205 952.8
0.03206 952.8
0.03207 952.9
0.03208 952.9
0.03209 953.0
0.03210 953.0
0.03211 953.1
0.03212 953.1
0.03213 953.2
0.03214 953.2
0.03215 953.3
0.03216 953.3
0.03217 953.4
0.03218 953.4
0.03219 953.5
0.03220 953.5
0.03221 953.6
0.03222 953.6
0.03223 953.7
0.03224 953.7
0.03225 953.8
0.03226 953.8
0.03227 953.9
0.03228 953.9
0.03229 954.0
0.03230 954.0
0.03231 954.1
0.03232 954.1
0.03233 954.2
0.03234 954.2
0.03235 954.3
0.03236 954.3
0.03237 954.4
0.03238 954.4
0.03239 954.5
0.03240 954.5
0.03241 954.6
0.03242 954.6
0.03243 954.7
0.03244 954.7
0.03245 954.7
0.03246 954.8
0.03247 954.8
0.03248 954.9
0.03249 954.9
0.03250 955.0
0.03251 955.0
0.03252 955.1
0.03253 955.1
0.03254 955.2
0.03255 955.2
0.03256 955.3
0.03257 955.3
0.03258 955.4
0.03259 955.4
0.03260 955.5
0.03261 955.5
0.03262 955.6
0.03263 955.6
0.03264 955.6
0.03265 955.7
0.03266 955.7
0.03267 955.8
0.03268 955.8
0.03269 955.9
0.03270 955.9
0.03271 956.0
0.03272 956.0
0.03273 956.1
0.03274 956.1
0.03275 956.2
0.03276 956.2
0.03277 956.2
0.03278 956.3
0.03279 956.3
0.03280 956.4
0.03281 956.4
0.03282 956.5
0.03283 956.5
0.03284 956.6
0.03285 956.6
0.03286 956.6
0.03287 956.7
0.03288 956.7
0.03289 956.8
0.03290 956.8
0.03291 956.9
0.03292 956.9
0.03293 957.0
0.03294 957.0
0.03295 957.1
0.03296 957.1
0.03297 957.1
0.03298 957.2
0.03299 957.2
0.03300 957.3
0.03301 957.3
0.03302 957.4
0.03303 957.4
0.03304 957.4
0.03305 957.5
0.03306 957.5
0.03307 957.6
0.03308 957.6
0.03309 957.7
0.03310 957.7
0.03311 957.7
0.03312 957.8
0.03313 957.8
0.03314 957.9
0.03315 957.9
0.03316 958.0
0.03317 958.0
0.03318 958.0
0.03319 958.1
0.03320 958.1
0.03321 958.2
0.03322 958.2
0.03323 958.3
0.03324 958.3
0.03325 958.3
0.03326 958.4
0.03327 958.4
0.03328 958.5
0.03329 958.5
0.03330 958.6
0.03331 958.6
0.03332 958.6
0.03333 958.7
0.03334 958.7
0.03335 958.8
0.03336 958.8
0.03337 958.8
0.03338 958.9
0.03339 958.9
0.03340 959.0
0.03341 959.0
0.03342 959.1
0.03343 959.1
0.03344 959.1
0.03345 959.2
0.03346 959.2
0.03347 959.3
0.03348 959.3
0.03349 959.3
0.03350 959.4
0.03351 959.4
0.03352 959.5
0.03353 959.5
0.03354 959.5
0.03355 959.6
0.03356 959.6
0.03357 959.7
0.03358 959.7
0.03359 959.7
0.03360 959.8
0.03361 959.8
0.03362 959.9
0.03363 959.9
0.03364 959.9
0.03365 960.0
0.03366 960.0
0.03367 960.1
0.03368 960.1
0.03369 960.1
0.03370 960.2
0.03371 960.2
0.03372 960.3
0.03373 960.3
0.03374 960.3
0.03375 960.4
0.03376 960.4
0.03377 960.4
0.03378 960.5
0.03379 960.5
0.03380 960.6
0.03381 960.6
0.03382 960.6
0.03383 960.7
0.03384 960.7
0.03385 960.8
0.03386 960.8
0.03387 960.8
0.03388 960.9
0.03389 960.9
0.03390 960.9
0.03391 961.0
0.03392 961.0
0.03393 961.1
0.03394 961.1
0.03395 961.1
0.03396 961.2
0.03397 961.2
0.03398 961.2
0.03399 961.3
0.03400 961.3
0.03401 961.4
0.03402 961.4
0.03403 961.4
0.03404 961.5
0.03405 961.5
0.03406 961.5
0.03407 961.6
0.03408 961.6
0.03409 961.7
0.03410 961.7
0.03411 961.7
0.03412 961.8
0.03413 961.8
0.03414 961.8
0.03415 961.9
0.03416 961.9
0.03417 961.9
0.03418 962.0
0.03419 962.0
0.03420 962.1
0.03421 962.1
0.03422 962.1
0.03423 962.2
0.03424 962.2
0.03425 962.2
0.03426 962.3
0.03427 962.3
0.03428 962.3
0.03429 962.4
0.03430 962.4
0.03431 962.4
0.03432 962.5
0.03433 962.5
0.03434 962.6
0.03435 962.6
0.03436 962.6
0.03437 962.7
0.03438 962.7
0.03439 962.7
0.03440 962.8
0.03441 962.8
0.03442 962.8
0.03443 962.9
0.03444 962.9
0.03445 962.9
0.03446 963.0
0.03447 963.0
0.03448 963.0
0.03449 963.1
0.03450 963.1
0.03451 963.1
0.03452 963.2
0.03453 963.2
0.03454 963.2
0.03455 963.3
0.03456 963.3
0.03457 963.3
0.03458 963.4
0.03459 963.4
0.03460 963.4
0.03461 963.5
0.03462 963.5
0.03463 963.5
0.03464 963.6
0.03465 963.6
0.03466 963.6
0.03467 963.7
0.03468 963.7
0.03469 963.7
0.03470 963.8
0.03471 963.8
0.03472 963.8
0.03473 963.9
0.03474 963.9
0.03475 963.9
0.03476 964.0
0.03477 964.0
0.03478 964.0
0.03479 964.1
0.03480 964.1
0.03481 964.1
0.03482 964.2
0.03483 964.2
0.03484 964.2
0.03485 964.3
0.03486 964.3
0.03487 964.3
0.03488 964.4
0.03489 964.4
0.03490 964.4
0.03491 964.5
0.03492 964.5
0.03493 964.5
0.03494 964.6
0.03495 964.6
0.03496 964.6
0.03497 964.7
0.03498 964.7
0.03499 964.7
0.03500 964.7
0.03501 964.8
0.03502 964.8
0.03503 964.8
0.03504 964.9
0.03505 964.9
0.03506 964.9
0.03507 965.0
0.03508 965.0
0.03509 965.0
0.03510 965.1
0.03511 965.1
0.03512 965.1
0.03513 965.1
0.03514 965.2
0.03515 965.2
0.03516 965.2
0.03517 965.3
0.03518 965.3
0.03519 965.3
0.03520 965.4
0.03521 965.4
0.03522 965.4
0.03523 965.4
0.03524 965.5
0.03525 965.5
0.03526 965.5
0.03527 965.6
0.03528 965.6
0.03529 965.6
0.03530 965.7
0.03531 965.7
0.03532 965.7
0.03533 965.7
0.03534 965.8
0.03535 965.8
0.03536 965.8
0.03537 965.9
0.03538 965.9
0.03539 965.9
0.03540 966.0
0.03541 966.0
0.03542 966.0
0.03543 966.0
0.03544 966.1
0.03545 966.1
0.03546 966.1
0.03547 966.2
0.03548 966.2
0.03549 966.2
0.03550 966.2
0.03551 966.3
0.03552 966.3
0.03553 966.3
0.03554 966.4
0.03555 966.4
0.03556 966.4
0.03557 966.4
0.03558 966.5
0.03559 966.5
0.03560 966.5
0.03561 966.6
0.03562 966.6
0.03563 966.6
0.03564 966.6
0.03565 966.7
0.03566 966.7
0.03567 966.7
0.03568 966.7
0.03569 966.8
0.03570 966.8
0.03571 966.8
0.03572 966.9
0.03573 966.9
0.03574 966.9
0.03575 966.9
0.03576 967.0
0.03577 967.0
0.03578 967.0
0.03579 967.1
0.03580 967.1
0.03581 967.1
0.03582 967.1
0.03583 967.2
0.03584 967.2
0.03585 967.2
0.03586 967.2
0.03587 967.3
0.03588 967.3
0.03589 967.3
0.03590 967.3
0.03591 967.4
0.03592 967.4
0.03593 967.4
0.03594 967.5
0.03595 967.5
0.03596 967.5
0.03597 967.5
0.03598 967.6
0.03599 967.6
0.03600 967.6
0.03601 967.6
0.03602 967.7
0.03603 967.7
0.03604 967.7
0.03605 967.7
0.03606 967.8
0.03607 967.8
0.03608 967.8
0.03609 967.8
0.03610 967.9
0.03611 967.9
0.03612 967.9
0.03613 967.9
0.03614 968.0
0.03615 968.0
0.03616 968.0
0.03617 968.0
0.03618 968.1
0.03619 968.1
0.03620 968.1
0.03621 968.1
0.03622 968.2
0.03623 968.2
0.03624 968.2
0.03625 968.2
0.03626 968.3
0.03627 968.3
0.03628 968.3
0.03629 968.3
0.03630 968.4
0.03631 968.4
0.03632 968.4
0.03633 968.4
0.03634 968.5
0.03635 968.5
0.03636 968.5
0.03637 968.5
0.03638 968.6
0.03639 968.6
0.03640 968.6
0.03641 968.6
0.03642 968.7
0.03643 968.7
0.03644 968.7
0.03645 968.7
0.03646 968.8
0.03647 968.8
0.03648 968.8
0.03649 968.8
0.03650 968.9
0.03651 968.9
0.03652 968.9
0.03653 968.9
0.03654 969.0
0.03655 969.0
0.03656 969.0
0.03657 969.0
0.03658 969.0
0.03659 969.1
0.03660 969.1
0.03661 969.1
0.03662 969.1
0.03663 969.2
0.03664 969.2
0.03665 969.2
0.03666 969.2
0.03667 969.3
0.03668 969.3
0.03669 969.3
0.03670 969.3
0.03671 969.3
0.03672 969.4
0.03673 969.4
0.03674 969.4
0.03675 969.4
0.03676 969.5
0.03677 969.5
0.03678 969.5
0.03679 969.5
0.03680 969.6
0.03681 969.6
0.03682 969.6
0.03683 969.6
0.03684 969.6
0.03685 969.7
0.03686 969.7
0.03687 969.7
0.03688 969.7
0.03689 969.8
0.03690 969.8
0.03691 969.8
0.03692 969.8
0.03693 969.8
0.03694 969.9
0.03695 969.9
0.03696 969.9
0.03697 969.9
0.03698 970.0
0.03699 970.0
0.03700 970.0
0.03701 970.0
0.03702 970.0
0.03703 970.1
0.03704 970.1
0.03705 970.1
0.03706 970.1
0.03707 970.1
0.03708 970.2
0.03709 970.2
0.03710 970.2
0.03711 970.2
0.03712 970.3
0.03713 970.3
0.03714 970.3
0.03715 970.3
0.03716 970.3
0.03717 970.4
0.03718 970.4
0.03719 970.4
0.03720 970.4
0.03721 970.4
0.03722 970.5
0.03723 970.5
0.03724 970.5
0.03725 970.5
0.03726 970.5
0.03727 970.6
0.03728 970.6
0.03729 970.6
0.03730 970.6
0.03731 970.7
0.03732 970.7
0.03733 970.7
0.03734 970.7
0.03735 970.7
0.03736 970.8
0.03737 970.8
0.03738 970.8
0.03739 970.8
0.03740 970.8
0.03741 970.9
0.03742 970.9
0.03743 970.9
0.03744 970.9
0.03745 970.9
0.03746 971.0
0.03747 971.0
0.03748 971.0
0.03749 971.0
0.03750 971.0
0.03751 971.1
0.03752 971.1
0.03753 971.1
0.03754 971.1
0.03755 971.1
0.03756 971.2
0.03757 971.2
0.03758 971.2
0.03759 971.2
0.03760 971.2
0.03761 971.2
0.03762 971.3
0.03763 971.3
0.03764 971.3
0.03765 971.3
0.03766 971.3
0.03767 971.4
0.03768 971.4
0.03769 971.4
0.03770 971.4
0.03771 971.4
0.03772 971.5
0.03773 971.5
0.03774 971.5
0.03775 971.5
0.03776 971.5
0.03777 971.6
0.03778 971.6
0.03779 971.6
0.03780 971.6
0.03781 971.6
0.03782 971.6
0.03783 971.7
0.03784 971.7
0.03785 971.7
0.03786 971.7
0.03787 971.7
0.03788 971.8
0.03789 971.8
0.03790 971.8
0.03791 971.8
0.03792 971.8
0.03793 971.8
0.03794 971.9
0.03795 971.9
0.03796 971.9
0.03797 971.9
0.03798 971.9
0.03799 972.0
0.03800 972.0
0.03801 972.0
0.03802 972.0
0.03803 972.0
0.03804 972.0
0.03805 972.1
0.03806 972.1
0.03807 972.1
0.03808 972.1
0.03809 972.1
0.03810 972.2
0.03811 972.2
0.03812 972.2
0.03813 972.2
0.03814 972.2
0.03815 972.2
0.03816 972.3
0.03817 972.3
0.03818 972.3
0.03819 972.3
0.03820 972.3
0.03821 972.3
0.03822 972.4
0.03823 972.4
0.03824 972.4
0.03825 972.4
0.03826 972.4
0.03827 972.5
0.03828 972.5
0.03829 972.5
0.03830 972.5
0.03831 972.5
0.03832 972.5
0.03833 972.6
0.03834 972.6
0.03835 972.6
0.03836 972.6
0.03837 972.6
0.03838 972.6
0.03839 972.7
0.03840 972.7
0.03841 972.7
0.03842 972.7
0.03843 972.7
0.03844 972.7
0.03845 972.8
0.03846 972.8
0.03847 972.8
0.03848 972.8
0.03849 972.8
0.03850 972.8
0.03851 972.9
0.03852 972.9
0.03853 972.9
0.03854 972.9
0.03855 972.9
0.03856 972.9
0.03857 972.9
0.03858 973.0
0.03859 973.0
0.03860 973.0
0.03861 973.0
0.03862 973.0
0.03863 973.0
0.03864 973.1
0.03865 973.1
0.03866 973.1
0.03867 973.1
0.03868 973.1
0.03869 973.1
0.03870 973.2
0.03871 973.2
0.03872 973.2
0.03873 973.2
0.03874 973.2
0.03875 973.2
0.03876 973.3
0.03877 973.3
0.03878 973.3
0.03879 973.3
0.03880 973.3
0.03881 973.3
0.03882 973.3
0.03883 973.4
0.03884 973.4
0.03885 973.4
0.03886 973.4
0.03887 973.4
0.03888 973.4
0.03889 973.5
0.03890 973.5
0.03891 973.5
0.03892 973.5
0.03893 973.5
0.03894 973.5
0.03895 973.5
0.03896 973.6
0.03897 973.6
0.03898 973.6
0.03899 973.6
0.03900 973.6
0.03901 973.6
0.03902 973.6
0.03903 973.7
0.03904 973.7
0.03905 973.7
0.03906 973.7
0.03907 973.7
0.03908 973.7
0.03909 973.7
0.03910 973.8
0.03911 973.8
0.03912 973.8
0.03913 973.8
0.03914 973.8
0.03915 973.8
0.03916 973.9
0.03917 973.9
0.03918 973.9
0.03919 973.9
0.03920 973.9
0.03921 973.9
0.03922 973.9
0.03923 974.0
0.03924 974.0
0.03925 974.0
0.03926 974.0
0.03927 974.0
0.03928 974.0
0.03929 974.0
0.03930 974.1
0.03931 974.1
0.03932 974.1
0.03933 974.1
0.03934 974.1
0.03935 974.1
0.03936 974.1
0.03937 974.1
0.03938 974.2
0.03939 974.2
0.03940 974.2
0.03941 974.2
0.03942 974.2
0.03943 974.2
0.03944 974.2
0.03945 974.3
0.03946 974.3
0.03947 974.3
0.03948 974.3
0.03949 974.3
0.03950 974.3
0.03951 974.3
0.03952 974.4
0.03953 974.4
0.03954 974.4
0.03955 974.4
0.03956 974.4
0.03957 974.4
0.03958 974.4
0.03959 974.4
0.03960 974.5
0.03961 974.5
0.03962 974.5
0.03963 974.5
0.03964 974.5
0.03965 974.5
0.03966 974.5
0.03967 974.6
0.03968 974.6
0.03969 974.6
0.03970 974.6
0.03971 974.6
0.03972 974.6
0.03973 974.6
0.03974 974.6
0.03975 974.7
0.03976 974.7
0.03977 974.7
0.03978 974.7
0.03979 974.7
0.03980 974.7
0.03981 974.7
0.03982 974.7
0.03983 974.8
0.03984 974.8
0.03985 974.8
0.03986 974.8
0.03987 974.8
0.03988 974.8
0.03989 974.8
0.03990 974.8
0.03991 974.9
0.03992 974.9
0.03993 974.9
0.03994 974.9
0.03995 974.9
0.03996 974.9
0.03997 974.9
0.03998 974.9
0.03999 975.0
0.04000 982.4
0.04001 982.4
0.04002 982.4
0.04003 982.4
0.04004 982.4
0.04005 982.4
0.04006 982.4
0.04007 982.4
0.04008 982.4
0.04009 982.4
0.04010 982.4
0.04011 982.4
0.04012 982.4
0.04013 982.4
0.04014 982.4
0.04015 982.4
0.04016 982.4
0.04017 982.4
0.04018 982.4
0.04019 982.4
0.04020 982.4
0.04021 982.4
0.04022 982.4
0.04023 982.4
0.04024 982.4
0.04025 982.4
0.04026 982.4
0.04027 982.4
0.04028 982.4
0.04029 982.4
0.04030 982.4
0.04031 982.4
0.04032 982.4
0.04033 982.4
0.04034 982.4
0.04035 982.4
0.04036 982.4
0.04037 982.4
0.04038 982.4
0.04039 982.4
0.04040 982.4
0.04041 982.4
0.04042 982.4
0.04043 982.4
0.04044 982.4
0.04045 982.4
0.04046 982.4
0.04047 982.4
0.04048 982.4
0.04049 982.4
0.04050 982.4
0.04051 982.4
0.04052 982.4
0.04053 982.4
0.04054 982.4
0.04055 982.4
0.04056 982.4
0.04057 982.4
0.04058 982.4
0.04059 982.4
0.04060 982.4
0.04061 982.4
0.04062 982.4
0.04063 982.4
0.04064 982.4
0.04065 982.4
0.04066 982.4
0.04067 982.4
0.04068 982.4
0.04069 982.4
0.04070 982.4
0.04071 982.4
0.04072 982.4
0.04073 982.4
0.04074 982.4
0.04075 982.4
0.04076 982.4
0.04077 982.4
0.04078 982.4
0.04079 982.4
0.04080 982.4
0.04081 982.4
0.04082 982.4
0.04083 982.4
0.04084 982.4
0.04085 982.4
0.04086 982.4
0.04087 982.4
0.04088 982.4
0.04089 982.4
0.04090 982.4
0.04091 982.4
0.04092 982.4
0.04093 982.4
0.04094 982.4
0.04095 982.4
0.04096 982.4
0.04097 982.4
0.04098 982.4
0.04099 982.4
0.04100 982.4
0.04101 982.4
0.04102 982.4
0.04103 982.4
0.04104 982.4
0.04105 982.4
0.04106 982.4
0.04107 982.4
0.04108 982.4
0.04109 982.4
0.04110 982.4
0.04111 982.4
0.04112 982.4
0.04113 982.4
0.04114 982.4
0.04115 982.4
0.04116 982.4
0.04117 982.4
0.04118 982.4
0.04119 982.4
0.04120 982.4
0.04121 982.4
0.04122 982.4
0.04123 982.4
0.04124 982.4
0.04125 982.4
0.04126 982.4
0.04127 982.4
0.04128 982.4
0.04129 982.4
0.04130 982.4
0.04131 982.4
0.04132 982.4
0.04133 982.4
0.04134 982.4
0.04135 982.4
0.04136 982.4
0.04137 982.4
0.04138 982.4
0.04139 982.4
0.04140 982.4
0.04141 982.4
0.04142 982.4
0.04143 982.4
0.04144 982.4
0.04145 982.4
0.04146 982.4
0.04147 982.4
0.04148 982.4
0.04149 982.4
0.04150 982.4
0.04151 982.4
0.04152 982.4
0.04153 982.4
0.04154 982.4
0.04155 982.4
0.04156 982.4
0.04157 982.4
0.04158 982.4
0.04159 982.4
0.04160 982.4
0.04161 982.4
0.04162 982.4
0.04163 982.4
0.04164 982.4
0.04165 982.4
0.04166 982.4
0.04167 982.4
0.04168 982.4
0.04169 982.4
0.04170 982.4
0.04171 982.4
0.04172 982.4
0.04173 982.4
0.04174 982.4
0.04175 982.4
0.04176 982.4
0.04177 982.4
0.04178 982.4
0.04179 982.4
0.04180 982.4
0.04181 982.4
0.04182 982.4
0.04183 982.4
0.04184 982.4
0.04185 982.4
0.04186 982.4
0.04187 982.4
0.04188 982.4
0.04189 982.4
0.04190 982.4
0.04191 982.4
0.04192 982.4
0.04193 982.4
0.04194 982.4
0.04195 982.4
0.04196 982.4
0.04197 982.4
0.04198 982.4
0.04199 982.4
0.04200 982.4
0.04201 982.4
0.04202 982.4
0.04203 982.4
0.04204 982.4
0.04205 982.4
0.04206 982.4
0.04207 982.4
0.04208 982.4
0.04209 982.4
0.04210 982.4
0.04211 982.4
0.04212 982.4
0.04213 982.4
0.04214 982.4
0.04215 982.4
0.04216 982.4
0.04217 982.4
0.04218 982.4
0.04219 982.4
0.04220 982.4
0.04221 982.4
0.04222 982.4
0.04223 982.4
0.04224 982.4
0.04225 982.4
0.04226 982.4
0.04227 982.4
0.04228 982.4
0.04229 982.4
0.04230 982.4
0.04231 982.4
0.04232 982.4
0.04233 982.4
0.04234 982.4
0.04235 982.4
0.04236 982.4
0.04237 982.4
0.04238 982.4
0.04239 982.4
0.04240 982.4
0.04241 982.4
0.04242 982.4
0.04243 982.4
0.04244 982.4
0.04245 982.4
0.04246 982.4
0.04247 982.4
0.04248 982.4
0.04249 982.4
0.04250 982.4
0.04251 982.4
0.04252 982.4
0.04253 982.4
0.04254 982.4
0.04255 982.4
0.04256 982.4
0.04257 982.4
0.04258 982.4
0.04259 982.4
0.04260 982.4
0.04261 982.4
0.04262 982.4
0.04263 982.4
0.04264 982.4
0.04265 982.4
0.04266 982.4
0.04267 982.4
0.04268 982.4
0.04269 982.4
0.04270 982.4
0.04271 982.4
0.04272 982.4
0.04273 982.4
0.04274 982.4
0.04275 982.4
0.04276 982.4
0.04277 982.4
0.04278 982.4
0.04279 982.4
0.04280 982.4
0.04281 982.4
0.04282 982.4
0.04283 982.4
0.04284 982.4
0.04285 982.4
0.04286 982.4
0.04287 982.4
0.04288 982.4
0.04289 982.4
0.04290 982.4
0.04291 982.4
0.04292 982.4
0.04293 982.4
0.04294 982.4
0.04295 982.4
0.04296 982.4
0.04297 982.4
0.04298 982.4
0.04299 982.4
0.04300 982.4
0.04301 982.4
0.04302 982.4
0.04303 982.4
0.04304 982.4
0.04305 982.4
0.04306 982.4
0.04307 982.4
0.04308 982.4
0.04309 982.4
0.04310 982.4
0.04311 982.4
0.04312 982.4
0.04313 982.4
0.04314 982.4
0.04315 982.4
0.04316 982.4
0.04317 982.4
0.04318 982.4
0.04319 982.4
0.04320 982.4
0.04321 982.4
0.04322 982.4
0.04323 982.4
0.04324 982.4
0.04325 982.4
0.04326 982.4
0.04327 982.4
0.04328 982.4
0.04329 982.4
0.04330 982.4
0.04331 982.4
0.04332 982.4
0.04333 982.4
0.04334 982.4
0.04335 982.4
0.04336 982.4
0.04337 982.4
0.04338 982.4
0.04339 982.4
0.04340 982.4
0.04341 982.4
0.04342 982.4
0.04343 982.4
0.04344 982.4
0.04345 982.4
0.04346 982.4
0.04347 982.4
0.04348 982.4
0.04349 982.4
0.04350 982.4
0.04351 982.4
0.04352 982.4
0.04353 982.4
0.04354 982.4
0.04355 982.4
0.04356 982.4
0.04357 982.4
0.04358 982.4
0.04359 982.4
0.04360 982.4
0.04361 982.4
0.04362 982.4
0.04363 982.4
0.04364 982.4
0.04365 982.4
0.04366 982.4
0.04367 982.4
0.04368 982.4
0.04369 982.4
0.04370 982.4
0.04371 982.4
0.04372 982.4
0.04373 982.4
0.04374 982.4
0.04375 982.4
0.04376 982.4
0.04377 982.4
0.04378 982.4
0.04379 982.4
0.04380 982.4
0.04381 982.4
0.04382 982.4
0.04383 982.4
0.04384 982.4
0.04385 982.4
0.04386 982.4
0.04387 982.4
0.04388 982.4
0.04389 982.4
0.04390 982.4
0.04391 982.4
0.04392 982.4
0.04393 982.4
0.04394 982.4
0.04395 982.4
0.04396 982.4
0.04397 982.4
0.04398 982.4
0.04399 982.4
0.04400 982.4
0.04401 982.4
0.04402 982.4
0.04403 982.4
0.04404 982.4
0.04405 982.4
0.04406 982.4
0.04407 982.4
0.04408 982.4
0.04409 982.4
0.04410 982.4
0.04411 982.4
0.04412 982.4
0.04413 982.4
0.04414 982.4
0.04415 982.4
0.04416 982.4
0.04417 982.4
0.04418 982.4
0.04419 982.4
0.04420 982.4
0.04421 982.4
0.04422 982.4
0.04423 982.4
0.04424 982.4
0.04425 982.4
0.04426 982.4
0.04427 982.4
0.04428 982.4
0.04429 982.4
0.04430 982.4
0.04431 982.4
0.04432 982.4
0.04433 982.4
0.04434 982.4
0.04435 982.4
0.04436 982.4
0.04437 982.4
0.04438 982.4
0.04439 982.4
0.04440 982.4
0.04441 982.4
0.04442 982.4
0.04443 982.4
0.04444 982.4
0.04445 982.4
0.04446 982.4
0.04447 982.4
0.04448 982.4
0.04449 982.4
0.04450 982.4
0.04451 982.4
0.04452 982.4
0.04453 982.4
0.04454 982.4
0.04455 982.4
0.04456 982.4
0.04457 982.4
0.04458 982.4
0.04459 982.4
0.04460 982.4
0.04461 982.4
0.04462 982.4
0.04463 982.4
0.04464 982.4
0.04465 982.4
0.04466 982.4
0.04467 982.4
0.04468 982.4
0.04469 982.4
0.04470 982.4
0.04471 982.4
0.04472 982.4
0.04473 982.4
0.04474 982.4
0.04475 982.4
0.04476 982.4
0.04477 982.4
0.04478 982.4
0.04479 982.4
0.04480 982.4
0.04481 982.4
0.04482 982.4
0.04483 982.4
0.04484 982.4
0.04485 982.4
0.04486 982.4
0.04487 982.4
0.04488 982.4
0.04489 982.4
0.04490 982.4
0.04491 982.4
0.04492 982.4
0.04493 982.4
0.04494 982.4
0.04495 982.4
0.04496 982.4
0.04497 982.4
0.04498 982.4
0.04499 982.4
0.04500 982.4
0.04501 982.4
0.04502 982.4
0.04503 982.4
0.04504 982.4
0.04505 982.4
0.04506 982.4
0.04507 982.4
0.04508 982.4
0.04509 982.4
0.04510 982.4
0.04511 982.4
0.04512 982.4
0.04513 982.4
0.04514 982.4
0.04515 982.4
0.04516 982.4
0.04517 982.4
0.04518 982.4
0.04519 982.4
0.04520 982.4
0.04521 982.4
0.04522 982.4
0.04523 982.4
0.04524 982.4
0.04525 982.4
0.04526 982.4
0.04527 982.4
0.04528 982.4
0.04529 982.4
0.04530 982.4
0.04531 982.4
0.04532 982.4
0.04533 982.4
0.04534 982.4
0.04535 982.4
0.04536 982.4
0.04537 982.4
0.04538 982.4
0.04539 982.4
0.04540 982.4
0.04541 982.4
0.04542 982.4
0.04543 982.4
0.04544 982.4
0.04545 982.4
0.04546 982.4
0.04547 982.4
0.04548 982.4
0.04549 982.4
0.04550 982.4
0.04551 982.4
0.04552 982.4
0.04553 982.4
0.04554 982.4
0.04555 982.4
0.04556 982.4
0.04557 982.4
0.04558 982.4
0.04559 982.4
0.04560 982.4
0.04561 982.4
0.04562 982.4
0.04563 982.4
0.04564 982.4
0.04565 982.4
0.04566 982.4
0.04567 982.4
0.04568 982.4
0.04569 982.4
0.04570 982.4
0.04571 982.4
0.04572 982.4
0.04573 982.4
0.04574 982.4
0.04575 982.4
0.04576 982.4
0.04577 982.4
0.04578 982.4
0.04579 982.4
0.04580 982.4
0.04581 982.4
0.04582 982.4
0.04583 982.4
0.04584 982.4
0.04585 982.4
0.04586 982.4
0.04587 982.4
0.04588 982.4
0.04589 982.4
0.04590 982.4
0.04591 982.4
0.04592 982.4
0.04593 982.4
0.04594 982.4
0.04595 982.4
0.04596 982.4
0.04597 982.4
0.04598 982.4
0.04599 982.4
0.04600 982.4
0.04601 982.4
0.04602 982.4
0.04603 982.4
0.04604 982.4
0.04605 982.4
0.04606 982.4
0.04607 982.4
0.04608 982.4
0.04609 982.4
0.04610 982.4
0.04611 982.4
0.04612 982.4
0.04613 982.4
0.04614 982.4
0.04615 982.4
0.04616 982.4
0.04617 982.4
0.04618 982.4
0.04619 982.4
0.04620 982.4
0.04621 982.4
0.04622 982.4
0.04623 982.4
0.04624 982.4
0.04625 982.4
0.04626 982.4
0.04627 982.4
0.04628 982.4
0.04629 982.4
0.04630 982.4
0.04631 982.4
0.04632 982.4
0.04633 982.4
0.04634 982.4
0.04635 982.4
0.04636 982.4
0.04637 982.4
0.04638 982.4
0.04639 982.4
0.04640 982.4
0.04641 982.4
0.04642 982.4
0.04643 982.4
0.04644 982.4
0.04645 982.4
0.04646 982.4
0.04647 982.4
0.04648 982.4
0.04649 982.4
0.04650 982.4
0.04651 982.4
0.04652 982.4
0.04653 982.4
0.04654 982.4
0.04655 982.4
0.04656 982.4
0.04657 982.4
0.04658 982.4
0.04659 982.4
0.04660 982.4
0.04661 982.4
0.04662 982.4
0.04663 982.4
0.04664 982.4
0.04665 982.4
0.04666 982.4
0.04667 982.4
0.04668 982.4
0.04669 982.4
0.04670 982.4
0.04671 982.4
0.04672 982.4
0.04673 982.4
0.04674 982.4
0.04675 982.4
0.04676 982.4
0.04677 982.4
0.04678 982.4
0.04679 982.4
0.04680 982.4
0.04681 982.4
0.04682 982.4
0.04683 982.4
0.04684 982.4
0.04685 982.4
0.04686 982.4
0.04687 982.4
0.04688 982.4
0.04689 982.4
0.04690 982.4
0.04691 982.4
0.04692 982.4
0.04693 982.4
0.04694 982.4
0.04695 982.4
0.04696 982.4
0.04697 982.4
0.04698 982.4
0.04699 982.4
0.04700 982.4
0.04701 982.4
0.04702 982.4
0.04703 982.4
0.04704 982.4
0.04705 982.4
0.04706 982.4
0.04707 982.4
0.04708 982.4
0.04709 982.4
0.04710 982.4
0.04711 982.4
0.04712 982.4
0.04713 982.4
0.04714 982.4
0.04715 982.4
0.04716 982.4
0.04717 982.4
0.04718 982.4
0.04719 982.4
0.04720 982.4
0.04721 982.4
0.04722 982.4
0.04723 982.4
0.04724 982.4
0.04725 982.4
0.04726 982.4
0.04727 982.4
0.04728 982.4
0.04729 982.4
0.04730 982.4
0.04731 982.4
0.04732 982.4
0.04733 982.4
0.04734 982.4
0.04735 982.4
0.04736 982.4
0.04737 982.4
0.04738 982.4
0.04739 982.4
0.04740 982.4
0.04741 982.4
0.04742 982.4
0.04743 982.4
0.04744 982.4
0.04745 982.4
0.04746 982.4
0.04747 982.4
0.04748 982.4
0.04749 982.4
0.04750 982.4
0.04751 982.4
0.04752 982.4
0.04753 982.4
0.04754 982.4
0.04755 982.4
0.04756 982.4
0.04757 982.4
0.04758 982.4
0.04759 982.4
0.04760 982.4
0.04761 982.4
0.04762 982.4
0.04763 982.4
0.04764 982.4
0.04765 982.4
0.04766 982.4
0.04767 982.4
0.04768 982.4
0.04769 982.4
0.04770 982.4
0.04771 982.4
0.04772 982.4
0.04773 982.4
0.04774 982.4
0.04775 982.4
0.04776 982.4
0.04777 982.4
0.04778 982.4
0.04779 982.4
0.04780 982.4
0.04781 982.4
0.04782 982.4
0.04783 982.4
0.04784 982.4
0.04785 982.4
0.04786 982.4
0.04787 982.4
0.04788 982.4
0.04789 982.4
0.04790 982.4
0.04791 982.4
0.04792 982.4
0.04793 982.4
0.04794 982.4
0.04795 982.4
0.04796 982.4
0.04797 982.4
0.04798 982.4
0.04799 982.4
0.04800 982.4
0.04801 982.4
0.04802 982.4
0.04803 982.4
0.04804 982.4
0.04805 982.4
0.04806 982.4
0.04807 982.4
0.04808 982.4
0.04809 982.4
0.04810 982.4
0.04811 982.4
0.04812 982.4
0.04813 982.4
0.04814 982.4
0.04815 982.4
0.04816 982.4
0.04817 982.4
0.04818 982.4
0.04819 982.4
0.04820 982.4
0.04821 982.4
0.04822 982.4
0.04823 982.4
0.04824 982.4
0.04825 982.4
0.04826 982.4
0.04827 982.4
0.04828 982.4
0.04829 982.4
0.04830 982.4
0.04831 982.4
0.04832 982.4
0.04833 982.4
0.04834 982.4
0.04835 982.4
0.04836 982.4
0.04837 982.4
0.04838 982.4
0.04839 982.4
0.04840 982.4
0.04841 982.4
0.04842 982.4
0.04843 982.4
0.04844 982.4
0.04845 982.4
0.04846 982.4
0.04847 982.4
0.04848 982.4
0.04849 982.4
0.04850 982.4
0.04851 982.4
0.04852 982.4
0.04853 982.4
0.04854 982.4
0.04855 982.4
0.04856 982.4
0.04857 982.4
0.04858 982.4
0.04859 982.4
0.04860 982.4
0.04861 982.4
0.04862 982.4
0.04863 982.4
0.04864 982.4
0.04865 982.4
0.04866 982.4
0.04867 982.4
0.04868 982.4
0.04869 982.4
0.04870 982.4
0.04871 982.4
0.04872 982.4
0.04873 982.4
0.04874 982.4
0.04875 982.4
0.04876 982.4
0.04877 982.4
0.04878 982.4
0.04879 982.4
0.04880 982.4
0.04881 982.4
0.04882 982.4
0.04883 982.4
0.04884 982.4
0.04885 982.4
0.04886 982.4
0.04887 982.4
0.04888 982.4
0.04889 982.4
0.04890 982.4
0.04891 982.4
0.04892 982.4
0.04893 982.4
0.04894 982.4
0.04895 982.4
0.04896 982.4
0.04897 982.4
0.04898 982.4
0.04899 982.4
0.04900 982.4
0.04901 982.4
0.04902 982.4
0.04903 982.4
0.04904 982.4
0.04905 982.4
0.04906 982.4
0.04907 982.4
0.04908 982.4
0.04909 982.4
0.04910 982.4
0.04911 982.4
0.04912 982.4
0.04913 982.4
0.04914 982.4
0.04915 982.4
0.04916 982.4
0.04917 982.4
0.04918 982.4
0.04919 982.4
0.04920 982.4
0.04921 982.4
0.04922 982.4
0.04923 982.4
0.04924 982.4
0.04925 982.4
0.04926 982.4
0.04927 982.4
0.04928 982.4
0.04929 982.4
0.04930 982.4
0.04931 982.4
0.04932 982.4
0.04933 982.4
0.04934 982.4
0.04935 982.4
0.04936 982.4
0.04937 982.4
0.04938 982.4
0.04939 982.4
0.04940 982.4
0.04941 982.4
0.04942 982.4
0.04943 982.4
0.04944 982.4
0.04945 982.4
0.04946 982.4
0.04947 982.4
0.04948 982.4
0.04949 982.4
0.04950 982.4
0.04951 982.4
0.04952 982.4
0.04953 982.4
0.04954 982.4
0.04955 982.4
0.04956 982.4
0.04957 982.4
0.04958 982.4
0.04959 982.4
0.04960 982.4
0.04961 982.4
0.04962 982.4
0.04963 982.4
0.04964 982.4
0.04965 982.4
0.04966 982.4
0.04967 982.4
0.04968 982.4
0.04969 982.4
0.04970 982.4
0.04971 982.4
0.04972 982.4
0.04973 982.4
0.04974 982.4
0.04975 982.4
0.04976 982.4
0.04977 982.4
0.04978 982.4
0.04979 982.4
0.04980 982.4
0.04981 982.4
0.04982 982.4
0.04983 982.4
0.04984 982.4
0.04985 982.4
0.04986 982.4
0.04987 982.4
0.04988 982.4
0.04989 982.4
0.04990 982.4
0.04991 982.4
0.04992 982.4
0.04993 982.4
0.04994 982.4
0.04995 982.4
0.04996 982.4
0.04997 982.4
0.04998 982.4
0.04999 982.4
0.05000 982.4
