10 120 11 15
10 140 31 5
10 140 33 5
10 160 7 45
10 160 7 50
10 160 7 55
10 160 9 45
10 160 9 50
10 180 11 45
10 180 11 50
10 180 31 10
10 180 33 10
10 180 7 60
10 180 9 45
10 180 9 55
10 180 9 60
10 200 11 45
10 200 11 50
10 200 11 55
10 200 11 60
10 200 31 10
10 200 33 10
10 200 35 10
10 200 9 55
10 220 11 50
10 220 11 55
10 220 11 60
10 220 13 45
10 220 13 50
10 220 31 10
10 220 31 15
10 220 33 10
10 220 33 15
10 220 35 10
11 120 13 5
11 160 31 5
11 160 33 5
11 160 35 5
11 160 7 45
11 180 21 15
11 180 33 5
11 180 35 5
11 180 7 50
11 180 7 55
11 180 7 60
11 180 9 45
11 180 9 50
11 200 7 50
11 200 7 55
11 200 7 60
11 200 9 50
11 200 9 55
11 200 9 60
11 220 11 45
11 220 31 10
11 220 33 10
11 220 9 50
11 220 9 55
12 180 31 5
12 180 33 5
12 180 7 45
12 200 11 25
12 200 31 5
12 200 33 5
12 200 35 5
12 200 7 50
12 200 7 55
12 200 7 60
12 200 9 45
12 200 9 50
12 220 7 45
12 220 7 50
12 220 7 55
12 220 7 60
12 220 9 45
12 220 9 50
12 220 9 55
12 220 9 60
13 200 31 5
13 200 7 45
13 220 31 5
13 220 33 5
13 220 35 5
13 220 7 45
13 220 7 50
13 220 7 55
13 220 7 60
13 220 9 45
13 220 9 50
14 180 9 25
14 220 33 5
14 220 7 45
15 120 7 5
15 140 11 5
15 160 11 10
15 160 13 5
15 160 15 5
15 160 7 15
15 160 9 10
15 180 11 10
15 180 11 15
15 180 17 5
15 180 19 5
15 180 7 15
15 180 7 20
15 180 9 15
15 200 11 15
15 200 13 10
15 200 17 5
15 200 19 5
15 200 21 5
15 200 7 20
15 200 7 25
15 200 9 20
15 220 11 15
15 220 13 10
15 220 15 10
15 220 19 5
15 220 23 5
15 220 25 5
15 220 7 25
15 220 7 30
15 220 9 20
15 220 9 25
15 220 9 30
1 60 33 55
1 60 33 60
2 60 11 45
2 60 11 50
2 60 13 45
2 60 13 50
2 60 31 15
2 60 33 15
2 60 33 20
2 60 35 15
2 60 7 60
2 60 9 55
2 60 9 60
2 80 33 50
2 80 33 55
2 80 35 50
2 80 35 55
2 80 35 60
3 100 23 60
3 100 25 60
3 100 29 45
3 100 29 50
3 100 29 55
3 100 29 60
3 100 31 50
3 100 31 55
3 100 31 60
3 100 33 50
3 100 33 55
3 100 33 60
3 100 35 45
3 100 35 50
3 100 35 55
3 120 35 55
3 60 31 5
3 60 33 5
3 80 19 55
3 80 19 60
3 80 21 45
3 80 21 50
3 80 21 55
3 80 23 45
3 80 23 50
3 80 23 55
3 80 25 45
3 80 25 50
3 80 25 55
3 80 27 45
3 80 31 30
3 80 31 35
3 80 31 40
3 80 33 30
3 80 33 35
3 80 35 25
3 80 35 30
3 80 35 35
4 100 15 60
4 100 17 55
4 100 17 60
4 100 19 50
4 100 19 55
4 100 19 60
4 100 21 45
4 100 21 50
4 100 21 55
4 100 21 60
4 100 23 45
4 100 31 25
4 100 31 30
4 100 31 35
4 100 33 25
4 100 33 30
4 100 33 35
4 100 35 25
4 100 35 30
4 120 23 55
4 120 23 60
4 120 25 45
4 120 25 50
4 120 25 55
4 120 25 60
4 120 27 45
4 120 27 50
4 120 27 55
4 120 27 60
4 120 29 45
4 120 29 50
4 120 29 55
4 120 31 40
4 120 31 45
4 120 31 50
4 120 33 35
4 120 33 40
4 120 33 45
4 120 33 50
4 120 35 35
4 120 35 40
4 120 35 45
4 140 29 55
4 140 29 60
4 140 31 60
4 140 33 45
4 140 33 55
4 140 33 60
4 140 35 45
4 140 35 50
4 140 35 55
4 140 35 60
4 160 33 55
4 160 33 60
4 160 35 55
4 160 35 60
4 200 35 60
4 80 11 45
4 80 11 50
4 80 11 55
4 80 11 60
4 80 13 45
4 80 13 50
4 80 13 55
4 80 15 45
4 80 31 15
4 80 31 20
4 80 33 15
4 80 33 20
4 80 35 15
4 80 9 60
5 100 11 50
5 100 11 55
5 100 11 60
5 100 13 45
5 100 13 50
5 100 15 45
5 100 31 15
5 100 31 20
5 100 33 15
5 100 35 15
5 100 9 55
5 120 13 55
5 120 13 60
5 120 15 50
5 120 15 55
5 120 15 60
5 120 17 50
5 120 17 55
5 120 17 60
5 120 19 45
5 120 19 50
5 120 19 55
5 120 21 45
5 120 23 45
5 120 23 50
5 120 31 25
5 120 31 30
5 120 33 25
5 120 33 30
5 120 35 20
5 120 35 25
5 140 19 55
5 140 19 60
5 140 21 50
5 140 21 55
5 140 21 60
5 140 23 50
5 140 23 55
5 140 23 60
5 140 25 45
5 140 25 50
5 140 27 45
5 140 27 50
5 140 29 45
5 140 31 35
5 140 31 40
5 140 33 35
5 140 35 30
5 140 35 35
5 160 25 50
5 160 25 55
5 160 25 60
5 160 27 50
5 160 27 55
5 160 27 60
5 160 29 45
5 160 29 50
5 160 29 55
5 160 29 60
5 160 31 45
5 160 31 50
5 160 33 40
5 160 33 45
5 160 33 50
5 160 33 55
5 160 33 60
5 160 35 35
5 160 35 40
5 160 35 45
5 160 35 50
5 180 27 50
5 180 27 60
5 180 29 55
5 180 29 60
5 180 31 55
5 180 31 60
5 180 33 50
5 180 33 55
5 180 33 60
5 180 35 40
5 180 35 45
5 180 35 50
5 180 35 55
5 180 35 60
5 200 29 55
5 200 29 60
5 200 31 55
5 200 31 60
5 200 33 45
5 200 33 55
5 200 33 60
5 200 35 55
5 200 35 60
5 220 29 60
5 220 31 60
5 220 33 45
5 220 33 55
5 220 33 60
5 220 35 50
5 220 35 55
5 220 35 60
5 80 31 10
5 80 35 5
6 100 31 10
6 100 33 10
6 100 7 45
6 100 7 50
6 100 7 55
6 100 9 45
6 120 11 45
6 120 11 50
6 120 11 55
6 120 11 60
6 120 13 45
6 120 13 50
6 120 13 55
6 120 15 45
6 120 15 50
6 120 31 15
6 120 31 20
6 120 33 15
6 120 35 15
6 140 13 55
6 140 13 60
6 140 15 50
6 140 15 55
6 140 15 60
6 140 17 45
6 140 17 50
6 140 19 45
6 140 21 45
6 140 23 45
6 140 31 25
6 140 33 20
6 140 33 25
6 140 35 20
6 140 35 25
6 160 17 55
6 160 17 60
6 160 19 50
6 160 19 55
6 160 19 60
6 160 21 45
6 160 21 50
6 160 21 55
6 160 21 60
6 160 23 45
6 160 23 50
6 160 23 55
6 160 25 45
6 160 27 45
6 160 31 25
6 160 31 30
6 160 31 35
6 160 33 30
6 160 33 35
6 160 35 25
6 160 35 30
6 180 19 60
6 180 21 50
6 180 21 55
6 180 21 60
6 180 23 50
6 180 23 55
6 180 23 60
6 180 25 45
6 180 25 50
6 180 25 55
6 180 25 60
6 180 27 45
6 180 27 50
6 180 29 45
6 180 29 50
6 180 31 35
6 180 31 40
6 180 31 45
6 180 33 30
6 180 33 35
6 180 33 40
6 180 33 45
6 180 35 30
6 180 35 35
6 180 35 40
6 200 19 60
6 200 21 60
6 200 23 55
6 200 23 60
6 200 25 50
6 200 25 55
6 200 25 60
6 200 27 45
6 200 27 50
6 200 27 55
6 200 27 60
6 200 29 45
6 200 29 50
6 200 29 55
6 200 31 40
6 200 31 45
6 200 31 50
6 200 31 55
6 200 33 35
6 200 33 40
6 200 33 45
6 200 35 35
6 200 35 40
6 200 35 50
6 220 23 60
6 220 25 55
6 220 25 60
6 220 27 50
6 220 27 55
6 220 27 60
6 220 29 45
6 220 29 50
6 220 29 55
6 220 29 60
6 220 31 45
6 220 31 50
6 220 33 40
6 220 33 45
6 220 33 50
6 220 35 35
6 220 35 40
6 220 35 45
6 220 35 50
6 80 31 5
7 100 31 5
7 100 33 5
7 120 31 10
7 120 33 10
7 120 35 10
7 120 7 55
7 120 7 60
7 120 9 45
7 120 9 50
7 120 9 55
7 120 9 60
7 140 11 50
7 140 11 55
7 140 11 60
7 140 13 45
7 140 13 50
7 140 15 45
7 140 31 15
7 140 33 15
7 140 35 15
7 140 9 60
7 160 13 55
7 160 13 60
7 160 15 45
7 160 15 50
7 160 15 55
7 160 15 60
7 160 17 45
7 160 19 45
7 160 23 35
7 160 31 20
7 160 31 25
7 160 33 20
7 160 33 25
7 160 35 15
7 160 35 20
7 180 15 60
7 180 17 50
7 180 17 55
7 180 17 60
7 180 19 45
7 180 19 50
7 180 21 45
7 180 21 50
7 180 21 55
7 180 23 45
7 180 31 25
7 180 31 30
7 180 33 25
7 180 35 20
7 180 35 25
7 200 15 60
7 200 17 60
7 200 19 50
7 200 19 55
7 200 19 60
7 200 21 45
7 200 21 50
7 200 21 55
7 200 23 45
7 200 23 50
7 200 25 45
7 200 27 30
7 200 27 45
7 200 31 25
7 200 31 30
7 200 31 35
7 200 33 25
7 200 33 30
7 200 35 30
7 220 17 60
7 220 19 50
7 220 19 55
7 220 19 60
7 220 21 50
7 220 21 55
7 220 21 60
7 220 23 50
7 220 23 55
7 220 25 45
7 220 25 50
7 220 27 45
7 220 27 50
7 220 31 30
7 220 31 35
7 220 33 30
7 220 33 35
7 220 33 40
7 220 35 25
7 220 35 30
7 220 35 35
8 120 35 5
8 120 7 45
8 120 7 50
8 140 11 45
8 140 31 10
8 140 33 10
8 140 35 10
8 140 7 50
8 140 7 60
8 140 9 45
8 140 9 50
8 140 9 55
8 140 9 60
8 160 11 45
8 160 11 50
8 160 11 55
8 160 11 60
8 160 13 45
8 160 13 50
8 160 31 15
8 160 33 15
8 160 35 10
8 160 35 15
8 160 9 60
8 180 11 60
8 180 13 45
8 180 13 55
8 180 13 60
8 180 15 45
8 180 15 50
8 180 15 55
8 180 31 15
8 180 31 20
8 180 33 15
8 180 33 20
8 180 35 15
8 200 13 55
8 200 13 60
8 200 15 50
8 200 15 55
8 200 15 60
8 200 17 45
8 200 17 50
8 200 19 45
8 200 19 50
8 200 31 20
8 200 31 25
8 200 33 20
8 200 35 20
8 220 15 55
8 220 15 60
8 220 17 45
8 220 17 50
8 220 17 55
8 220 19 45
8 220 19 50
8 220 21 45
8 220 23 45
8 220 31 20
8 220 31 25
8 220 33 20
8 220 33 25
8 220 35 20
8 220 35 25
9 120 31 5
9 140 35 5
9 140 7 45
9 140 7 50
9 160 11 45
9 160 11 50
9 160 31 10
9 160 33 10
9 160 7 60
9 160 9 55
9 160 9 60
9 180 11 50
9 180 11 55
9 180 11 60
9 180 13 45
9 180 31 15
9 180 33 10
9 180 35 10
9 180 9 60
9 200 11 55
9 200 11 60
9 200 13 45
9 200 13 50
9 200 13 55
9 200 13 60
9 200 15 45
9 200 15 50
9 200 21 35
9 200 31 15
9 200 31 20
9 200 33 15
9 200 35 15
9 220 13 50
9 220 13 55
9 220 13 60
9 220 15 45
9 220 15 50
9 220 17 45
9 220 31 15
9 220 31 20
9 220 33 15
9 220 33 20
9 220 35 15
