0.00000 -80.79
0.00001 -80.79
0.00002 -80.79
0.00003 -80.79
0.00004 -80.79
0.00005 -80.79
0.00006 -80.79
0.00007 -80.79
0.00008 -80.79
0.00009 -80.79
0.00010 -80.79
0.00011 -80.79
0.00012 -80.79
0.00013 -80.79
0.00014 -80.79
0.00015 -80.79
0.00016 -80.79
0.00017 -80.79
0.00018 -80.79
0.00019 -80.79
0.00020 -80.79
0.00021 -80.79
0.00022 -80.79
0.00023 -80.79
0.00024 -80.79
0.00025 -80.79
0.00026 -80.79
0.00027 -80.79
0.00028 -80.79
0.00029 -80.79
0.00030 -80.79
0.00031 -80.79
0.00032 -80.79
0.00033 -80.79
0.00034 -80.79
0.00035 -80.79
0.00036 -80.79
0.00037 -80.79
0.00038 -80.79
0.00039 -80.79
0.00040 -80.79
0.00041 -80.79
0.00042 -80.79
0.00043 -80.79
0.00044 -80.79
0.00045 -80.79
0.00046 -80.79
0.00047 -80.79
0.00048 -80.79
0.00049 -80.79
0.00050 -80.79
0.00051 -80.79
0.00052 -80.79
0.00053 -80.79
0.00054 -80.79
0.00055 -80.79
0.00056 -80.79
0.00057 -80.79
0.00058 -80.79
0.00059 -80.79
0.00060 -80.79
0.00061 -80.79
0.00062 -80.79
0.00063 -80.79
0.00064 -80.79
0.00065 -80.79
0.00066 -80.79
0.00067 -80.79
0.00068 -80.79
0.00069 -80.79
0.00070 -80.79
0.00071 -80.79
0.00072 -80.79
0.00073 -80.79
0.00074 -80.79
0.00075 -80.79
0.00076 -80.79
0.00077 -80.79
0.00078 -80.79
0.00079 -80.79
0.00080 -80.79
0.00081 -80.79
0.00082 -80.79
0.00083 -80.79
0.00084 -80.79
0.00085 -80.79
0.00086 -80.79
0.00087 -80.79
0.00088 -80.79
0.00089 -80.79
0.00090 -80.79
0.00091 -80.79
0.00092 -80.79
0.00093 -80.79
0.00094 -80.79
0.00095 -80.79
0.00096 -80.79
0.00097 -80.79
0.00098 -80.79
0.00099 -80.79
0.00100 -80.79
0.00101 -79.79
0.00102 -78.80
0.00103 -77.80
0.00104 -76.81
0.00105 -75.83
0.00106 -74.84
0.00107 -73.86
0.00108 -72.89
0.00109 -71.91
0.00110 -70.94
0.00111 -69.97
0.00112 -69.00
0.00113 -68.04
0.00114 -67.07
0.00115 -66.12
0.00116 -65.16
0.00117 -64.20
0.00118 -63.25
0.00119 -62.30
0.00120 -61.35
0.00121 -60.40
0.00122 -59.45
0.00123 -58.50
0.00124 -57.55
0.00125 -56.60
0.00126 -55.65
0.00127 -54.70
0.00128 -53.74
0.00129 -52.78
0.00130 -51.82
0.00131 -50.85
0.00132 -49.87
0.00133 -48.88
0.00134 -47.88
0.00135 -46.87
0.00136 -45.84
0.00137 -44.79
0.00138 -43.72
0.00139 -42.62
0.00140 -41.48
0.00141 -40.31
0.00142 -39.10
0.00143 -37.84
0.00144 -36.52
0.00145 -35.13
0.00146 -33.66
0.00147 -32.11
0.00148 -30.45
0.00149 -28.67
0.00150 -26.75
0.00151 -25.67
0.00152 -24.41
0.00153 -22.93
0.00154 -21.24
0.00155 -19.31
0.00156 -17.13
0.00157 -14.69
0.00158 -11.97
0.00159 -8.95
0.00160 -5.65
0.00161 -2.08
0.00162 1.74
0.00163 5.76
0.00164 9.88
0.00165 13.99
0.00166 17.97
0.00167 21.69
0.00168 25.04
0.00169 27.95
0.00170 30.41
0.00171 32.45
0.00172 34.11
0.00173 35.44
0.00174 36.50
0.00175 37.34
0.00176 37.98
0.00177 38.46
0.00178 38.80
0.00179 39.02
0.00180 39.14
0.00181 39.16
0.00182 39.10
0.00183 38.96
0.00184 38.75
0.00185 38.47
0.00186 38.12
0.00187 37.72
0.00188 37.25
0.00189 36.73
0.00190 36.15
0.00191 35.52
0.00192 34.83
0.00193 34.09
0.00194 33.30
0.00195 32.45
0.00196 31.56
0.00197 30.61
0.00198 29.62
0.00199 28.58
0.00200 27.49
0.00201 26.35
0.00202 25.17
0.00203 23.95
0.00204 22.68
0.00205 21.38
0.00206 20.04
0.00207 18.66
0.00208 17.25
0.00209 15.80
0.00210 14.33
0.00211 12.83
0.00212 11.31
0.00213 9.76
0.00214 8.20
0.00215 6.62
0.00216 5.03
0.00217 3.42
0.00218 1.81
0.00219 0.19
0.00220 -1.43
0.00221 -3.05
0.00222 -4.67
0.00223 -6.28
0.00224 -7.89
0.00225 -9.49
0.00226 -11.07
0.00227 -12.64
0.00228 -14.20
0.00229 -15.74
0.00230 -17.26
0.00231 -18.77
0.00232 -20.25
0.00233 -21.71
0.00234 -23.15
0.00235 -24.56
0.00236 -25.95
0.00237 -27.32
0.00238 -28.66
0.00239 -29.97
0.00240 -31.26
0.00241 -32.53
0.00242 -33.77
0.00243 -34.99
0.00244 -36.18
0.00245 -37.34
0.00246 -38.48
0.00247 -39.60
0.00248 -40.70
0.00249 -41.77
0.00250 -42.82
0.00251 -43.84
0.00252 -44.85
0.00253 -45.83
0.00254 -46.80
0.00255 -47.74
0.00256 -48.66
0.00257 -49.56
0.00258 -50.45
0.00259 -51.32
0.00260 -52.16
0.00261 -52.99
0.00262 -53.81
0.00263 -54.60
0.00264 -55.38
0.00265 -56.14
0.00266 -56.89
0.00267 -57.62
0.00268 -58.33
0.00269 -59.03
0.00270 -59.71
0.00271 -60.38
0.00272 -61.03
0.00273 -61.67
0.00274 -62.29
0.00275 -62.90
0.00276 -63.50
0.00277 -64.08
0.00278 -64.64
0.00279 -65.19
0.00280 -65.73
0.00281 -66.26
0.00282 -66.77
0.00283 -67.27
0.00284 -67.75
0.00285 -68.22
0.00286 -68.68
0.00287 -69.13
0.00288 -69.56
0.00289 -69.98
0.00290 -70.39
0.00291 -70.79
0.00292 -71.18
0.00293 -71.55
0.00294 -71.92
0.00295 -72.27
0.00296 -72.61
0.00297 -72.95
0.00298 -73.27
0.00299 -73.58
0.00300 -73.89
0.00301 -74.18
0.00302 -74.47
0.00303 -74.75
0.00304 -75.02
0.00305 -75.28
0.00306 -75.53
0.00307 -75.77
0.00308 -76.01
0.00309 -76.24
0.00310 -76.47
0.00311 -76.68
0.00312 -76.89
0.00313 -77.10
0.00314 -77.29
0.00315 -77.48
0.00316 -77.67
0.00317 -77.85
0.00318 -78.02
0.00319 -78.19
0.00320 -78.36
0.00321 -78.52
0.00322 -78.67
0.00323 -78.82
0.00324 -78.97
0.00325 -79.11
0.00326 -79.24
0.00327 -79.38
0.00328 -79.50
0.00329 -79.63
0.00330 -79.75
0.00331 -79.87
0.00332 -79.98
0.00333 -80.09
0.00334 -80.20
0.00335 -80.30
0.00336 -80.41
0.00337 -80.50
0.00338 -80.60
0.00339 -80.69
0.00340 -80.78
0.00341 -80.87
0.00342 -80.96
0.00343 -81.04
0.00344 -81.12
0.00345 -81.20
0.00346 -81.27
0.00347 -81.35
0.00348 -81.42
0.00349 -81.49
0.00350 -81.56
0.00351 -81.62
0.00352 -81.69
0.00353 -81.75
0.00354 -81.81
0.00355 -81.87
0.00356 -81.92
0.00357 -81.98
0.00358 -82.03
0.00359 -82.09
0.00360 -82.14
0.00361 -82.19
0.00362 -82.24
0.00363 -82.28
0.00364 -82.33
0.00365 -82.37
0.00366 -82.42
0.00367 -82.46
0.00368 -82.50
0.00369 -82.54
0.00370 -82.58
0.00371 -82.62
0.00372 -82.65
0.00373 -82.69
0.00374 -82.72
0.00375 -82.76
0.00376 -82.79
0.00377 -82.82
0.00378 -82.86
0.00379 -82.89
0.00380 -82.92
0.00381 -82.95
0.00382 -82.97
0.00383 -83.00
0.00384 -83.03
0.00385 -83.05
0.00386 -83.08
0.00387 -83.10
0.00388 -83.13
0.00389 -83.15
0.00390 -83.18
0.00391 -83.20
0.00392 -83.22
0.00393 -83.24
0.00394 -83.26
0.00395 -83.28
0.00396 -83.30
0.00397 -83.32
0.00398 -83.34
0.00399 -83.36
0.00400 -83.37
0.00401 -83.39
0.00402 -83.41
0.00403 -83.43
0.00404 -83.44
0.00405 -83.46
0.00406 -83.47
0.00407 -83.49
0.00408 -83.50
0.00409 -83.52
0.00410 -83.53
0.00411 -83.54
0.00412 -83.56
0.00413 -83.57
0.00414 -83.58
0.00415 -83.59
0.00416 -83.60
0.00417 -83.62
0.00418 -83.63
0.00419 -83.64
0.00420 -83.65
0.00421 -83.66
0.00422 -83.67
0.00423 -83.68
0.00424 -83.69
0.00425 -83.70
0.00426 -83.71
0.00427 -83.71
0.00428 -83.72
0.00429 -83.73
0.00430 -83.74
0.00431 -83.75
0.00432 -83.75
0.00433 -83.76
0.00434 -83.77
0.00435 -83.78
0.00436 -83.78
0.00437 -83.79
0.00438 -83.80
0.00439 -83.80
0.00440 -83.81
0.00441 -83.82
0.00442 -83.82
0.00443 -83.83
0.00444 -83.83
0.00445 -83.84
0.00446 -83.84
0.00447 -83.85
0.00448 -83.85
0.00449 -83.86
0.00450 -83.86
0.00451 -83.87
0.00452 -83.87
0.00453 -83.87
0.00454 -83.88
0.00455 -83.88
0.00456 -83.89
0.00457 -83.89
0.00458 -83.89
0.00459 -83.90
0.00460 -83.90
0.00461 -83.90
0.00462 -83.91
0.00463 -83.91
0.00464 -83.91
0.00465 -83.92
0.00466 -83.92
0.00467 -83.92
0.00468 -83.92
0.00469 -83.93
0.00470 -83.93
0.00471 -83.93
0.00472 -83.93
0.00473 -83.93
0.00474 -83.94
0.00475 -83.94
0.00476 -83.94
0.00477 -83.94
0.00478 -83.94
0.00479 -83.95
0.00480 -83.95
0.00481 -83.95
0.00482 -83.95
0.00483 -83.95
0.00484 -83.95
0.00485 -83.95
0.00486 -83.95
0.00487 -83.96
0.00488 -83.96
0.00489 -83.96
0.00490 -83.96
0.00491 -83.96
0.00492 -83.96
0.00493 -83.96
0.00494 -83.96
0.00495 -83.96
0.00496 -83.96
0.00497 -83.96
0.00498 -83.96
0.00499 -83.96
0.00500 -83.96
0.00501 -83.96
0.00502 -83.96
0.00503 -83.96
0.00504 -83.96
0.00505 -83.96
0.00506 -83.96
0.00507 -83.96
0.00508 -83.96
0.00509 -83.96
0.00510 -83.96
0.00511 -83.96
0.00512 -83.96
0.00513 -83.96
0.00514 -83.96
0.00515 -83.96
0.00516 -83.96
0.00517 -83.96
0.00518 -83.96
0.00519 -83.96
0.00520 -83.96
0.00521 -83.96
0.00522 -83.96
0.00523 -83.96
0.00524 -83.96
0.00525 -83.95
0.00526 -83.95
0.00527 -83.95
0.00528 -83.95
0.00529 -83.95
0.00530 -83.95
0.00531 -83.95
0.00532 -83.95
0.00533 -83.95
0.00534 -83.95
0.00535 -83.94
0.00536 -83.94
0.00537 -83.94
0.00538 -83.94
0.00539 -83.94
0.00540 -83.94
0.00541 -83.94
0.00542 -83.94
0.00543 -83.93
0.00544 -83.93
0.00545 -83.93
0.00546 -83.93
0.00547 -83.93
0.00548 -83.93
0.00549 -83.93
0.00550 -83.92
0.00551 -83.92
0.00552 -83.92
0.00553 -83.92
0.00554 -83.92
0.00555 -83.92
0.00556 -83.91
0.00557 -83.91
0.00558 -83.91
0.00559 -83.91
0.00560 -83.91
0.00561 -83.91
0.00562 -83.90
0.00563 -83.90
0.00564 -83.90
0.00565 -83.90
0.00566 -83.90
0.00567 -83.90
0.00568 -83.89
0.00569 -83.89
0.00570 -83.89
0.00571 -83.89
0.00572 -83.89
0.00573 -83.88
0.00574 -83.88
0.00575 -83.88
0.00576 -83.88
0.00577 -83.88
0.00578 -83.87
0.00579 -83.87
0.00580 -83.87
0.00581 -83.87
0.00582 -83.86
0.00583 -83.86
0.00584 -83.86
0.00585 -83.86
0.00586 -83.86
0.00587 -83.85
0.00588 -83.85
0.00589 -83.85
0.00590 -83.85
0.00591 -83.85
0.00592 -83.84
0.00593 -83.84
0.00594 -83.84
0.00595 -83.84
0.00596 -83.83
0.00597 -83.83
0.00598 -83.83
0.00599 -83.83
0.00600 -83.82
0.00601 -83.82
0.00602 -83.82
0.00603 -83.82
0.00604 -83.81
0.00605 -83.81
0.00606 -83.81
0.00607 -83.81
0.00608 -83.80
0.00609 -83.80
0.00610 -83.80
0.00611 -83.80
0.00612 -83.79
0.00613 -83.79
0.00614 -83.79
0.00615 -83.79
0.00616 -83.78
0.00617 -83.78
0.00618 -83.78
0.00619 -83.78
0.00620 -83.77
0.00621 -83.77
0.00622 -83.77
0.00623 -83.77
0.00624 -83.76
0.00625 -83.76
0.00626 -83.76
0.00627 -83.76
0.00628 -83.75
0.00629 -83.75
0.00630 -83.75
0.00631 -83.75
0.00632 -83.74
0.00633 -83.74
0.00634 -83.74
0.00635 -83.73
0.00636 -83.73
0.00637 -83.73
0.00638 -83.73
0.00639 -83.72
0.00640 -83.72
0.00641 -83.72
0.00642 -83.72
0.00643 -83.71
0.00644 -83.71
0.00645 -83.71
0.00646 -83.70
0.00647 -83.70
0.00648 -83.70
0.00649 -83.70
0.00650 -83.69
0.00651 -83.69
0.00652 -83.69
0.00653 -83.68
0.00654 -83.68
0.00655 -83.68
0.00656 -83.68
0.00657 -83.67
0.00658 -83.67
0.00659 -83.67
0.00660 -83.66
0.00661 -83.66
0.00662 -83.66
0.00663 -83.66
0.00664 -83.65
0.00665 -83.65
0.00666 -83.65
0.00667 -83.64
0.00668 -83.64
0.00669 -83.64
0.00670 -83.64
0.00671 -83.63
0.00672 -83.63
0.00673 -83.63
0.00674 -83.62
0.00675 -83.62
0.00676 -83.62
0.00677 -83.61
0.00678 -83.61
0.00679 -83.61
0.00680 -83.61
0.00681 -83.60
0.00682 -83.60
0.00683 -83.60
0.00684 -83.59
0.00685 -83.59
0.00686 -83.59
0.00687 -83.58
0.00688 -83.58
0.00689 -83.58
0.00690 -83.58
0.00691 -83.57
0.00692 -83.57
0.00693 -83.57
0.00694 -83.56
0.00695 -83.56
0.00696 -83.56
0.00697 -83.55
0.00698 -83.55
0.00699 -83.55
0.00700 -83.54
0.00701 -83.54
0.00702 -83.54
0.00703 -83.54
0.00704 -83.53
0.00705 -83.53
0.00706 -83.53
0.00707 -83.52
0.00708 -83.52
0.00709 -83.52
0.00710 -83.51
0.00711 -83.51
0.00712 -83.51
0.00713 -83.50
0.00714 -83.50
0.00715 -83.50
0.00716 -83.50
0.00717 -83.49
0.00718 -83.49
0.00719 -83.49
0.00720 -83.48
0.00721 -83.48
0.00722 -83.48
0.00723 -83.47
0.00724 -83.47
0.00725 -83.47
0.00726 -83.46
0.00727 -83.46
0.00728 -83.46
0.00729 -83.45
0.00730 -83.45
0.00731 -83.45
0.00732 -83.45
0.00733 -83.44
0.00734 -83.44
0.00735 -83.44
0.00736 -83.43
0.00737 -83.43
0.00738 -83.43
0.00739 -83.42
0.00740 -83.42
0.00741 -83.42
0.00742 -83.41
0.00743 -83.41
0.00744 -83.41
0.00745 -83.40
0.00746 -83.40
0.00747 -83.40
0.00748 -83.39
0.00749 -83.39
0.00750 -83.39
0.00751 -83.38
0.00752 -83.38
0.00753 -83.38
0.00754 -83.38
0.00755 -83.37
0.00756 -83.37
0.00757 -83.37
0.00758 -83.36
0.00759 -83.36
0.00760 -83.36
0.00761 -83.35
0.00762 -83.35
0.00763 -83.35
0.00764 -83.34
0.00765 -83.34
0.00766 -83.34
0.00767 -83.33
0.00768 -83.33
0.00769 -83.33
0.00770 -83.32
0.00771 -83.32
0.00772 -83.32
0.00773 -83.31
0.00774 -83.31
0.00775 -83.31
0.00776 -83.30
0.00777 -83.30
0.00778 -83.30
0.00779 -83.29
0.00780 -83.29
0.00781 -83.29
0.00782 -83.28
0.00783 -83.28
0.00784 -83.28
0.00785 -83.28
0.00786 -83.27
0.00787 -83.27
0.00788 -83.27
0.00789 -83.26
0.00790 -83.26
0.00791 -83.26
0.00792 -83.25
0.00793 -83.25
0.00794 -83.25
0.00795 -83.24
0.00796 -83.24
0.00797 -83.24
0.00798 -83.23
0.00799 -83.23
0.00800 -83.23
0.00801 -83.22
0.00802 -83.22
0.00803 -83.22
0.00804 -83.21
0.00805 -83.21
0.00806 -83.21
0.00807 -83.20
0.00808 -83.20
0.00809 -83.20
0.00810 -83.19
0.00811 -83.19
0.00812 -83.19
0.00813 -83.18
0.00814 -83.18
0.00815 -83.18
0.00816 -83.18
0.00817 -83.17
0.00818 -83.17
0.00819 -83.17
0.00820 -83.16
0.00821 -83.16
0.00822 -83.16
0.00823 -83.15
0.00824 -83.15
0.00825 -83.15
0.00826 -83.14
0.00827 -83.14
0.00828 -83.14
0.00829 -83.13
0.00830 -83.13
0.00831 -83.13
0.00832 -83.12
0.00833 -83.12
0.00834 -83.12
0.00835 -83.11
0.00836 -83.11
0.00837 -83.11
0.00838 -83.10
0.00839 -83.10
0.00840 -83.10
0.00841 -83.09
0.00842 -83.09
0.00843 -83.09
0.00844 -83.08
0.00845 -83.08
0.00846 -83.08
0.00847 -83.08
0.00848 -83.07
0.00849 -83.07
0.00850 -83.07
0.00851 -83.06
0.00852 -83.06
0.00853 -83.06
0.00854 -83.05
0.00855 -83.05
0.00856 -83.05
0.00857 -83.04
0.00858 -83.04
0.00859 -83.04
0.00860 -83.03
0.00861 -83.03
0.00862 -83.03
0.00863 -83.02
0.00864 -83.02
0.00865 -83.02
0.00866 -83.01
0.00867 -83.01
0.00868 -83.01
0.00869 -83.00
0.00870 -83.00
0.00871 -83.00
0.00872 -83.00
0.00873 -82.99
0.00874 -82.99
0.00875 -82.99
0.00876 -82.98
0.00877 -82.98
0.00878 -82.98
0.00879 -82.97
0.00880 -82.97
0.00881 -82.97
0.00882 -82.96
0.00883 -82.96
0.00884 -82.96
0.00885 -82.95
0.00886 -82.95
0.00887 -82.95
0.00888 -82.94
0.00889 -82.94
0.00890 -82.94
0.00891 -82.93
0.00892 -82.93
0.00893 -82.93
0.00894 -82.93
0.00895 -82.92
0.00896 -82.92
0.00897 -82.92
0.00898 -82.91
0.00899 -82.91
0.00900 -82.91
0.00901 -82.90
0.00902 -82.90
0.00903 -82.90
0.00904 -82.89
0.00905 -82.89
0.00906 -82.89
0.00907 -82.88
0.00908 -82.88
0.00909 -82.88
0.00910 -82.88
0.00911 -82.87
0.00912 -82.87
0.00913 -82.87
0.00914 -82.86
0.00915 -82.86
0.00916 -82.86
0.00917 -82.85
0.00918 -82.85
0.00919 -82.85
0.00920 -82.84
0.00921 -82.84
0.00922 -82.84
0.00923 -82.84
0.00924 -82.83
0.00925 -82.83
0.00926 -82.83
0.00927 -82.82
0.00928 -82.82
0.00929 -82.82
0.00930 -82.81
0.00931 -82.81
0.00932 -82.81
0.00933 -82.80
0.00934 -82.80
0.00935 -82.80
0.00936 -82.80
0.00937 -82.79
0.00938 -82.79
0.00939 -82.79
0.00940 -82.78
0.00941 -82.78
0.00942 -82.78
0.00943 -82.77
0.00944 -82.77
0.00945 -82.77
0.00946 -82.76
0.00947 -82.76
0.00948 -82.76
0.00949 -82.76
0.00950 -82.75
0.00951 -82.75
0.00952 -82.75
0.00953 -82.74
0.00954 -82.74
0.00955 -82.74
0.00956 -82.73
0.00957 -82.73
0.00958 -82.73
0.00959 -82.73
0.00960 -82.72
0.00961 -82.72
0.00962 -82.72
0.00963 -82.71
0.00964 -82.71
0.00965 -82.71
0.00966 -82.70
0.00967 -82.70
0.00968 -82.70
0.00969 -82.70
0.00970 -82.69
0.00971 -82.69
0.00972 -82.69
0.00973 -82.68
0.00974 -82.68
0.00975 -82.68
0.00976 -82.67
0.00977 -82.67
0.00978 -82.67
0.00979 -82.67
0.00980 -82.66
0.00981 -82.66
0.00982 -82.66
0.00983 -82.65
0.00984 -82.65
0.00985 -82.65
0.00986 -82.64
0.00987 -82.64
0.00988 -82.64
0.00989 -82.64
0.00990 -82.63
0.00991 -82.63
0.00992 -82.63
0.00993 -82.62
0.00994 -82.62
0.00995 -82.62
0.00996 -82.62
0.00997 -82.61
0.00998 -82.61
0.00999 -82.61
0.01000 -82.60
0.01001 -82.60
0.01002 -82.60
0.01003 -82.60
0.01004 -82.59
0.01005 -82.59
0.01006 -82.59
0.01007 -82.58
0.01008 -82.58
0.01009 -82.58
0.01010 -82.58
0.01011 -82.57
0.01012 -82.57
0.01013 -82.57
0.01014 -82.56
0.01015 -82.56
0.01016 -82.56
0.01017 -82.56
0.01018 -82.55
0.01019 -82.55
0.01020 -82.55
0.01021 -82.54
0.01022 -82.54
0.01023 -82.54
0.01024 -82.54
0.01025 -82.53
0.01026 -82.53
0.01027 -82.53
0.01028 -82.52
0.01029 -82.52
0.01030 -82.52
0.01031 -82.52
0.01032 -82.51
0.01033 -82.51
0.01034 -82.51
0.01035 -82.50
0.01036 -82.50
0.01037 -82.50
0.01038 -82.50
0.01039 -82.49
0.01040 -82.49
0.01041 -82.49
0.01042 -82.48
0.01043 -82.48
0.01044 -82.48
0.01045 -82.48
0.01046 -82.47
0.01047 -82.47
0.01048 -82.47
0.01049 -82.47
0.01050 -82.46
0.01051 -82.46
0.01052 -82.46
0.01053 -82.45
0.01054 -82.45
0.01055 -82.45
0.01056 -82.45
0.01057 -82.44
0.01058 -82.44
0.01059 -82.44
0.01060 -82.44
0.01061 -82.43
0.01062 -82.43
0.01063 -82.43
0.01064 -82.42
0.01065 -82.42
0.01066 -82.42
0.01067 -82.42
0.01068 -82.41
0.01069 -82.41
0.01070 -82.41
0.01071 -82.41
0.01072 -82.40
0.01073 -82.40
0.01074 -82.40
0.01075 -82.40
0.01076 -82.39
0.01077 -82.39
0.01078 -82.39
0.01079 -82.38
0.01080 -82.38
0.01081 -82.38
0.01082 -82.38
0.01083 -82.37
0.01084 -82.37
0.01085 -82.37
0.01086 -82.37
0.01087 -82.36
0.01088 -82.36
0.01089 -82.36
0.01090 -82.36
0.01091 -82.35
0.01092 -82.35
0.01093 -82.35
0.01094 -82.35
0.01095 -82.34
0.01096 -82.34
0.01097 -82.34
0.01098 -82.33
0.01099 -82.33
0.01100 -82.33
0.01101 -82.33
0.01102 -82.32
0.01103 -82.32
0.01104 -82.32
0.01105 -82.32
0.01106 -82.31
0.01107 -82.31
0.01108 -82.31
0.01109 -82.31
0.01110 -82.30
0.01111 -82.30
0.01112 -82.30
0.01113 -82.30
0.01114 -82.29
0.01115 -82.29
0.01116 -82.29
0.01117 -82.29
0.01118 -82.28
0.01119 -82.28
0.01120 -82.28
0.01121 -82.28
0.01122 -82.27
0.01123 -82.27
0.01124 -82.27
0.01125 -82.27
0.01126 -82.26
0.01127 -82.26
0.01128 -82.26
0.01129 -82.26
0.01130 -82.25
0.01131 -82.25
0.01132 -82.25
0.01133 -82.25
0.01134 -82.24
0.01135 -82.24
0.01136 -82.24
0.01137 -82.24
0.01138 -82.23
0.01139 -82.23
0.01140 -82.23
0.01141 -82.23
0.01142 -82.22
0.01143 -82.22
0.01144 -82.22
0.01145 -82.22
0.01146 -82.21
0.01147 -82.21
0.01148 -82.21
0.01149 -82.21
0.01150 -82.20
0.01151 -82.20
0.01152 -82.20
0.01153 -82.20
0.01154 -82.19
0.01155 -82.19
0.01156 -82.19
0.01157 -82.19
0.01158 -82.18
0.01159 -82.18
0.01160 -82.18
0.01161 -82.18
0.01162 -82.18
0.01163 -82.17
0.01164 -82.17
0.01165 -82.17
0.01166 -82.17
0.01167 -82.16
0.01168 -82.16
0.01169 -82.16
0.01170 -82.16
0.01171 -82.15
0.01172 -82.15
0.01173 -82.15
0.01174 -82.15
0.01175 -82.14
0.01176 -82.14
0.01177 -82.14
0.01178 -82.14
0.01179 -82.14
0.01180 -82.13
0.01181 -82.13
0.01182 -82.13
0.01183 -82.13
0.01184 -82.12
0.01185 -82.12
0.01186 -82.12
0.01187 -82.12
0.01188 -82.11
0.01189 -82.11
0.01190 -82.11
0.01191 -82.11
0.01192 -82.11
0.01193 -82.10
0.01194 -82.10
0.01195 -82.10
0.01196 -82.10
0.01197 -82.09
0.01198 -82.09
0.01199 -82.09
0.01200 -82.09
0.01201 -82.09
0.01202 -82.08
0.01203 -82.08
0.01204 -82.08
0.01205 -82.08
0.01206 -82.07
0.01207 -82.07
0.01208 -82.07
0.01209 -82.07
0.01210 -82.06
0.01211 -82.06
0.01212 -82.06
0.01213 -82.06
0.01214 -82.06
0.01215 -82.05
0.01216 -82.05
0.01217 -82.05
0.01218 -82.05
0.01219 -82.05
0.01220 -82.04
0.01221 -82.04
0.01222 -82.04
0.01223 -82.04
0.01224 -82.03
0.01225 -82.03
0.01226 -82.03
0.01227 -82.03
0.01228 -82.03
0.01229 -82.02
0.01230 -82.02
0.01231 -82.02
0.01232 -82.02
0.01233 -82.01
0.01234 -82.01
0.01235 -82.01
0.01236 -82.01
0.01237 -82.01
0.01238 -82.00
0.01239 -82.00
0.01240 -82.00
0.01241 -82.00
0.01242 -82.00
0.01243 -81.99
0.01244 -81.99
0.01245 -81.99
0.01246 -81.99
0.01247 -81.99
0.01248 -81.98
0.01249 -81.98
0.01250 -81.98
0.01251 -81.98
0.01252 -81.97
0.01253 -81.97
0.01254 -81.97
0.01255 -81.97
0.01256 -81.97
0.01257 -81.96
0.01258 -81.96
0.01259 -81.96
0.01260 -81.96
0.01261 -81.96
0.01262 -81.95
0.01263 -81.95
0.01264 -81.95
0.01265 -81.95
0.01266 -81.95
0.01267 -81.94
0.01268 -81.94
0.01269 -81.94
0.01270 -81.94
0.01271 -81.94
0.01272 -81.93
0.01273 -81.93
0.01274 -81.93
0.01275 -81.93
0.01276 -81.93
0.01277 -81.92
0.01278 -81.92
0.01279 -81.92
0.01280 -81.92
0.01281 -81.92
0.01282 -81.91
0.01283 -81.91
0.01284 -81.91
0.01285 -81.91
0.01286 -81.91
0.01287 -81.90
0.01288 -81.90
0.01289 -81.90
0.01290 -81.90
0.01291 -81.90
0.01292 -81.89
0.01293 -81.89
0.01294 -81.89
0.01295 -81.89
0.01296 -81.89
0.01297 -81.88
0.01298 -81.88
0.01299 -81.88
0.01300 -81.88
0.01301 -81.88
0.01302 -81.87
0.01303 -81.87
0.01304 -81.87
0.01305 -81.87
0.01306 -81.87
0.01307 -81.86
0.01308 -81.86
0.01309 -81.86
0.01310 -81.86
0.01311 -81.86
0.01312 -81.86
0.01313 -81.85
0.01314 -81.85
0.01315 -81.85
0.01316 -81.85
0.01317 -81.85
0.01318 -81.84
0.01319 -81.84
0.01320 -81.84
0.01321 -81.84
0.01322 -81.84
0.01323 -81.83
0.01324 -81.83
0.01325 -81.83
0.01326 -81.83
0.01327 -81.83
0.01328 -81.83
0.01329 -81.82
0.01330 -81.82
0.01331 -81.82
0.01332 -81.82
0.01333 -81.82
0.01334 -81.81
0.01335 -81.81
0.01336 -81.81
0.01337 -81.81
0.01338 -81.81
0.01339 -81.81
0.01340 -81.80
0.01341 -81.80
0.01342 -81.80
0.01343 -81.80
0.01344 -81.80
0.01345 -81.79
0.01346 -81.79
0.01347 -81.79
0.01348 -81.79
0.01349 -81.79
0.01350 -81.79
0.01351 -81.78
0.01352 -81.78
0.01353 -81.78
0.01354 -81.78
0.01355 -81.78
0.01356 -81.78
0.01357 -81.77
0.01358 -81.77
0.01359 -81.77
0.01360 -81.77
0.01361 -81.77
0.01362 -81.76
0.01363 -81.76
0.01364 -81.76
0.01365 -81.76
0.01366 -81.76
0.01367 -81.76
0.01368 -81.75
0.01369 -81.75
0.01370 -81.75
0.01371 -81.75
0.01372 -81.75
0.01373 -81.75
0.01374 -81.74
0.01375 -81.74
0.01376 -81.74
0.01377 -81.74
0.01378 -81.74
0.01379 -81.74
0.01380 -81.73
0.01381 -81.73
0.01382 -81.73
0.01383 -81.73
0.01384 -81.73
0.01385 -81.73
0.01386 -81.72
0.01387 -81.72
0.01388 -81.72
0.01389 -81.72
0.01390 -81.72
0.01391 -81.72
0.01392 -81.71
0.01393 -81.71
0.01394 -81.71
0.01395 -81.71
0.01396 -81.71
0.01397 -81.71
0.01398 -81.70
0.01399 -81.70
0.01400 -81.70
0.01401 -81.70
0.01402 -81.70
0.01403 -81.70
0.01404 -81.69
0.01405 -81.69
0.01406 -81.69
0.01407 -81.69
0.01408 -81.69
0.01409 -81.69
0.01410 -81.68
0.01411 -81.68
0.01412 -81.68
0.01413 -81.68
0.01414 -81.68
0.01415 -81.68
0.01416 -81.67
0.01417 -81.67
0.01418 -81.67
0.01419 -81.67
0.01420 -81.67
0.01421 -81.67
0.01422 -81.67
0.01423 -81.66
0.01424 -81.66
0.01425 -81.66
0.01426 -81.66
0.01427 -81.66
0.01428 -81.66
0.01429 -81.65
0.01430 -81.65
0.01431 -81.65
0.01432 -81.65
0.01433 -81.65
0.01434 -81.65
0.01435 -81.65
0.01436 -81.64
0.01437 -81.64
0.01438 -81.64
0.01439 -81.64
0.01440 -81.64
0.01441 -81.64
0.01442 -81.63
0.01443 -81.63
0.01444 -81.63
0.01445 -81.63
0.01446 -81.63
0.01447 -81.63
0.01448 -81.63
0.01449 -81.62
0.01450 -81.62
0.01451 -81.62
0.01452 -81.62
0.01453 -81.62
0.01454 -81.62
0.01455 -81.62
0.01456 -81.61
0.01457 -81.61
0.01458 -81.61
0.01459 -81.61
0.01460 -81.61
0.01461 -81.61
0.01462 -81.60
0.01463 -81.60
0.01464 -81.60
0.01465 -81.60
0.01466 -81.60
0.01467 -81.60
0.01468 -81.60
0.01469 -81.59
0.01470 -81.59
0.01471 -81.59
0.01472 -81.59
0.01473 -81.59
0.01474 -81.59
0.01475 -81.59
0.01476 -81.58
0.01477 -81.58
0.01478 -81.58
0.01479 -81.58
0.01480 -81.58
0.01481 -81.58
0.01482 -81.58
0.01483 -81.57
0.01484 -81.57
0.01485 -81.57
0.01486 -81.57
0.01487 -81.57
0.01488 -81.57
0.01489 -81.57
0.01490 -81.56
0.01491 -81.56
0.01492 -81.56
0.01493 -81.56
0.01494 -81.56
0.01495 -81.56
0.01496 -81.56
0.01497 -81.56
0.01498 -81.55
0.01499 -81.55
0.01500 -81.55
0.01501 -81.55
0.01502 -81.55
0.01503 -81.55
0.01504 -81.55
0.01505 -81.54
0.01506 -81.54
0.01507 -81.54
0.01508 -81.54
0.01509 -81.54
0.01510 -81.54
0.01511 -81.54
0.01512 -81.53
0.01513 -81.53
0.01514 -81.53
0.01515 -81.53
0.01516 -81.53
0.01517 -81.53
0.01518 -81.53
0.01519 -81.53
0.01520 -81.52
0.01521 -81.52
0.01522 -81.52
0.01523 -81.52
0.01524 -81.52
0.01525 -81.52
0.01526 -81.52
0.01527 -81.52
0.01528 -81.51
0.01529 -81.51
0.01530 -81.51
0.01531 -81.51
0.01532 -81.51
0.01533 -81.51
0.01534 -81.51
0.01535 -81.50
0.01536 -81.50
0.01537 -81.50
0.01538 -81.50
0.01539 -81.50
0.01540 -81.50
0.01541 -81.50
0.01542 -81.50
0.01543 -81.49
0.01544 -81.49
0.01545 -81.49
0.01546 -81.49
0.01547 -81.49
0.01548 -81.49
0.01549 -81.49
0.01550 -81.49
0.01551 -81.48
0.01552 -81.48
0.01553 -81.48
0.01554 -81.48
0.01555 -81.48
0.01556 -81.48
0.01557 -81.48
0.01558 -81.48
0.01559 -81.47
0.01560 -81.47
0.01561 -81.47
0.01562 -81.47
0.01563 -81.47
0.01564 -81.47
0.01565 -81.47
0.01566 -81.47
0.01567 -81.46
0.01568 -81.46
0.01569 -81.46
0.01570 -81.46
0.01571 -81.46
0.01572 -81.46
0.01573 -81.46
0.01574 -81.46
0.01575 -81.46
0.01576 -81.45
0.01577 -81.45
0.01578 -81.45
0.01579 -81.45
0.01580 -81.45
0.01581 -81.45
0.01582 -81.45
0.01583 -81.45
0.01584 -81.44
0.01585 -81.44
0.01586 -81.44
0.01587 -81.44
0.01588 -81.44
0.01589 -81.44
0.01590 -81.44
0.01591 -81.44
0.01592 -81.44
0.01593 -81.43
0.01594 -81.43
0.01595 -81.43
0.01596 -81.43
0.01597 -81.43
0.01598 -81.43
0.01599 -81.43
0.01600 -81.43
0.01601 -81.43
0.01602 -81.42
0.01603 -81.42
0.01604 -81.42
0.01605 -81.42
0.01606 -81.42
0.01607 -81.42
0.01608 -81.42
0.01609 -81.42
0.01610 -81.41
0.01611 -81.41
0.01612 -81.41
0.01613 -81.41
0.01614 -81.41
0.01615 -81.41
0.01616 -81.41
0.01617 -81.41
0.01618 -81.41
0.01619 -81.41
0.01620 -81.40
0.01621 -81.40
0.01622 -81.40
0.01623 -81.40
0.01624 -81.40
0.01625 -81.40
0.01626 -81.40
0.01627 -81.40
0.01628 -81.40
0.01629 -81.39
0.01630 -81.39
0.01631 -81.39
0.01632 -81.39
0.01633 -81.39
0.01634 -81.39
0.01635 -81.39
0.01636 -81.39
0.01637 -81.39
0.01638 -81.38
0.01639 -81.38
0.01640 -81.38
0.01641 -81.38
0.01642 -81.38
0.01643 -81.38
0.01644 -81.38
0.01645 -81.38
0.01646 -81.38
0.01647 -81.38
0.01648 -81.37
0.01649 -81.37
0.01650 -81.37
0.01651 -81.37
0.01652 -81.37
0.01653 -81.37
0.01654 -81.37
0.01655 -81.37
0.01656 -81.37
0.01657 -81.36
0.01658 -81.36
0.01659 -81.36
0.01660 -81.36
0.01661 -81.36
0.01662 -81.36
0.01663 -81.36
0.01664 -81.36
0.01665 -81.36
0.01666 -81.36
0.01667 -81.35
0.01668 -81.35
0.01669 -81.35
0.01670 -81.35
0.01671 -81.35
0.01672 -81.35
0.01673 -81.35
0.01674 -81.35
0.01675 -81.35
0.01676 -81.35
0.01677 -81.34
0.01678 -81.34
0.01679 -81.34
0.01680 -81.34
0.01681 -81.34
0.01682 -81.34
0.01683 -81.34
0.01684 -81.34
0.01685 -81.34
0.01686 -81.34
0.01687 -81.33
0.01688 -81.33
0.01689 -81.33
0.01690 -81.33
0.01691 -81.33
0.01692 -81.33
0.01693 -81.33
0.01694 -81.33
0.01695 -81.33
0.01696 -81.33
0.01697 -81.33
0.01698 -81.32
0.01699 -81.32
0.01700 -81.32
0.01701 -81.32
0.01702 -81.32
0.01703 -81.32
0.01704 -81.32
0.01705 -81.32
0.01706 -81.32
0.01707 -81.32
0.01708 -81.32
0.01709 -81.31
0.01710 -81.31
0.01711 -81.31
0.01712 -81.31
0.01713 -81.31
0.01714 -81.31
0.01715 -81.31
0.01716 -81.31
0.01717 -81.31
0.01718 -81.31
0.01719 -81.30
0.01720 -81.30
0.01721 -81.30
0.01722 -81.30
0.01723 -81.30
0.01724 -81.30
0.01725 -81.30
0.01726 -81.30
0.01727 -81.30
0.01728 -81.30
0.01729 -81.30
0.01730 -81.30
0.01731 -81.29
0.01732 -81.29
0.01733 -81.29
0.01734 -81.29
0.01735 -81.29
0.01736 -81.29
0.01737 -81.29
0.01738 -81.29
0.01739 -81.29
0.01740 -81.29
0.01741 -81.29
0.01742 -81.28
0.01743 -81.28
0.01744 -81.28
0.01745 -81.28
0.01746 -81.28
0.01747 -81.28
0.01748 -81.28
0.01749 -81.28
0.01750 -81.28
0.01751 -81.28
0.01752 -81.28
0.01753 -81.28
0.01754 -81.27
0.01755 -81.27
0.01756 -81.27
0.01757 -81.27
0.01758 -81.27
0.01759 -81.27
0.01760 -81.27
0.01761 -81.27
0.01762 -81.27
0.01763 -81.27
0.01764 -81.27
0.01765 -81.26
0.01766 -81.26
0.01767 -81.26
0.01768 -81.26
0.01769 -81.26
0.01770 -81.26
0.01771 -81.26
0.01772 -81.26
0.01773 -81.26
0.01774 -81.26
0.01775 -81.26
0.01776 -81.26
0.01777 -81.26
0.01778 -81.25
0.01779 -81.25
0.01780 -81.25
0.01781 -81.25
0.01782 -81.25
0.01783 -81.25
0.01784 -81.25
0.01785 -81.25
0.01786 -81.25
0.01787 -81.25
0.01788 -81.25
0.01789 -81.25
0.01790 -81.24
0.01791 -81.24
0.01792 -81.24
0.01793 -81.24
0.01794 -81.24
0.01795 -81.24
0.01796 -81.24
0.01797 -81.24
0.01798 -81.24
0.01799 -81.24
0.01800 -81.24
0.01801 -81.24
0.01802 -81.24
0.01803 -81.23
0.01804 -81.23
0.01805 -81.23
0.01806 -81.23
0.01807 -81.23
0.01808 -81.23
0.01809 -81.23
0.01810 -81.23
0.01811 -81.23
0.01812 -81.23
0.01813 -81.23
0.01814 -81.23
0.01815 -81.23
0.01816 -81.22
0.01817 -81.22
0.01818 -81.22
0.01819 -81.22
0.01820 -81.22
0.01821 -81.22
0.01822 -81.22
0.01823 -81.22
0.01824 -81.22
0.01825 -81.22
0.01826 -81.22
0.01827 -81.22
0.01828 -81.22
0.01829 -81.21
0.01830 -81.21
0.01831 -81.21
0.01832 -81.21
0.01833 -81.21
0.01834 -81.21
0.01835 -81.21
0.01836 -81.21
0.01837 -81.21
0.01838 -81.21
0.01839 -81.21
0.01840 -81.21
0.01841 -81.21
0.01842 -81.21
0.01843 -81.20
0.01844 -81.20
0.01845 -81.20
0.01846 -81.20
0.01847 -81.20
0.01848 -81.20
0.01849 -81.20
0.01850 -81.20
0.01851 -81.20
0.01852 -81.20
0.01853 -81.20
0.01854 -81.20
0.01855 -81.20
0.01856 -81.20
0.01857 -81.19
0.01858 -81.19
0.01859 -81.19
0.01860 -81.19
0.01861 -81.19
0.01862 -81.19
0.01863 -81.19
0.01864 -81.19
0.01865 -81.19
0.01866 -81.19
0.01867 -81.19
0.01868 -81.19
0.01869 -81.19
0.01870 -81.19
0.01871 -81.19
0.01872 -81.18
0.01873 -81.18
0.01874 -81.18
0.01875 -81.18
0.01876 -81.18
0.01877 -81.18
0.01878 -81.18
0.01879 -81.18
0.01880 -81.18
0.01881 -81.18
0.01882 -81.18
0.01883 -81.18
0.01884 -81.18
0.01885 -81.18
0.01886 -81.17
0.01887 -81.17
0.01888 -81.17
0.01889 -81.17
0.01890 -81.17
0.01891 -81.17
0.01892 -81.17
0.01893 -81.17
0.01894 -81.17
0.01895 -81.17
0.01896 -81.17
0.01897 -81.17
0.01898 -81.17
0.01899 -81.17
0.01900 -81.17
0.01901 -81.17
0.01902 -81.16
0.01903 -81.16
0.01904 -81.16
0.01905 -81.16
0.01906 -81.16
0.01907 -81.16
0.01908 -81.16
0.01909 -81.16
0.01910 -81.16
0.01911 -81.16
0.01912 -81.16
0.01913 -81.16
0.01914 -81.16
0.01915 -81.16
0.01916 -81.16
0.01917 -81.16
0.01918 -81.15
0.01919 -81.15
0.01920 -81.15
0.01921 -81.15
0.01922 -81.15
0.01923 -81.15
0.01924 -81.15
0.01925 -81.15
0.01926 -81.15
0.01927 -81.15
0.01928 -81.15
0.01929 -81.15
0.01930 -81.15
0.01931 -81.15
0.01932 -81.15
0.01933 -81.15
0.01934 -81.14
0.01935 -81.14
0.01936 -81.14
0.01937 -81.14
0.01938 -81.14
0.01939 -81.14
0.01940 -81.14
0.01941 -81.14
0.01942 -81.14
0.01943 -81.14
0.01944 -81.14
0.01945 -81.14
0.01946 -81.14
0.01947 -81.14
0.01948 -81.14
0.01949 -81.14
0.01950 -81.14
0.01951 -81.13
0.01952 -81.13
0.01953 -81.13
0.01954 -81.13
0.01955 -81.13
0.01956 -81.13
0.01957 -81.13
0.01958 -81.13
0.01959 -81.13
0.01960 -81.13
0.01961 -81.13
0.01962 -81.13
0.01963 -81.13
0.01964 -81.13
0.01965 -81.13
0.01966 -81.13
0.01967 -81.13
0.01968 -81.12
0.01969 -81.12
0.01970 -81.12
0.01971 -81.12
0.01972 -81.12
0.01973 -81.12
0.01974 -81.12
0.01975 -81.12
0.01976 -81.12
0.01977 -81.12
0.01978 -81.12
0.01979 -81.12
0.01980 -81.12
0.01981 -81.12
0.01982 -81.12
0.01983 -81.12
0.01984 -81.12
0.01985 -81.12
0.01986 -81.11
0.01987 -81.11
0.01988 -81.11
0.01989 -81.11
0.01990 -81.11
0.01991 -81.11
0.01992 -81.11
0.01993 -81.11
0.01994 -81.11
0.01995 -81.11
0.01996 -81.11
0.01997 -81.11
0.01998 -81.11
0.01999 -81.11
0.02000 -81.11
0.02001 -81.11
0.02002 -81.11
0.02003 -81.11
0.02004 -81.11
0.02005 -81.10
0.02006 -81.10
0.02007 -81.10
0.02008 -81.10
0.02009 -81.10
0.02010 -81.10
0.02011 -81.10
0.02012 -81.10
0.02013 -81.10
0.02014 -81.10
0.02015 -81.10
0.02016 -81.10
0.02017 -81.10
0.02018 -81.10
0.02019 -81.10
0.02020 -81.10
0.02021 -81.10
0.02022 -81.10
0.02023 -81.10
0.02024 -81.09
0.02025 -81.09
0.02026 -81.09
0.02027 -81.09
0.02028 -81.09
0.02029 -81.09
0.02030 -81.09
0.02031 -81.09
0.02032 -81.09
0.02033 -81.09
0.02034 -81.09
0.02035 -81.09
0.02036 -81.09
0.02037 -81.09
0.02038 -81.09
0.02039 -81.09
0.02040 -81.09
0.02041 -81.09
0.02042 -81.09
0.02043 -81.09
0.02044 -81.08
0.02045 -81.08
0.02046 -81.08
0.02047 -81.08
0.02048 -81.08
0.02049 -81.08
0.02050 -81.08
0.02051 -81.08
0.02052 -81.08
0.02053 -81.08
0.02054 -81.08
0.02055 -81.08
0.02056 -81.08
0.02057 -81.08
0.02058 -81.08
0.02059 -81.08
0.02060 -81.08
0.02061 -81.08
0.02062 -81.08
0.02063 -81.08
0.02064 -81.08
0.02065 -81.07
0.02066 -81.07
0.02067 -81.07
0.02068 -81.07
0.02069 -81.07
0.02070 -81.07
0.02071 -81.07
0.02072 -81.07
0.02073 -81.07
0.02074 -81.07
0.02075 -81.07
0.02076 -81.07
0.02077 -81.07
0.02078 -81.07
0.02079 -81.07
0.02080 -81.07
0.02081 -81.07
0.02082 -81.07
0.02083 -81.07
0.02084 -81.07
0.02085 -81.07
0.02086 -81.06
0.02087 -81.06
0.02088 -81.06
0.02089 -81.06
0.02090 -81.06
0.02091 -81.06
0.02092 -81.06
0.02093 -81.06
0.02094 -81.06
0.02095 -81.06
0.02096 -81.06
0.02097 -81.06
0.02098 -81.06
0.02099 -81.06
0.02100 -81.06
0.02101 -81.06
0.02102 -81.06
0.02103 -81.06
0.02104 -81.06
0.02105 -81.06
0.02106 -81.06
0.02107 -81.06
0.02108 -81.06
0.02109 -81.05
0.02110 -81.05
0.02111 -81.05
0.02112 -81.05
0.02113 -81.05
0.02114 -81.05
0.02115 -81.05
0.02116 -81.05
0.02117 -81.05
0.02118 -81.05
0.02119 -81.05
0.02120 -81.05
0.02121 -81.05
0.02122 -81.05
0.02123 -81.05
0.02124 -81.05
0.02125 -81.05
0.02126 -81.05
0.02127 -81.05
0.02128 -81.05
0.02129 -81.05
0.02130 -81.05
0.02131 -81.05
0.02132 -81.05
0.02133 -81.04
0.02134 -81.04
0.02135 -81.04
0.02136 -81.04
0.02137 -81.04
0.02138 -81.04
0.02139 -81.04
0.02140 -81.04
0.02141 -81.04
0.02142 -81.04
0.02143 -81.04
0.02144 -81.04
0.02145 -81.04
0.02146 -81.04
0.02147 -81.04
0.02148 -81.04
0.02149 -81.04
0.02150 -81.04
0.02151 -81.04
0.02152 -81.04
0.02153 -81.04
0.02154 -81.04
0.02155 -81.04
0.02156 -81.04
0.02157 -81.03
0.02158 -81.03
0.02159 -81.03
0.02160 -81.03
0.02161 -81.03
0.02162 -81.03
0.02163 -81.03
0.02164 -81.03
0.02165 -81.03
0.02166 -81.03
0.02167 -81.03
0.02168 -81.03
0.02169 -81.03
0.02170 -81.03
0.02171 -81.03
0.02172 -81.03
0.02173 -81.03
0.02174 -81.03
0.02175 -81.03
0.02176 -81.03
0.02177 -81.03
0.02178 -81.03
0.02179 -81.03
0.02180 -81.03
0.02181 -81.03
0.02182 -81.03
0.02183 -81.02
0.02184 -81.02
0.02185 -81.02
0.02186 -81.02
0.02187 -81.02
0.02188 -81.02
0.02189 -81.02
0.02190 -81.02
0.02191 -81.02
0.02192 -81.02
0.02193 -81.02
0.02194 -81.02
0.02195 -81.02
0.02196 -81.02
0.02197 -81.02
0.02198 -81.02
0.02199 -81.02
0.02200 -81.02
0.02201 -81.02
0.02202 -81.02
0.02203 -81.02
0.02204 -81.02
0.02205 -81.02
0.02206 -81.02
0.02207 -81.02
0.02208 -81.02
0.02209 -81.02
0.02210 -81.02
0.02211 -81.01
0.02212 -81.01
0.02213 -81.01
0.02214 -81.01
0.02215 -81.01
0.02216 -81.01
0.02217 -81.01
0.02218 -81.01
0.02219 -81.01
0.02220 -81.01
0.02221 -81.01
0.02222 -81.01
0.02223 -81.01
0.02224 -81.01
0.02225 -81.01
0.02226 -81.01
0.02227 -81.01
0.02228 -81.01
0.02229 -81.01
0.02230 -81.01
0.02231 -81.01
0.02232 -81.01
0.02233 -81.01
0.02234 -81.01
0.02235 -81.01
0.02236 -81.01
0.02237 -81.01
0.02238 -81.01
0.02239 -81.00
0.02240 -81.00
0.02241 -81.00
0.02242 -81.00
0.02243 -81.00
0.02244 -81.00
0.02245 -81.00
0.02246 -81.00
0.02247 -81.00
0.02248 -81.00
0.02249 -81.00
0.02250 -81.00
0.02251 -81.00
0.02252 -81.00
0.02253 -81.00
0.02254 -81.00
0.02255 -81.00
0.02256 -81.00
0.02257 -81.00
0.02258 -81.00
0.02259 -81.00
0.02260 -81.00
0.02261 -81.00
0.02262 -81.00
0.02263 -81.00
0.02264 -81.00
0.02265 -81.00
0.02266 -81.00
0.02267 -81.00
0.02268 -81.00
0.02269 -81.00
0.02270 -80.99
0.02271 -80.99
0.02272 -80.99
0.02273 -80.99
0.02274 -80.99
0.02275 -80.99
0.02276 -80.99
0.02277 -80.99
0.02278 -80.99
0.02279 -80.99
0.02280 -80.99
0.02281 -80.99
0.02282 -80.99
0.02283 -80.99
0.02284 -80.99
0.02285 -80.99
0.02286 -80.99
0.02287 -80.99
0.02288 -80.99
0.02289 -80.99
0.02290 -80.99
0.02291 -80.99
0.02292 -80.99
0.02293 -80.99
0.02294 -80.99
0.02295 -80.99
0.02296 -80.99
0.02297 -80.99
0.02298 -80.99
0.02299 -80.99
0.02300 -80.99
0.02301 -80.99
0.02302 -80.98
0.02303 -80.98
0.02304 -80.98
0.02305 -80.98
0.02306 -80.98
0.02307 -80.98
0.02308 -80.98
0.02309 -80.98
0.02310 -80.98
0.02311 -80.98
0.02312 -80.98
0.02313 -80.98
0.02314 -80.98
0.02315 -80.98
0.02316 -80.98
0.02317 -80.98
0.02318 -80.98
0.02319 -80.98
0.02320 -80.98
0.02321 -80.98
0.02322 -80.98
0.02323 -80.98
0.02324 -80.98
0.02325 -80.98
0.02326 -80.98
0.02327 -80.98
0.02328 -80.98
0.02329 -80.98
0.02330 -80.98
0.02331 -80.98
0.02332 -80.98
0.02333 -80.98
0.02334 -80.98
0.02335 -80.98
0.02336 -80.97
0.02337 -80.97
0.02338 -80.97
0.02339 -80.97
0.02340 -80.97
0.02341 -80.97
0.02342 -80.97
0.02343 -80.97
0.02344 -80.97
0.02345 -80.97
0.02346 -80.97
0.02347 -80.97
0.02348 -80.97
0.02349 -80.97
0.02350 -80.97
0.02351 -80.97
0.02352 -80.97
0.02353 -80.97
0.02354 -80.97
0.02355 -80.97
0.02356 -80.97
0.02357 -80.97
0.02358 -80.97
0.02359 -80.97
0.02360 -80.97
0.02361 -80.97
0.02362 -80.97
0.02363 -80.97
0.02364 -80.97
0.02365 -80.97
0.02366 -80.97
0.02367 -80.97
0.02368 -80.97
0.02369 -80.97
0.02370 -80.97
0.02371 -80.97
0.02372 -80.96
0.02373 -80.96
0.02374 -80.96
0.02375 -80.96
0.02376 -80.96
0.02377 -80.96
0.02378 -80.96
0.02379 -80.96
0.02380 -80.96
0.02381 -80.96
0.02382 -80.96
0.02383 -80.96
0.02384 -80.96
0.02385 -80.96
0.02386 -80.96
0.02387 -80.96
0.02388 -80.96
0.02389 -80.96
0.02390 -80.96
0.02391 -80.96
0.02392 -80.96
0.02393 -80.96
0.02394 -80.96
0.02395 -80.96
0.02396 -80.96
0.02397 -80.96
0.02398 -80.96
0.02399 -80.96
0.02400 -80.96
0.02401 -80.96
0.02402 -80.96
0.02403 -80.96
0.02404 -80.96
0.02405 -80.96
0.02406 -80.96
0.02407 -80.96
0.02408 -80.96
0.02409 -80.96
0.02410 -80.96
0.02411 -80.95
0.02412 -80.95
0.02413 -80.95
0.02414 -80.95
0.02415 -80.95
0.02416 -80.95
0.02417 -80.95
0.02418 -80.95
0.02419 -80.95
0.02420 -80.95
0.02421 -80.95
0.02422 -80.95
0.02423 -80.95
0.02424 -80.95
0.02425 -80.95
0.02426 -80.95
0.02427 -80.95
0.02428 -80.95
0.02429 -80.95
0.02430 -80.95
0.02431 -80.95
0.02432 -80.95
0.02433 -80.95
0.02434 -80.95
0.02435 -80.95
0.02436 -80.95
0.02437 -80.95
0.02438 -80.95
0.02439 -80.95
0.02440 -80.95
0.02441 -80.95
0.02442 -80.95
0.02443 -80.95
0.02444 -80.95
0.02445 -80.95
0.02446 -80.95
0.02447 -80.95
0.02448 -80.95
0.02449 -80.95
0.02450 -80.95
0.02451 -80.95
0.02452 -80.95
0.02453 -80.94
0.02454 -80.94
0.02455 -80.94
0.02456 -80.94
0.02457 -80.94
0.02458 -80.94
0.02459 -80.94
0.02460 -80.94
0.02461 -80.94
0.02462 -80.94
0.02463 -80.94
0.02464 -80.94
0.02465 -80.94
0.02466 -80.94
0.02467 -80.94
0.02468 -80.94
0.02469 -80.94
0.02470 -80.94
0.02471 -80.94
0.02472 -80.94
0.02473 -80.94
0.02474 -80.94
0.02475 -80.94
0.02476 -80.94
0.02477 -80.94
0.02478 -80.94
0.02479 -80.94
0.02480 -80.94
0.02481 -80.94
0.02482 -80.94
0.02483 -80.94
0.02484 -80.94
0.02485 -80.94
0.02486 -80.94
0.02487 -80.94
0.02488 -80.94
0.02489 -80.94
0.02490 -80.94
0.02491 -80.94
0.02492 -80.94
0.02493 -80.94
0.02494 -80.94
0.02495 -80.94
0.02496 -80.94
0.02497 -80.94
0.02498 -80.93
0.02499 -80.93
0.02500 -80.93
0.02501 -80.93
0.02502 -80.93
0.02503 -80.93
0.02504 -80.93
0.02505 -80.93
0.02506 -80.93
0.02507 -80.93
0.02508 -80.93
0.02509 -80.93
0.02510 -80.93
0.02511 -80.93
0.02512 -80.93
0.02513 -80.93
0.02514 -80.93
0.02515 -80.93
0.02516 -80.93
0.02517 -80.93
0.02518 -80.93
0.02519 -80.93
0.02520 -80.93
0.02521 -80.93
0.02522 -80.93
0.02523 -80.93
0.02524 -80.93
0.02525 -80.93
0.02526 -80.93
0.02527 -80.93
0.02528 -80.93
0.02529 -80.93
0.02530 -80.93
0.02531 -80.93
0.02532 -80.93
0.02533 -80.93
0.02534 -80.93
0.02535 -80.93
0.02536 -80.93
0.02537 -80.93
0.02538 -80.93
0.02539 -80.93
0.02540 -80.93
0.02541 -80.93
0.02542 -80.93
0.02543 -80.93
0.02544 -80.93
0.02545 -80.93
0.02546 -80.93
0.02547 -80.93
0.02548 -80.92
0.02549 -80.92
0.02550 -80.92
0.02551 -80.92
0.02552 -80.92
0.02553 -80.92
0.02554 -80.92
0.02555 -80.92
0.02556 -80.92
0.02557 -80.92
0.02558 -80.92
0.02559 -80.92
0.02560 -80.92
0.02561 -80.92
0.02562 -80.92
0.02563 -80.92
0.02564 -80.92
0.02565 -80.92
0.02566 -80.92
0.02567 -80.92
0.02568 -80.92
0.02569 -80.92
0.02570 -80.92
0.02571 -80.92
0.02572 -80.92
0.02573 -80.92
0.02574 -80.92
0.02575 -80.92
0.02576 -80.92
0.02577 -80.92
0.02578 -80.92
0.02579 -80.92
0.02580 -80.92
0.02581 -80.92
0.02582 -80.92
0.02583 -80.92
0.02584 -80.92
0.02585 -80.92
0.02586 -80.92
0.02587 -80.92
0.02588 -80.92
0.02589 -80.92
0.02590 -80.92
0.02591 -80.92
0.02592 -80.92
0.02593 -80.92
0.02594 -80.92
0.02595 -80.92
0.02596 -80.92
0.02597 -80.92
0.02598 -80.92
0.02599 -80.92
0.02600 -80.92
0.02601 -80.91
0.02602 -80.91
0.02603 -80.91
0.02604 -80.91
0.02605 -80.91
0.02606 -80.91
0.02607 -80.91
0.02608 -80.91
0.02609 -80.91
0.02610 -80.91
0.02611 -80.91
0.02612 -80.91
0.02613 -80.91
0.02614 -80.91
0.02615 -80.91
0.02616 -80.91
0.02617 -80.91
0.02618 -80.91
0.02619 -80.91
0.02620 -80.91
0.02621 -80.91
0.02622 -80.91
0.02623 -80.91
0.02624 -80.91
0.02625 -80.91
0.02626 -80.91
0.02627 -80.91
0.02628 -80.91
0.02629 -80.91
0.02630 -80.91
0.02631 -80.91
0.02632 -80.91
0.02633 -80.91
0.02634 -80.91
0.02635 -80.91
0.02636 -80.91
0.02637 -80.91
0.02638 -80.91
0.02639 -80.91
0.02640 -80.91
0.02641 -80.91
0.02642 -80.91
0.02643 -80.91
0.02644 -80.91
0.02645 -80.91
0.02646 -80.91
0.02647 -80.91
0.02648 -80.91
0.02649 -80.91
0.02650 -80.91
0.02651 -80.91
0.02652 -80.91
0.02653 -80.91
0.02654 -80.91
0.02655 -80.91
0.02656 -80.91
0.02657 -80.91
0.02658 -80.91
0.02659 -80.91
0.02660 -80.91
0.02661 -80.90
0.02662 -80.90
0.02663 -80.90
0.02664 -80.90
0.02665 -80.90
0.02666 -80.90
0.02667 -80.90
0.02668 -80.90
0.02669 -80.90
0.02670 -80.90
0.02671 -80.90
0.02672 -80.90
0.02673 -80.90
0.02674 -80.90
0.02675 -80.90
0.02676 -80.90
0.02677 -80.90
0.02678 -80.90
0.02679 -80.90
0.02680 -80.90
0.02681 -80.90
0.02682 -80.90
0.02683 -80.90
0.02684 -80.90
0.02685 -80.90
0.02686 -80.90
0.02687 -80.90
0.02688 -80.90
0.02689 -80.90
0.02690 -80.90
0.02691 -80.90
0.02692 -80.90
0.02693 -80.90
0.02694 -80.90
0.02695 -80.90
0.02696 -80.90
0.02697 -80.90
0.02698 -80.90
0.02699 -80.90
0.02700 -80.90
0.02701 -80.90
0.02702 -80.90
0.02703 -80.90
0.02704 -80.90
0.02705 -80.90
0.02706 -80.90
0.02707 -80.90
0.02708 -80.90
0.02709 -80.90
0.02710 -80.90
0.02711 -80.90
0.02712 -80.90
0.02713 -80.90
0.02714 -80.90
0.02715 -80.90
0.02716 -80.90
0.02717 -80.90
0.02718 -80.90
0.02719 -80.90
0.02720 -80.90
0.02721 -80.90
0.02722 -80.90
0.02723 -80.90
0.02724 -80.90
0.02725 -80.90
0.02726 -80.90
0.02727 -80.89
0.02728 -80.89
0.02729 -80.89
0.02730 -80.89
0.02731 -80.89
0.02732 -80.89
0.02733 -80.89
0.02734 -80.89
0.02735 -80.89
0.02736 -80.89
0.02737 -80.89
0.02738 -80.89
0.02739 -80.89
0.02740 -80.89
0.02741 -80.89
0.02742 -80.89
0.02743 -80.89
0.02744 -80.89
0.02745 -80.89
0.02746 -80.89
0.02747 -80.89
0.02748 -80.89
0.02749 -80.89
0.02750 -80.89
0.02751 -80.89
0.02752 -80.89
0.02753 -80.89
0.02754 -80.89
0.02755 -80.89
0.02756 -80.89
0.02757 -80.89
0.02758 -80.89
0.02759 -80.89
0.02760 -80.89
0.02761 -80.89
0.02762 -80.89
0.02763 -80.89
0.02764 -80.89
0.02765 -80.89
0.02766 -80.89
0.02767 -80.89
0.02768 -80.89
0.02769 -80.89
0.02770 -80.89
0.02771 -80.89
0.02772 -80.89
0.02773 -80.89
0.02774 -80.89
0.02775 -80.89
0.02776 -80.89
0.02777 -80.89
0.02778 -80.89
0.02779 -80.89
0.02780 -80.89
0.02781 -80.89
0.02782 -80.89
0.02783 -80.89
0.02784 -80.89
0.02785 -80.89
0.02786 -80.89
0.02787 -80.89
0.02788 -80.89
0.02789 -80.89
0.02790 -80.89
0.02791 -80.89
0.02792 -80.89
0.02793 -80.89
0.02794 -80.89
0.02795 -80.89
0.02796 -80.89
0.02797 -80.89
0.02798 -80.89
0.02799 -80.89
0.02800 -80.89
0.02801 -80.89
0.02802 -80.88
0.02803 -80.88
0.02804 -80.88
0.02805 -80.88
0.02806 -80.88
0.02807 -80.88
0.02808 -80.88
0.02809 -80.88
0.02810 -80.88
0.02811 -80.88
0.02812 -80.88
0.02813 -80.88
0.02814 -80.88
0.02815 -80.88
0.02816 -80.88
0.02817 -80.88
0.02818 -80.88
0.02819 -80.88
0.02820 -80.88
0.02821 -80.88
0.02822 -80.88
0.02823 -80.88
0.02824 -80.88
0.02825 -80.88
0.02826 -80.88
0.02827 -80.88
0.02828 -80.88
0.02829 -80.88
0.02830 -80.88
0.02831 -80.88
0.02832 -80.88
0.02833 -80.88
0.02834 -80.88
0.02835 -80.88
0.02836 -80.88
0.02837 -80.88
0.02838 -80.88
0.02839 -80.88
0.02840 -80.88
0.02841 -80.88
0.02842 -80.88
0.02843 -80.88
0.02844 -80.88
0.02845 -80.88
0.02846 -80.88
0.02847 -80.88
0.02848 -80.88
0.02849 -80.88
0.02850 -80.88
0.02851 -80.88
0.02852 -80.88
0.02853 -80.88
0.02854 -80.88
0.02855 -80.88
0.02856 -80.88
0.02857 -80.88
0.02858 -80.88
0.02859 -80.88
0.02860 -80.88
0.02861 -80.88
0.02862 -80.88
0.02863 -80.88
0.02864 -80.88
0.02865 -80.88
0.02866 -80.88
0.02867 -80.88
0.02868 -80.88
0.02869 -80.88
0.02870 -80.88
0.02871 -80.88
0.02872 -80.88
0.02873 -80.88
0.02874 -80.88
0.02875 -80.88
0.02876 -80.88
0.02877 -80.88
0.02878 -80.88
0.02879 -80.88
0.02880 -80.88
0.02881 -80.88
0.02882 -80.88
0.02883 -80.88
0.02884 -80.88
0.02885 -80.88
0.02886 -80.88
0.02887 -80.87
0.02888 -80.87
0.02889 -80.87
0.02890 -80.87
0.02891 -80.87
0.02892 -80.87
0.02893 -80.87
0.02894 -80.87
0.02895 -80.87
0.02896 -80.87
0.02897 -80.87
0.02898 -80.87
0.02899 -80.87
0.02900 -80.87
0.02901 -80.87
0.02902 -80.87
0.02903 -80.87
0.02904 -80.87
0.02905 -80.87
0.02906 -80.87
0.02907 -80.87
0.02908 -80.87
0.02909 -80.87
0.02910 -80.87
0.02911 -80.87
0.02912 -80.87
0.02913 -80.87
0.02914 -80.87
0.02915 -80.87
0.02916 -80.87
0.02917 -80.87
0.02918 -80.87
0.02919 -80.87
0.02920 -80.87
0.02921 -80.87
0.02922 -80.87
0.02923 -80.87
0.02924 -80.87
0.02925 -80.87
0.02926 -80.87
0.02927 -80.87
0.02928 -80.87
0.02929 -80.87
0.02930 -80.87
0.02931 -80.87
0.02932 -80.87
0.02933 -80.87
0.02934 -80.87
0.02935 -80.87
0.02936 -80.87
0.02937 -80.87
0.02938 -80.87
0.02939 -80.87
0.02940 -80.87
0.02941 -80.87
0.02942 -80.87
0.02943 -80.87
0.02944 -80.87
0.02945 -80.87
0.02946 -80.87
0.02947 -80.87
0.02948 -80.87
0.02949 -80.87
0.02950 -80.87
0.02951 -80.87
0.02952 -80.87
0.02953 -80.87
0.02954 -80.87
0.02955 -80.87
0.02956 -80.87
0.02957 -80.87
0.02958 -80.87
0.02959 -80.87
0.02960 -80.87
0.02961 -80.87
0.02962 -80.87
0.02963 -80.87
0.02964 -80.87
0.02965 -80.87
0.02966 -80.87
0.02967 -80.87
0.02968 -80.87
0.02969 -80.87
0.02970 -80.87
0.02971 -80.87
0.02972 -80.87
0.02973 -80.87
0.02974 -80.87
0.02975 -80.87
0.02976 -80.87
0.02977 -80.87
0.02978 -80.87
0.02979 -80.87
0.02980 -80.87
0.02981 -80.87
0.02982 -80.87
0.02983 -80.87
0.02984 -80.87
0.02985 -80.87
0.02986 -80.86
0.02987 -80.86
0.02988 -80.86
0.02989 -80.86
0.02990 -80.86
0.02991 -80.86
0.02992 -80.86
0.02993 -80.86
0.02994 -80.86
0.02995 -80.86
0.02996 -80.86
0.02997 -80.86
0.02998 -80.86
0.02999 -80.86
